	HAU.prot	JGIv1.prot	JGIv2.prot	Total
OG0000000	220	2	83	305
OG0000001	113	1	49	163
OG0000002	58	60	37	155
OG0000003	4	2	122	128
OG0000004	54	40	21	115
OG0000005	5	3	106	114
OG0000006	29	41	36	106
OG0000007	3	4	87	94
OG0000008	33	36	24	93
OG0000009	26	38	28	92
OG0000010	2	0	86	88
OG0000011	0	1	74	75
OG0000012	72	0	2	74
OG0000013	18	34	19	71
OG0000014	16	28	26	70
OG0000015	21	25	24	70
OG0000016	38	27	2	67
OG0000017	7	3	55	65
OG0000018	13	30	22	65
OG0000019	1	2	61	64
OG0000020	22	22	15	59
OG0000021	15	22	22	59
OG0000022	7	1	48	56
OG0000023	13	24	17	54
OG0000024	18	19	16	53
OG0000025	15	36	0	51
OG0000026	30	18	0	48
OG0000027	19	15	13	47
OG0000028	3	0	44	47
OG0000029	18	16	12	46
OG0000030	20	20	6	46
OG0000031	34	9	2	45
OG0000032	13	16	15	44
OG0000033	15	16	13	44
OG0000034	16	16	12	44
OG0000035	18	14	11	43
OG0000036	12	15	16	43
OG0000037	18	22	2	42
OG0000038	11	18	13	42
OG0000039	13	18	11	42
OG0000040	13	15	14	42
OG0000041	2	38	2	42
OG0000042	11	22	8	41
OG0000043	22	13	6	41
OG0000044	19	18	4	41
OG0000045	14	15	11	40
OG0000046	14	16	10	40
OG0000047	11	16	13	40
OG0000048	14	14	11	39
OG0000049	16	13	10	39
OG0000050	19	13	6	38
OG0000051	12	13	13	38
OG0000052	14	12	12	38
OG0000053	18	12	8	38
OG0000054	18	12	8	38
OG0000055	15	17	6	38
OG0000056	8	14	15	37
OG0000057	3	0	34	37
OG0000058	13	12	12	37
OG0000059	18	13	6	37
OG0000060	18	13	6	37
OG0000061	11	17	9	37
OG0000062	10	15	12	37
OG0000063	2	0	35	37
OG0000064	11	17	8	36
OG0000065	12	13	11	36
OG0000066	9	14	13	36
OG0000067	23	11	2	36
OG0000068	10	15	10	35
OG0000069	14	17	4	35
OG0000070	10	14	11	35
OG0000071	13	12	10	35
OG0000072	15	18	2	35
OG0000073	9	15	11	35
OG0000074	18	11	6	35
OG0000075	16	17	2	35
OG0000076	21	11	2	34
OG0000077	15	9	10	34
OG0000078	15	12	7	34
OG0000079	11	12	11	34
OG0000080	7	14	13	34
OG0000081	7	0	27	34
OG0000082	3	0	31	34
OG0000083	16	12	6	34
OG0000084	6	7	21	34
OG0000085	8	18	8	34
OG0000086	14	14	6	34
OG0000087	1	0	33	34
OG0000088	11	12	10	33
OG0000089	18	13	2	33
OG0000090	7	14	12	33
OG0000091	12	13	8	33
OG0000092	6	2	25	33
OG0000093	10	12	11	33
OG0000094	11	12	10	33
OG0000095	14	16	3	33
OG0000096	2	0	31	33
OG0000097	16	3	13	32
OG0000098	10	11	11	32
OG0000099	15	14	3	32
OG0000100	15	9	8	32
OG0000101	11	13	8	32
OG0000102	28	2	2	32
OG0000103	13	13	6	32
OG0000104	10	11	11	32
OG0000105	16	9	7	32
OG0000106	13	17	2	32
OG0000107	14	13	4	31
OG0000108	10	13	8	31
OG0000109	12	11	8	31
OG0000110	23	6	2	31
OG0000111	10	12	9	31
OG0000112	11	11	9	31
OG0000113	15	8	8	31
OG0000114	13	12	6	31
OG0000115	11	16	4	31
OG0000116	7	12	12	31
OG0000117	29	0	2	31
OG0000118	11	16	4	31
OG0000119	9	18	4	31
OG0000120	11	18	2	31
OG0000121	11	13	6	30
OG0000122	16	10	4	30
OG0000123	17	9	4	30
OG0000124	8	12	10	30
OG0000125	9	12	9	30
OG0000126	10	10	10	30
OG0000127	11	12	7	30
OG0000128	11	11	8	30
OG0000129	13	11	6	30
OG0000130	11	18	1	30
OG0000131	13	11	6	30
OG0000132	9	0	21	30
OG0000133	7	11	12	30
OG0000134	8	14	8	30
OG0000135	1	0	29	30
OG0000136	17	11	2	30
OG0000137	9	10	10	29
OG0000138	17	0	12	29
OG0000139	12	10	7	29
OG0000140	10	11	8	29
OG0000141	9	11	9	29
OG0000142	10	9	10	29
OG0000143	9	12	8	29
OG0000144	11	10	8	29
OG0000145	20	8	1	29
OG0000146	13	10	6	29
OG0000147	11	12	6	29
OG0000148	7	12	10	29
OG0000149	12	10	7	29
OG0000150	16	11	2	29
OG0000151	3	26	0	29
OG0000152	10	11	7	28
OG0000153	22	4	2	28
OG0000154	12	10	6	28
OG0000155	9	9	10	28
OG0000156	10	7	11	28
OG0000157	20	6	2	28
OG0000158	8	10	10	28
OG0000159	12	8	8	28
OG0000160	13	9	6	28
OG0000161	16	10	2	28
OG0000162	10	12	6	28
OG0000163	14	9	5	28
OG0000164	16	8	4	28
OG0000165	6	11	11	28
OG0000166	17	7	4	28
OG0000167	11	10	7	28
OG0000168	11	9	8	28
OG0000169	6	2	20	28
OG0000170	14	12	2	28
OG0000171	16	9	3	28
OG0000172	9	11	8	28
OG0000173	7	11	10	28
OG0000174	13	13	2	28
OG0000175	4	0	24	28
OG0000176	10	16	2	28
OG0000177	9	15	4	28
OG0000178	18	6	4	28
OG0000179	10	14	4	28
OG0000180	21	0	7	28
OG0000181	15	11	2	28
OG0000182	14	9	4	27
OG0000183	9	8	10	27
OG0000184	12	9	6	27
OG0000185	10	9	8	27
OG0000186	11	10	6	27
OG0000187	13	11	3	27
OG0000188	17	8	2	27
OG0000189	11	11	5	27
OG0000190	11	9	7	27
OG0000191	8	11	8	27
OG0000192	12	11	4	27
OG0000193	10	9	8	27
OG0000194	8	11	8	27
OG0000195	10	13	4	27
OG0000196	7	10	10	27
OG0000197	11	9	7	27
OG0000198	10	13	4	27
OG0000199	12	9	6	27
OG0000200	9	10	8	27
OG0000201	9	9	9	27
OG0000202	10	9	8	27
OG0000203	8	10	9	27
OG0000204	11	14	2	27
OG0000205	3	23	1	27
OG0000206	18	7	2	27
OG0000207	8	10	9	27
OG0000208	6	13	8	27
OG0000209	16	5	6	27
OG0000210	15	10	2	27
OG0000211	7	10	10	27
OG0000212	1	4	22	27
OG0000213	20	5	2	27
OG0000214	1	0	26	27
OG0000215	11	9	6	26
OG0000216	10	10	6	26
OG0000217	12	12	2	26
OG0000218	9	8	9	26
OG0000219	10	8	8	26
OG0000220	9	6	11	26
OG0000221	8	9	9	26
OG0000222	10	9	7	26
OG0000223	8	10	8	26
OG0000224	6	10	10	26
OG0000225	4	11	11	26
OG0000226	10	10	6	26
OG0000227	2	0	24	26
OG0000228	11	9	6	26
OG0000229	7	12	7	26
OG0000230	9	9	8	26
OG0000231	12	12	2	26
OG0000232	12	8	6	26
OG0000233	16	6	4	26
OG0000234	7	8	11	26
OG0000235	7	11	8	26
OG0000236	7	10	9	26
OG0000237	15	9	2	26
OG0000238	3	1	22	26
OG0000239	9	9	8	26
OG0000240	7	10	9	26
OG0000241	13	11	2	26
OG0000242	22	2	2	26
OG0000243	16	9	1	26
OG0000244	23	2	1	26
OG0000245	8	10	8	26
OG0000246	7	10	8	25
OG0000247	9	10	6	25
OG0000248	11	9	5	25
OG0000249	9	15	1	25
OG0000250	8	9	8	25
OG0000251	9	9	7	25
OG0000252	17	6	2	25
OG0000253	7	12	6	25
OG0000254	7	10	8	25
OG0000255	8	9	8	25
OG0000256	6	11	8	25
OG0000257	10	11	4	25
OG0000258	10	8	7	25
OG0000259	8	7	10	25
OG0000260	7	13	5	25
OG0000261	9	14	2	25
OG0000262	8	9	8	25
OG0000263	8	11	6	25
OG0000264	12	8	5	25
OG0000265	4	13	8	25
OG0000266	10	9	6	25
OG0000267	9	9	7	25
OG0000268	11	8	6	25
OG0000269	20	3	2	25
OG0000270	9	11	5	25
OG0000271	15	8	2	25
OG0000272	9	11	5	25
OG0000273	8	9	8	25
OG0000274	12	9	4	25
OG0000275	7	7	11	25
OG0000276	6	17	2	25
OG0000277	6	11	8	25
OG0000278	12	9	4	25
OG0000279	10	13	2	25
OG0000280	1	21	3	25
OG0000281	8	8	8	24
OG0000282	8	8	8	24
OG0000283	7	9	8	24
OG0000284	10	1	13	24
OG0000285	6	10	8	24
OG0000286	7	9	8	24
OG0000287	13	7	4	24
OG0000288	6	10	8	24
OG0000289	5	10	9	24
OG0000290	11	9	4	24
OG0000291	6	12	6	24
OG0000292	2	0	22	24
OG0000293	4	11	9	24
OG0000294	8	10	6	24
OG0000295	6	8	10	24
OG0000296	7	11	6	24
OG0000297	9	8	7	24
OG0000298	11	11	2	24
OG0000299	8	10	6	24
OG0000300	8	8	8	24
OG0000301	7	8	9	24
OG0000302	14	5	5	24
OG0000303	8	9	7	24
OG0000304	8	8	8	24
OG0000305	13	7	4	24
OG0000306	9	10	5	24
OG0000307	12	10	2	24
OG0000308	11	8	5	24
OG0000309	5	13	6	24
OG0000310	3	17	4	24
OG0000311	7	8	9	24
OG0000312	10	12	2	24
OG0000313	9	9	6	24
OG0000314	15	5	4	24
OG0000315	10	12	2	24
OG0000316	13	9	2	24
OG0000317	16	6	2	24
OG0000318	13	9	2	24
OG0000319	17	3	4	24
OG0000320	10	10	4	24
OG0000321	4	8	12	24
OG0000322	3	13	8	24
OG0000323	3	4	17	24
OG0000324	8	12	3	23
OG0000325	7	8	8	23
OG0000326	10	7	6	23
OG0000327	9	12	2	23
OG0000328	11	12	0	23
OG0000329	9	8	6	23
OG0000330	9	8	6	23
OG0000331	11	8	4	23
OG0000332	8	10	5	23
OG0000333	2	18	3	23
OG0000334	7	8	8	23
OG0000335	8	10	5	23
OG0000336	6	11	6	23
OG0000337	11	8	4	23
OG0000338	8	9	6	23
OG0000339	7	10	6	23
OG0000340	7	10	6	23
OG0000341	8	9	6	23
OG0000342	6	9	8	23
OG0000343	8	9	6	23
OG0000344	8	9	6	23
OG0000345	12	7	4	23
OG0000346	7	11	5	23
OG0000347	8	11	4	23
OG0000348	6	11	6	23
OG0000349	1	0	22	23
OG0000350	5	12	6	23
OG0000351	13	8	2	23
OG0000352	6	9	8	23
OG0000353	6	11	6	23
OG0000354	6	10	7	23
OG0000355	6	9	8	23
OG0000356	1	12	10	23
OG0000357	11	10	2	23
OG0000358	11	10	2	23
OG0000359	6	9	8	23
OG0000360	7	10	6	23
OG0000361	17	4	2	23
OG0000362	11	8	4	23
OG0000363	7	11	5	23
OG0000364	7	10	6	23
OG0000365	7	9	7	23
OG0000366	2	21	0	23
OG0000367	8	11	4	23
OG0000368	12	9	2	23
OG0000369	5	12	6	23
OG0000370	8	13	2	23
OG0000371	17	4	2	23
OG0000372	9	12	2	23
OG0000373	5	10	8	23
OG0000374	17	4	2	23
OG0000375	19	3	1	23
OG0000376	4	5	13	22
OG0000377	10	10	2	22
OG0000378	7	8	7	22
OG0000379	13	8	1	22
OG0000380	8	9	5	22
OG0000381	10	6	6	22
OG0000382	7	8	7	22
OG0000383	10	10	2	22
OG0000384	7	9	6	22
OG0000385	6	10	6	22
OG0000386	7	7	8	22
OG0000387	14	6	2	22
OG0000388	13	0	9	22
OG0000389	7	8	7	22
OG0000390	9	7	6	22
OG0000391	12	6	4	22
OG0000392	7	9	6	22
OG0000393	4	14	4	22
OG0000394	6	8	8	22
OG0000395	8	8	6	22
OG0000396	10	8	4	22
OG0000397	10	8	4	22
OG0000398	12	8	2	22
OG0000399	7	7	8	22
OG0000400	9	11	2	22
OG0000401	7	9	6	22
OG0000402	9	7	6	22
OG0000403	7	7	8	22
OG0000404	5	9	8	22
OG0000405	6	8	8	22
OG0000406	10	8	4	22
OG0000407	12	8	2	22
OG0000408	5	9	8	22
OG0000409	9	9	4	22
OG0000410	5	11	6	22
OG0000411	7	10	5	22
OG0000412	8	7	7	22
OG0000413	6	8	8	22
OG0000414	6	10	6	22
OG0000415	5	9	8	22
OG0000416	13	5	4	22
OG0000417	7	9	6	22
OG0000418	12	10	0	22
OG0000419	8	10	4	22
OG0000420	8	8	6	22
OG0000421	7	9	6	22
OG0000422	9	9	4	22
OG0000423	6	8	8	22
OG0000424	17	5	0	22
OG0000425	12	6	4	22
OG0000426	7	9	6	22
OG0000427	7	11	4	22
OG0000428	5	13	4	22
OG0000429	5	9	8	22
OG0000430	12	6	4	22
OG0000431	7	9	6	22
OG0000432	13	7	2	22
OG0000433	7	8	7	22
OG0000434	3	6	13	22
OG0000435	12	6	4	22
OG0000436	10	10	2	22
OG0000437	7	7	8	22
OG0000438	5	12	5	22
OG0000439	0	9	13	22
OG0000440	6	8	7	21
OG0000441	6	10	5	21
OG0000442	9	8	4	21
OG0000443	9	8	4	21
OG0000444	6	9	6	21
OG0000445	6	8	7	21
OG0000446	5	8	8	21
OG0000447	9	6	6	21
OG0000448	13	6	2	21
OG0000449	8	7	6	21
OG0000450	8	9	4	21
OG0000451	6	8	7	21
OG0000452	6	8	7	21
OG0000453	20	0	1	21
OG0000454	6	8	7	21
OG0000455	6	7	8	21
OG0000456	7	9	5	21
OG0000457	10	10	1	21
OG0000458	8	9	4	21
OG0000459	8	9	4	21
OG0000460	7	8	6	21
OG0000461	5	10	6	21
OG0000462	6	8	7	21
OG0000463	9	8	4	21
OG0000464	7	10	4	21
OG0000465	11	8	2	21
OG0000466	7	10	4	21
OG0000467	5	9	7	21
OG0000468	6	11	4	21
OG0000469	4	9	8	21
OG0000470	7	8	6	21
OG0000471	8	11	2	21
OG0000472	5	10	6	21
OG0000473	6	9	6	21
OG0000474	4	14	3	21
OG0000475	7	8	6	21
OG0000476	7	8	6	21
OG0000477	9	6	6	21
OG0000478	10	7	4	21
OG0000479	4	10	7	21
OG0000480	4	13	4	21
OG0000481	7	7	7	21
OG0000482	7	10	4	21
OG0000483	6	9	6	21
OG0000484	8	7	6	21
OG0000485	11	8	2	21
OG0000486	8	11	2	21
OG0000487	5	12	4	21
OG0000488	12	7	2	21
OG0000489	11	6	4	21
OG0000490	5	9	7	21
OG0000491	3	0	18	21
OG0000492	17	2	2	21
OG0000493	10	7	4	21
OG0000494	8	7	6	21
OG0000495	7	9	5	21
OG0000496	6	9	6	21
OG0000497	8	7	6	21
OG0000498	7	8	6	21
OG0000499	11	8	2	21
OG0000500	6	9	6	21
OG0000501	10	9	2	21
OG0000502	6	9	6	21
OG0000503	5	8	8	21
OG0000504	11	8	2	21
OG0000505	10	7	4	21
OG0000506	4	15	2	21
OG0000507	12	7	2	21
OG0000508	2	17	2	21
OG0000509	8	8	5	21
OG0000510	6	9	6	21
OG0000511	12	7	2	21
OG0000512	10	7	4	21
OG0000513	10	9	2	21
OG0000514	5	8	8	21
OG0000515	20	0	1	21
OG0000516	6	13	2	21
OG0000517	7	10	4	21
OG0000518	11	8	2	21
OG0000519	4	11	6	21
OG0000520	9	8	4	21
OG0000521	5	12	4	21
OG0000522	7	12	2	21
OG0000523	7	12	2	21
OG0000524	9	9	2	20
OG0000525	5	9	6	20
OG0000526	4	9	7	20
OG0000527	7	9	4	20
OG0000528	7	7	6	20
OG0000529	6	7	7	20
OG0000530	7	7	6	20
OG0000531	5	11	4	20
OG0000532	7	9	4	20
OG0000533	7	7	6	20
OG0000534	7	7	6	20
OG0000535	8	6	6	20
OG0000536	7	7	6	20
OG0000537	9	9	2	20
OG0000538	7	7	6	20
OG0000539	10	6	4	20
OG0000540	6	7	7	20
OG0000541	6	8	6	20
OG0000542	7	11	2	20
OG0000543	5	8	7	20
OG0000544	7	6	7	20
OG0000545	7	7	6	20
OG0000546	13	0	7	20
OG0000547	8	8	4	20
OG0000548	10	8	2	20
OG0000549	11	5	4	20
OG0000550	6	8	6	20
OG0000551	13	3	4	20
OG0000552	8	6	6	20
OG0000553	10	7	3	20
OG0000554	6	7	7	20
OG0000555	12	6	2	20
OG0000556	6	7	7	20
OG0000557	9	10	1	20
OG0000558	6	7	7	20
OG0000559	7	7	6	20
OG0000560	6	7	7	20
OG0000561	4	8	8	20
OG0000562	7	7	6	20
OG0000563	10	9	1	20
OG0000564	8	6	6	20
OG0000565	7	11	2	20
OG0000566	12	6	2	20
OG0000567	7	7	6	20
OG0000568	4	12	4	20
OG0000569	6	7	7	20
OG0000570	7	9	4	20
OG0000571	10	6	4	20
OG0000572	7	7	6	20
OG0000573	10	8	2	20
OG0000574	9	9	2	20
OG0000575	12	6	2	20
OG0000576	6	6	8	20
OG0000577	5	3	12	20
OG0000578	14	4	2	20
OG0000579	8	6	6	20
OG0000580	8	8	4	20
OG0000581	8	6	6	20
OG0000582	5	9	6	20
OG0000583	11	7	2	20
OG0000584	8	10	2	20
OG0000585	8	10	2	20
OG0000586	5	13	2	20
OG0000587	16	3	1	20
OG0000588	6	9	5	20
OG0000589	10	8	2	20
OG0000590	8	6	6	20
OG0000591	14	4	2	20
OG0000592	12	6	2	20
OG0000593	5	9	6	20
OG0000594	8	10	2	20
OG0000595	13	5	2	20
OG0000596	7	11	2	20
OG0000597	12	6	2	20
OG0000598	9	9	2	20
OG0000599	6	12	2	20
OG0000600	5	7	7	19
OG0000601	4	11	4	19
OG0000602	6	7	6	19
OG0000603	6	7	6	19
OG0000604	11	6	2	19
OG0000605	8	8	3	19
OG0000606	5	8	6	19
OG0000607	17	1	1	19
OG0000608	5	7	7	19
OG0000609	6	7	6	19
OG0000610	7	8	4	19
OG0000611	5	12	2	19
OG0000612	7	6	6	19
OG0000613	6	9	4	19
OG0000614	11	6	2	19
OG0000615	5	8	6	19
OG0000616	7	11	1	19
OG0000617	7	8	4	19
OG0000618	8	5	6	19
OG0000619	7	6	6	19
OG0000620	6	7	6	19
OG0000621	6	7	6	19
OG0000622	7	8	4	19
OG0000623	8	6	5	19
OG0000624	8	5	6	19
OG0000625	15	1	3	19
OG0000626	6	7	6	19
OG0000627	9	6	4	19
OG0000628	3	12	4	19
OG0000629	5	8	6	19
OG0000630	10	8	1	19
OG0000631	5	10	4	19
OG0000632	5	10	4	19
OG0000633	10	7	2	19
OG0000634	1	6	12	19
OG0000635	4	8	7	19
OG0000636	4	9	6	19
OG0000637	8	6	5	19
OG0000638	5	8	6	19
OG0000639	10	9	0	19
OG0000640	8	7	4	19
OG0000641	12	5	2	19
OG0000642	11	6	2	19
OG0000643	5	8	6	19
OG0000644	6	9	4	19
OG0000645	5	10	4	19
OG0000646	5	8	6	19
OG0000647	5	6	8	19
OG0000648	15	1	3	19
OG0000649	9	6	4	19
OG0000650	6	7	6	19
OG0000651	5	8	6	19
OG0000652	7	8	4	19
OG0000653	4	11	4	19
OG0000654	3	10	6	19
OG0000655	9	8	2	19
OG0000656	6	9	4	19
OG0000657	10	7	2	19
OG0000658	10	5	4	19
OG0000659	7	8	4	19
OG0000660	5	10	4	19
OG0000661	7	8	4	19
OG0000662	7	7	5	19
OG0000663	12	5	2	19
OG0000664	7	10	2	19
OG0000665	11	6	2	19
OG0000666	2	15	2	19
OG0000667	6	7	6	19
OG0000668	7	8	4	19
OG0000669	6	7	6	19
OG0000670	7	6	6	19
OG0000671	13	4	2	19
OG0000672	10	5	4	19
OG0000673	8	7	4	19
OG0000674	4	2	13	19
OG0000675	7	6	6	19
OG0000676	5	12	2	19
OG0000677	8	6	5	19
OG0000678	9	6	4	19
OG0000679	7	6	6	19
OG0000680	8	9	2	19
OG0000681	6	9	4	19
OG0000682	4	11	4	19
OG0000683	7	8	4	19
OG0000684	6	2	11	19
OG0000685	8	9	2	19
OG0000686	7	6	6	19
OG0000687	7	7	5	19
OG0000688	8	7	4	19
OG0000689	8	7	4	19
OG0000690	6	8	5	19
OG0000691	7	6	6	19
OG0000692	5	8	6	19
OG0000693	11	4	4	19
OG0000694	8	9	2	19
OG0000695	6	7	6	19
OG0000696	6	9	4	19
OG0000697	17	1	1	19
OG0000698	5	12	2	19
OG0000699	10	7	2	19
OG0000700	7	7	5	19
OG0000701	4	14	1	19
OG0000702	6	11	2	19
OG0000703	3	1	15	19
OG0000704	1	11	7	19
OG0000705	5	10	3	18
OG0000706	8	6	4	18
OG0000707	4	8	6	18
OG0000708	5	7	6	18
OG0000709	6	6	6	18
OG0000710	5	7	6	18
OG0000711	6	6	6	18
OG0000712	6	6	6	18
OG0000713	5	7	6	18
OG0000714	6	6	6	18
OG0000715	6	6	6	18
OG0000716	11	3	4	18
OG0000717	6	6	6	18
OG0000718	6	6	6	18
OG0000719	10	6	2	18
OG0000720	8	8	2	18
OG0000721	10	6	2	18
OG0000722	6	6	6	18
OG0000723	5	8	5	18
OG0000724	6	6	6	18
OG0000725	7	9	2	18
OG0000726	5	7	6	18
OG0000727	4	7	7	18
OG0000728	11	5	2	18
OG0000729	5	9	4	18
OG0000730	6	6	6	18
OG0000731	5	7	6	18
OG0000732	7	9	2	18
OG0000733	6	6	6	18
OG0000734	8	4	6	18
OG0000735	5	7	6	18
OG0000736	8	5	5	18
OG0000737	7	9	2	18
OG0000738	5	7	6	18
OG0000739	7	7	4	18
OG0000740	7	9	2	18
OG0000741	5	7	6	18
OG0000742	7	9	2	18
OG0000743	7	6	5	18
OG0000744	5	7	6	18
OG0000745	7	9	2	18
OG0000746	6	6	6	18
OG0000747	4	10	4	18
OG0000748	6	8	4	18
OG0000749	8	5	5	18
OG0000750	6	6	6	18
OG0000751	8	6	4	18
OG0000752	12	4	2	18
OG0000753	9	5	4	18
OG0000754	4	10	4	18
OG0000755	3	11	4	18
OG0000756	11	7	0	18
OG0000757	3	10	5	18
OG0000758	5	7	6	18
OG0000759	6	6	6	18
OG0000760	5	9	4	18
OG0000761	17	0	1	18
OG0000762	6	6	6	18
OG0000763	8	8	2	18
OG0000764	5	7	6	18
OG0000765	12	4	2	18
OG0000766	6	6	6	18
OG0000767	5	7	6	18
OG0000768	8	6	4	18
OG0000769	6	8	4	18
OG0000770	7	7	4	18
OG0000771	6	8	4	18
OG0000772	6	10	2	18
OG0000773	10	6	2	18
OG0000774	10	6	2	18
OG0000775	8	8	2	18
OG0000776	10	6	2	18
OG0000777	8	6	4	18
OG0000778	7	9	2	18
OG0000779	9	5	4	18
OG0000780	7	7	4	18
OG0000781	8	5	5	18
OG0000782	11	5	2	18
OG0000783	5	7	6	18
OG0000784	6	6	6	18
OG0000785	8	6	4	18
OG0000786	8	7	3	18
OG0000787	9	5	4	18
OG0000788	7	9	2	18
OG0000789	7	7	4	18
OG0000790	1	1	16	18
OG0000791	7	9	2	18
OG0000792	6	7	5	18
OG0000793	4	10	4	18
OG0000794	6	8	4	18
OG0000795	6	10	2	18
OG0000796	5	9	4	18
OG0000797	6	6	6	18
OG0000798	5	8	5	18
OG0000799	9	7	2	18
OG0000800	6	7	5	18
OG0000801	9	7	2	18
OG0000802	5	7	6	18
OG0000803	6	6	6	18
OG0000804	7	7	4	18
OG0000805	5	7	6	18
OG0000806	6	6	6	18
OG0000807	6	8	4	18
OG0000808	8	8	2	18
OG0000809	11	4	3	18
OG0000810	5	7	6	18
OG0000811	10	6	2	18
OG0000812	8	6	4	18
OG0000813	6	6	6	18
OG0000814	6	6	6	18
OG0000815	4	7	7	18
OG0000816	6	9	3	18
OG0000817	5	9	4	18
OG0000818	4	8	6	18
OG0000819	6	10	2	18
OG0000820	7	9	2	18
OG0000821	9	7	2	18
OG0000822	5	6	7	18
OG0000823	6	8	4	18
OG0000824	9	7	2	18
OG0000825	8	8	2	18
OG0000826	12	5	1	18
OG0000827	8	6	4	18
OG0000828	15	1	2	18
OG0000829	3	11	4	18
OG0000830	9	7	2	18
OG0000831	11	5	2	18
OG0000832	6	9	3	18
OG0000833	5	7	6	18
OG0000834	6	8	4	18
OG0000835	4	10	4	18
OG0000836	8	6	4	18
OG0000837	8	8	2	18
OG0000838	6	8	4	18
OG0000839	4	10	4	18
OG0000840	5	7	6	18
OG0000841	5	11	2	18
OG0000842	2	15	1	18
OG0000843	10	7	1	18
OG0000844	6	4	8	18
OG0000845	9	7	2	18
OG0000846	6	5	7	18
OG0000847	7	7	4	18
OG0000848	2	11	5	18
OG0000849	2	14	2	18
OG0000850	6	8	4	18
OG0000851	17	0	1	18
OG0000852	8	8	2	18
OG0000853	2	7	9	18
OG0000854	4	7	6	17
OG0000855	5	6	6	17
OG0000856	4	7	6	17
OG0000857	5	6	6	17
OG0000858	6	7	4	17
OG0000859	13	2	2	17
OG0000860	7	6	4	17
OG0000861	2	0	15	17
OG0000862	5	6	6	17
OG0000863	9	6	2	17
OG0000864	5	6	6	17
OG0000865	5	6	6	17
OG0000866	7	7	3	17
OG0000867	5	6	6	17
OG0000868	6	5	6	17
OG0000869	6	9	2	17
OG0000870	4	8	5	17
OG0000871	5	6	6	17
OG0000872	4	7	6	17
OG0000873	6	5	6	17
OG0000874	4	7	6	17
OG0000875	14	1	2	17
OG0000876	5	6	6	17
OG0000877	10	5	2	17
OG0000878	7	6	4	17
OG0000879	6	5	6	17
OG0000880	13	2	2	17
OG0000881	5	6	6	17
OG0000882	5	8	4	17
OG0000883	6	5	6	17
OG0000884	5	10	2	17
OG0000885	7	8	2	17
OG0000886	5	6	6	17
OG0000887	9	6	2	17
OG0000888	5	8	4	17
OG0000889	4	9	4	17
OG0000890	7	9	1	17
OG0000891	6	5	6	17
OG0000892	7	8	2	17
OG0000893	7	8	2	17
OG0000894	3	10	4	17
OG0000895	13	2	2	17
OG0000896	7	6	4	17
OG0000897	14	2	1	17
OG0000898	4	7	6	17
OG0000899	6	4	7	17
OG0000900	3	10	4	17
OG0000901	1	1	15	17
OG0000902	5	6	6	17
OG0000903	9	6	2	17
OG0000904	6	7	4	17
OG0000905	5	7	5	17
OG0000906	8	5	4	17
OG0000907	5	10	2	17
OG0000908	7	6	4	17
OG0000909	4	11	2	17
OG0000910	6	7	4	17
OG0000911	9	6	2	17
OG0000912	5	6	6	17
OG0000913	8	5	4	17
OG0000914	6	7	4	17
OG0000915	7	6	4	17
OG0000916	7	9	1	17
OG0000917	5	10	2	17
OG0000918	11	4	2	17
OG0000919	6	5	6	17
OG0000920	4	9	4	17
OG0000921	5	6	6	17
OG0000922	5	6	6	17
OG0000923	6	7	4	17
OG0000924	2	13	2	17
OG0000925	7	8	2	17
OG0000926	8	7	2	17
OG0000927	7	8	2	17
OG0000928	6	9	2	17
OG0000929	2	13	2	17
OG0000930	7	8	2	17
OG0000931	10	5	2	17
OG0000932	5	6	6	17
OG0000933	5	6	6	17
OG0000934	7	6	4	17
OG0000935	4	7	6	17
OG0000936	3	8	6	17
OG0000937	11	4	2	17
OG0000938	4	10	3	17
OG0000939	4	9	4	17
OG0000940	4	7	6	17
OG0000941	9	4	4	17
OG0000942	8	7	2	17
OG0000943	6	6	5	17
OG0000944	4	9	4	17
OG0000945	9	6	2	17
OG0000946	12	3	2	17
OG0000947	6	7	4	17
OG0000948	6	9	2	17
OG0000949	6	7	4	17
OG0000950	5	6	6	17
OG0000951	5	6	6	17
OG0000952	7	6	4	17
OG0000953	7	6	4	17
OG0000954	4	11	2	17
OG0000955	9	6	2	17
OG0000956	8	5	4	17
OG0000957	8	5	4	17
OG0000958	9	6	2	17
OG0000959	4	11	2	17
OG0000960	5	6	6	17
OG0000961	8	5	4	17
OG0000962	6	8	3	17
OG0000963	6	7	4	17
OG0000964	4	7	6	17
OG0000965	6	6	5	17
OG0000966	5	6	6	17
OG0000967	7	6	4	17
OG0000968	5	6	6	17
OG0000969	6	7	4	17
OG0000970	8	5	4	17
OG0000971	9	6	2	17
OG0000972	7	8	2	17
OG0000973	5	7	5	17
OG0000974	8	7	2	17
OG0000975	10	5	2	17
OG0000976	4	11	2	17
OG0000977	3	9	5	17
OG0000978	6	6	5	17
OG0000979	5	8	4	17
OG0000980	4	7	6	17
OG0000981	9	6	2	17
OG0000982	6	5	6	17
OG0000983	5	8	4	17
OG0000984	5	5	7	17
OG0000985	11	4	2	17
OG0000986	11	4	2	17
OG0000987	8	5	4	17
OG0000988	6	5	6	17
OG0000989	12	4	1	17
OG0000990	9	6	2	17
OG0000991	6	6	5	17
OG0000992	10	5	2	17
OG0000993	5	8	4	17
OG0000994	9	6	2	17
OG0000995	4	7	6	17
OG0000996	6	9	2	17
OG0000997	11	4	2	17
OG0000998	8	7	2	17
OG0000999	4	7	6	17
OG0001000	7	6	4	17
OG0001001	6	7	4	17
OG0001002	9	6	2	17
OG0001003	11	4	2	17
OG0001004	10	5	2	17
OG0001005	6	9	2	17
OG0001006	5	8	4	17
OG0001007	5	5	7	17
OG0001008	10	5	2	17
OG0001009	11	4	2	17
OG0001010	10	5	2	17
OG0001011	8	6	3	17
OG0001012	3	13	1	17
OG0001013	3	12	2	17
OG0001014	10	5	2	17
OG0001015	3	12	2	17
OG0001016	0	4	13	17
OG0001017	0	0	17	17
OG0001018	8	7	1	16
OG0001019	5	7	4	16
OG0001020	8	4	4	16
OG0001021	6	6	4	16
OG0001022	6	8	2	16
OG0001023	7	7	2	16
OG0001024	5	5	6	16
OG0001025	12	0	4	16
OG0001026	13	2	1	16
OG0001027	5	6	5	16
OG0001028	7	5	4	16
OG0001029	7	6	3	16
OG0001030	6	6	4	16
OG0001031	9	3	4	16
OG0001032	7	4	5	16
OG0001033	6	4	6	16
OG0001034	9	5	2	16
OG0001035	7	5	4	16
OG0001036	8	6	2	16
OG0001037	5	6	5	16
OG0001038	16	0	0	16
OG0001039	6	6	4	16
OG0001040	4	8	4	16
OG0001041	5	6	5	16
OG0001042	4	6	6	16
OG0001043	8	6	2	16
OG0001044	5	5	6	16
OG0001045	6	4	6	16
OG0001046	5	5	6	16
OG0001047	7	5	4	16
OG0001048	4	10	2	16
OG0001049	8	6	2	16
OG0001050	6	6	4	16
OG0001051	7	6	3	16
OG0001052	5	9	2	16
OG0001053	6	8	2	16
OG0001054	11	3	2	16
OG0001055	6	6	4	16
OG0001056	5	7	4	16
OG0001057	5	7	4	16
OG0001058	3	9	4	16
OG0001059	5	7	4	16
OG0001060	4	8	4	16
OG0001061	8	6	2	16
OG0001062	4	10	2	16
OG0001063	3	9	4	16
OG0001064	4	8	4	16
OG0001065	3	10	3	16
OG0001066	10	4	2	16
OG0001067	5	9	2	16
OG0001068	6	0	10	16
OG0001069	5	5	6	16
OG0001070	2	1	13	16
OG0001071	4	6	6	16
OG0001072	12	2	2	16
OG0001073	11	5	0	16
OG0001074	6	4	6	16
OG0001075	7	7	2	16
OG0001076	4	6	6	16
OG0001077	7	5	4	16
OG0001078	6	8	2	16
OG0001079	4	6	6	16
OG0001080	7	5	4	16
OG0001081	10	4	2	16
OG0001082	8	6	2	16
OG0001083	4	6	6	16
OG0001084	4	8	4	16
OG0001085	7	7	2	16
OG0001086	5	7	4	16
OG0001087	11	3	2	16
OG0001088	6	6	4	16
OG0001089	6	8	2	16
OG0001090	4	10	2	16
OG0001091	9	5	2	16
OG0001092	9	5	2	16
OG0001093	6	6	4	16
OG0001094	6	8	2	16
OG0001095	7	5	4	16
OG0001096	7	7	2	16
OG0001097	6	6	4	16
OG0001098	5	7	4	16
OG0001099	10	4	2	16
OG0001100	5	10	1	16
OG0001101	6	6	4	16
OG0001102	9	5	2	16
OG0001103	10	4	2	16
OG0001104	6	6	4	16
OG0001105	6	8	2	16
OG0001106	6	6	4	16
OG0001107	15	1	0	16
OG0001108	1	2	13	16
OG0001109	4	7	5	16
OG0001110	4	6	6	16
OG0001111	6	6	4	16
OG0001112	6	6	4	16
OG0001113	6	8	2	16
OG0001114	5	9	2	16
OG0001115	6	8	2	16
OG0001116	7	4	5	16
OG0001117	8	4	4	16
OG0001118	6	6	4	16
OG0001119	6	8	2	16
OG0001120	7	6	3	16
OG0001121	5	7	4	16
OG0001122	5	5	6	16
OG0001123	8	6	2	16
OG0001124	8	6	2	16
OG0001125	5	7	4	16
OG0001126	6	5	5	16
OG0001127	4	8	4	16
OG0001128	10	4	2	16
OG0001129	4	6	6	16
OG0001130	5	7	4	16
OG0001131	7	5	4	16
OG0001132	6	8	2	16
OG0001133	6	8	2	16
OG0001134	6	8	2	16
OG0001135	6	7	3	16
OG0001136	10	0	6	16
OG0001137	6	6	4	16
OG0001138	4	6	6	16
OG0001139	8	4	4	16
OG0001140	7	5	4	16
OG0001141	5	9	2	16
OG0001142	6	6	4	16
OG0001143	1	6	9	16
OG0001144	8	6	2	16
OG0001145	10	4	2	16
OG0001146	2	8	6	16
OG0001147	9	5	2	16
OG0001148	8	6	2	16
OG0001149	11	3	2	16
OG0001150	6	6	4	16
OG0001151	6	5	5	16
OG0001152	5	7	4	16
OG0001153	6	6	4	16
OG0001154	6	6	4	16
OG0001155	4	7	5	16
OG0001156	5	6	5	16
OG0001157	7	6	3	16
OG0001158	6	6	4	16
OG0001159	8	6	2	16
OG0001160	6	8	2	16
OG0001161	1	7	8	16
OG0001162	6	6	4	16
OG0001163	5	7	4	16
OG0001164	7	7	2	16
OG0001165	4	7	5	16
OG0001166	8	6	2	16
OG0001167	5	7	4	16
OG0001168	4	10	2	16
OG0001169	4	6	6	16
OG0001170	6	6	4	16
OG0001171	5	5	6	16
OG0001172	8	6	2	16
OG0001173	6	6	4	16
OG0001174	6	8	2	16
OG0001175	8	6	2	16
OG0001176	13	1	2	16
OG0001177	7	7	2	16
OG0001178	8	6	2	16
OG0001179	1	13	2	16
OG0001180	4	10	2	16
OG0001181	7	7	2	16
OG0001182	7	7	2	16
OG0001183	8	6	2	16
OG0001184	8	6	2	16
OG0001185	6	8	2	16
OG0001186	6	8	2	16
OG0001187	5	9	2	16
OG0001188	4	6	6	16
OG0001189	9	5	2	16
OG0001190	11	3	2	16
OG0001191	7	7	2	16
OG0001192	9	4	3	16
OG0001193	7	7	2	16
OG0001194	10	4	2	16
OG0001195	5	9	2	16
OG0001196	6	7	3	16
OG0001197	6	5	5	16
OG0001198	4	10	2	16
OG0001199	2	5	9	16
OG0001200	7	7	2	16
OG0001201	4	10	2	16
OG0001202	16	0	0	16
OG0001203	0	5	11	16
OG0001204	0	3	13	16
OG0001205	7	5	3	15
OG0001206	5	6	4	15
OG0001207	7	4	4	15
OG0001208	5	8	2	15
OG0001209	5	6	4	15
OG0001210	7	5	3	15
OG0001211	4	9	2	15
OG0001212	5	8	2	15
OG0001213	6	8	1	15
OG0001214	5	6	4	15
OG0001215	8	4	3	15
OG0001216	11	0	4	15
OG0001217	5	6	4	15
OG0001218	7	4	4	15
OG0001219	6	5	4	15
OG0001220	7	6	2	15
OG0001221	9	4	2	15
OG0001222	4	7	4	15
OG0001223	3	6	6	15
OG0001224	4	7	4	15
OG0001225	4	5	6	15
OG0001226	4	7	4	15
OG0001227	8	5	2	15
OG0001228	5	8	2	15
OG0001229	4	7	4	15
OG0001230	3	10	2	15
OG0001231	4	5	6	15
OG0001232	8	5	2	15
OG0001233	7	6	2	15
OG0001234	4	6	5	15
OG0001235	6	5	4	15
OG0001236	5	6	4	15
OG0001237	4	5	6	15
OG0001238	5	6	4	15
OG0001239	8	6	1	15
OG0001240	9	4	2	15
OG0001241	10	3	2	15
OG0001242	3	10	2	15
OG0001243	5	6	4	15
OG0001244	5	8	2	15
OG0001245	8	5	2	15
OG0001246	4	9	2	15
OG0001247	4	9	2	15
OG0001248	6	7	2	15
OG0001249	6	7	2	15
OG0001250	13	0	2	15
OG0001251	7	6	2	15
OG0001252	12	2	1	15
OG0001253	4	6	5	15
OG0001254	5	6	4	15
OG0001255	11	2	2	15
OG0001256	5	8	2	15
OG0001257	9	4	2	15
OG0001258	7	1	7	15
OG0001259	3	6	6	15
OG0001260	5	5	5	15
OG0001261	6	6	3	15
OG0001262	5	8	2	15
OG0001263	5	6	4	15
OG0001264	7	4	4	15
OG0001265	6	5	4	15
OG0001266	5	6	4	15
OG0001267	5	8	2	15
OG0001268	1	14	0	15
OG0001269	6	7	2	15
OG0001270	6	6	3	15
OG0001271	6	5	4	15
OG0001272	5	6	4	15
OG0001273	10	3	2	15
OG0001274	4	9	2	15
OG0001275	5	4	6	15
OG0001276	4	5	6	15
OG0001277	5	6	4	15
OG0001278	5	4	6	15
OG0001279	6	7	2	15
OG0001280	4	5	6	15
OG0001281	4	8	3	15
OG0001282	2	11	2	15
OG0001283	8	5	2	15
OG0001284	6	5	4	15
OG0001285	8	5	2	15
OG0001286	7	6	2	15
OG0001287	7	6	2	15
OG0001288	7	5	3	15
OG0001289	5	6	4	15
OG0001290	7	6	2	15
OG0001291	5	5	5	15
OG0001292	8	5	2	15
OG0001293	4	5	6	15
OG0001294	6	4	5	15
OG0001295	5	7	3	15
OG0001296	3	3	9	15
OG0001297	3	0	12	15
OG0001298	5	6	4	15
OG0001299	5	8	2	15
OG0001300	4	7	4	15
OG0001301	4	5	6	15
OG0001302	3	8	4	15
OG0001303	2	0	13	15
OG0001304	8	5	2	15
OG0001305	7	6	2	15
OG0001306	9	4	2	15
OG0001307	9	4	2	15
OG0001308	7	6	2	15
OG0001309	5	6	4	15
OG0001310	7	4	4	15
OG0001311	5	6	4	15
OG0001312	6	5	4	15
OG0001313	4	9	2	15
OG0001314	5	6	4	15
OG0001315	7	4	4	15
OG0001316	5	6	4	15
OG0001317	7	4	4	15
OG0001318	6	5	4	15
OG0001319	2	12	1	15
OG0001320	7	6	2	15
OG0001321	4	9	2	15
OG0001322	8	5	2	15
OG0001323	11	2	2	15
OG0001324	5	5	5	15
OG0001325	6	7	2	15
OG0001326	10	3	2	15
OG0001327	5	9	1	15
OG0001328	5	8	2	15
OG0001329	3	10	2	15
OG0001330	9	4	2	15
OG0001331	5	6	4	15
OG0001332	8	5	2	15
OG0001333	7	6	2	15
OG0001334	5	5	5	15
OG0001335	5	6	4	15
OG0001336	3	10	2	15
OG0001337	7	4	4	15
OG0001338	6	5	4	15
OG0001339	6	5	4	15
OG0001340	5	8	2	15
OG0001341	5	6	4	15
OG0001342	8	5	2	15
OG0001343	6	5	4	15
OG0001344	5	6	4	15
OG0001345	5	6	4	15
OG0001346	4	5	6	15
OG0001347	6	5	4	15
OG0001348	9	6	0	15
OG0001349	7	6	2	15
OG0001350	5	8	2	15
OG0001351	4	7	4	15
OG0001352	7	4	4	15
OG0001353	9	6	0	15
OG0001354	6	5	4	15
OG0001355	7	4	4	15
OG0001356	10	3	2	15
OG0001357	5	6	4	15
OG0001358	5	6	4	15
OG0001359	4	3	8	15
OG0001360	11	3	1	15
OG0001361	7	6	2	15
OG0001362	4	9	2	15
OG0001363	3	10	2	15
OG0001364	5	6	4	15
OG0001365	6	7	2	15
OG0001366	3	7	5	15
OG0001367	4	6	5	15
OG0001368	5	8	2	15
OG0001369	5	5	5	15
OG0001370	4	7	4	15
OG0001371	4	7	4	15
OG0001372	8	5	2	15
OG0001373	4	9	2	15
OG0001374	6	7	2	15
OG0001375	6	5	4	15
OG0001376	4	7	4	15
OG0001377	4	5	6	15
OG0001378	5	5	5	15
OG0001379	6	5	4	15
OG0001380	9	4	2	15
OG0001381	8	5	2	15
OG0001382	8	5	2	15
OG0001383	5	5	5	15
OG0001384	4	7	4	15
OG0001385	1	12	2	15
OG0001386	8	5	2	15
OG0001387	6	5	4	15
OG0001388	5	6	4	15
OG0001389	3	6	6	15
OG0001390	7	6	2	15
OG0001391	8	5	2	15
OG0001392	5	8	2	15
OG0001393	9	4	2	15
OG0001394	4	7	4	15
OG0001395	6	7	2	15
OG0001396	7	6	2	15
OG0001397	11	2	2	15
OG0001398	1	12	2	15
OG0001399	5	6	4	15
OG0001400	5	6	4	15
OG0001401	4	5	6	15
OG0001402	6	5	4	15
OG0001403	7	6	2	15
OG0001404	4	7	4	15
OG0001405	7	6	2	15
OG0001406	7	6	2	15
OG0001407	3	8	4	15
OG0001408	8	5	2	15
OG0001409	7	6	2	15
OG0001410	4	9	2	15
OG0001411	8	5	2	15
OG0001412	6	7	2	15
OG0001413	6	5	4	15
OG0001414	8	5	2	15
OG0001415	5	6	4	15
OG0001416	2	7	6	15
OG0001417	10	3	2	15
OG0001418	7	6	2	15
OG0001419	3	5	7	15
OG0001420	3	5	7	15
OG0001421	7	7	1	15
OG0001422	5	5	5	15
OG0001423	1	0	14	15
OG0001424	7	6	2	15
OG0001425	4	9	2	15
OG0001426	3	10	2	15
OG0001427	1	7	7	15
OG0001428	1	2	12	15
OG0001429	1	6	8	15
OG0001430	5	9	1	15
OG0001431	3	12	0	15
OG0001432	8	5	2	15
OG0001433	5	8	2	15
OG0001434	10	3	2	15
OG0001435	1	12	2	15
OG0001436	0	1	14	15
OG0001437	0	4	11	15
OG0001438	6	5	3	14
OG0001439	4	6	4	14
OG0001440	5	5	4	14
OG0001441	7	5	2	14
OG0001442	4	6	4	14
OG0001443	6	6	2	14
OG0001444	5	2	7	14
OG0001445	5	7	2	14
OG0001446	4	5	5	14
OG0001447	5	5	4	14
OG0001448	7	5	2	14
OG0001449	2	0	12	14
OG0001450	7	5	2	14
OG0001451	6	4	4	14
OG0001452	6	6	2	14
OG0001453	6	5	3	14
OG0001454	4	8	2	14
OG0001455	5	7	2	14
OG0001456	6	4	4	14
OG0001457	5	7	2	14
OG0001458	10	2	2	14
OG0001459	6	4	4	14
OG0001460	4	8	2	14
OG0001461	7	5	2	14
OG0001462	5	5	4	14
OG0001463	5	5	4	14
OG0001464	3	5	6	14
OG0001465	6	5	3	14
OG0001466	4	6	4	14
OG0001467	8	5	1	14
OG0001468	5	5	4	14
OG0001469	4	6	4	14
OG0001470	5	5	4	14
OG0001471	3	9	2	14
OG0001472	5	5	4	14
OG0001473	7	5	2	14
OG0001474	4	5	5	14
OG0001475	2	8	4	14
OG0001476	7	5	2	14
OG0001477	7	5	2	14
OG0001478	5	7	2	14
OG0001479	6	4	4	14
OG0001480	11	2	1	14
OG0001481	8	4	2	14
OG0001482	6	6	2	14
OG0001483	4	5	5	14
OG0001484	8	0	6	14
OG0001485	5	5	4	14
OG0001486	4	6	4	14
OG0001487	4	5	5	14
OG0001488	4	5	5	14
OG0001489	6	4	4	14
OG0001490	4	6	4	14
OG0001491	5	5	4	14
OG0001492	6	4	4	14
OG0001493	3	8	3	14
OG0001494	4	5	5	14
OG0001495	5	5	4	14
OG0001496	5	7	2	14
OG0001497	3	7	4	14
OG0001498	11	1	2	14
OG0001499	4	5	5	14
OG0001500	6	4	4	14
OG0001501	5	7	2	14
OG0001502	5	7	2	14
OG0001503	6	4	4	14
OG0001504	5	5	4	14
OG0001505	3	8	3	14
OG0001506	4	6	4	14
OG0001507	4	6	4	14
OG0001508	5	5	4	14
OG0001509	6	4	4	14
OG0001510	5	7	2	14
OG0001511	8	6	0	14
OG0001512	5	7	2	14
OG0001513	6	4	4	14
OG0001514	7	5	2	14
OG0001515	5	5	4	14
OG0001516	2	8	4	14
OG0001517	5	5	4	14
OG0001518	5	5	4	14
OG0001519	4	6	4	14
OG0001520	8	4	2	14
OG0001521	4	6	4	14
OG0001522	3	8	3	14
OG0001523	4	7	3	14
OG0001524	4	8	2	14
OG0001525	6	5	3	14
OG0001526	8	4	2	14
OG0001527	4	5	5	14
OG0001528	6	5	3	14
OG0001529	5	5	4	14
OG0001530	5	7	2	14
OG0001531	5	5	4	14
OG0001532	7	5	2	14
OG0001533	9	3	2	14
OG0001534	6	5	3	14
OG0001535	6	6	2	14
OG0001536	6	6	2	14
OG0001537	5	5	4	14
OG0001538	10	2	2	14
OG0001539	2	4	8	14
OG0001540	5	5	4	14
OG0001541	4	6	4	14
OG0001542	5	7	2	14
OG0001543	6	4	4	14
OG0001544	6	4	4	14
OG0001545	6	6	2	14
OG0001546	8	3	3	14
OG0001547	10	2	2	14
OG0001548	6	4	4	14
OG0001549	1	11	2	14
OG0001550	9	3	2	14
OG0001551	8	5	1	14
OG0001552	7	5	2	14
OG0001553	5	5	4	14
OG0001554	7	5	2	14
OG0001555	6	6	2	14
OG0001556	7	3	4	14
OG0001557	10	2	2	14
OG0001558	4	6	4	14
OG0001559	4	6	4	14
OG0001560	3	8	3	14
OG0001561	4	6	4	14
OG0001562	5	5	4	14
OG0001563	7	3	4	14
OG0001564	6	4	4	14
OG0001565	5	4	5	14
OG0001566	6	5	3	14
OG0001567	4	8	2	14
OG0001568	5	5	4	14
OG0001569	8	4	2	14
OG0001570	6	4	4	14
OG0001571	4	8	2	14
OG0001572	5	4	5	14
OG0001573	3	9	2	14
OG0001574	7	5	2	14
OG0001575	4	8	2	14
OG0001576	4	8	2	14
OG0001577	7	5	2	14
OG0001578	6	6	2	14
OG0001579	6	6	2	14
OG0001580	4	8	2	14
OG0001581	4	5	5	14
OG0001582	6	4	4	14
OG0001583	2	8	4	14
OG0001584	3	5	6	14
OG0001585	4	6	4	14
OG0001586	4	8	2	14
OG0001587	9	5	0	14
OG0001588	9	4	1	14
OG0001589	10	2	2	14
OG0001590	1	10	3	14
OG0001591	4	6	4	14
OG0001592	4	6	4	14
OG0001593	5	4	5	14
OG0001594	8	4	2	14
OG0001595	5	7	2	14
OG0001596	3	9	2	14
OG0001597	5	5	4	14
OG0001598	4	7	3	14
OG0001599	7	5	2	14
OG0001600	6	7	1	14
OG0001601	6	4	4	14
OG0001602	3	7	4	14
OG0001603	8	4	2	14
OG0001604	7	5	2	14
OG0001605	5	5	4	14
OG0001606	6	6	2	14
OG0001607	6	4	4	14
OG0001608	4	4	6	14
OG0001609	4	6	4	14
OG0001610	7	5	2	14
OG0001611	5	6	3	14
OG0001612	6	6	2	14
OG0001613	5	7	2	14
OG0001614	6	6	2	14
OG0001615	5	5	4	14
OG0001616	6	6	2	14
OG0001617	5	5	4	14
OG0001618	7	5	2	14
OG0001619	4	5	5	14
OG0001620	4	5	5	14
OG0001621	6	6	2	14
OG0001622	11	0	3	14
OG0001623	8	4	2	14
OG0001624	3	7	4	14
OG0001625	6	6	2	14
OG0001626	4	8	2	14
OG0001627	7	5	2	14
OG0001628	3	6	5	14
OG0001629	7	5	2	14
OG0001630	6	6	2	14
OG0001631	4	6	4	14
OG0001632	5	6	3	14
OG0001633	4	8	2	14
OG0001634	4	6	4	14
OG0001635	5	5	4	14
OG0001636	3	9	2	14
OG0001637	3	8	3	14
OG0001638	6	6	2	14
OG0001639	6	2	6	14
OG0001640	5	7	2	14
OG0001641	6	4	4	14
OG0001642	6	6	2	14
OG0001643	8	4	2	14
OG0001644	5	5	4	14
OG0001645	7	5	2	14
OG0001646	6	6	2	14
OG0001647	5	7	2	14
OG0001648	2	10	2	14
OG0001649	9	4	1	14
OG0001650	9	3	2	14
OG0001651	3	7	4	14
OG0001652	5	7	2	14
OG0001653	11	1	2	14
OG0001654	8	4	2	14
OG0001655	6	6	2	14
OG0001656	5	5	4	14
OG0001657	4	8	2	14
OG0001658	4	5	5	14
OG0001659	5	8	1	14
OG0001660	7	5	2	14
OG0001661	6	4	4	14
OG0001662	9	3	2	14
OG0001663	5	6	3	14
OG0001664	4	6	4	14
OG0001665	5	7	2	14
OG0001666	8	4	2	14
OG0001667	5	5	4	14
OG0001668	4	8	2	14
OG0001669	5	7	2	14
OG0001670	6	6	2	14
OG0001671	7	5	2	14
OG0001672	6	5	3	14
OG0001673	5	5	4	14
OG0001674	5	5	4	14
OG0001675	4	6	4	14
OG0001676	5	6	3	14
OG0001677	7	3	4	14
OG0001678	7	5	2	14
OG0001679	8	4	2	14
OG0001680	9	3	2	14
OG0001681	10	2	2	14
OG0001682	1	0	13	14
OG0001683	4	6	4	14
OG0001684	8	4	2	14
OG0001685	4	5	5	14
OG0001686	6	6	2	14
OG0001687	9	3	2	14
OG0001688	5	5	4	14
OG0001689	4	4	6	14
OG0001690	5	5	4	14
OG0001691	2	10	2	14
OG0001692	6	6	2	14
OG0001693	3	9	2	14
OG0001694	5	4	5	14
OG0001695	5	1	8	14
OG0001696	1	12	1	14
OG0001697	3	9	2	14
OG0001698	5	7	2	14
OG0001699	4	8	2	14
OG0001700	9	3	2	14
OG0001701	1	11	2	14
OG0001702	5	7	2	14
OG0001703	7	5	2	14
OG0001704	5	7	2	14
OG0001705	5	5	4	14
OG0001706	3	7	4	14
OG0001707	3	9	2	14
OG0001708	5	5	4	14
OG0001709	4	8	2	14
OG0001710	5	6	3	14
OG0001711	6	6	2	14
OG0001712	5	5	4	14
OG0001713	6	6	2	14
OG0001714	6	6	2	14
OG0001715	5	7	2	14
OG0001716	8	4	2	14
OG0001717	5	6	3	14
OG0001718	4	8	2	14
OG0001719	11	1	2	14
OG0001720	3	7	4	14
OG0001721	7	5	2	14
OG0001722	5	7	2	14
OG0001723	5	5	4	14
OG0001724	6	5	3	14
OG0001725	5	7	2	14
OG0001726	4	6	4	14
OG0001727	9	3	2	14
OG0001728	8	4	2	14
OG0001729	6	6	2	14
OG0001730	4	6	4	14
OG0001731	6	7	1	14
OG0001732	10	3	1	14
OG0001733	6	6	2	14
OG0001734	4	6	4	14
OG0001735	4	8	2	14
OG0001736	3	9	2	14
OG0001737	7	5	2	14
OG0001738	6	6	2	14
OG0001739	6	6	2	14
OG0001740	4	8	2	14
OG0001741	7	5	2	14
OG0001742	12	1	1	14
OG0001743	1	11	2	14
OG0001744	4	6	4	14
OG0001745	8	5	1	14
OG0001746	9	3	2	14
OG0001747	5	8	1	14
OG0001748	1	11	2	14
OG0001749	6	6	2	14
OG0001750	4	8	2	14
OG0001751	13	1	0	14
OG0001752	0	6	8	14
OG0001753	0	7	7	14
OG0001754	3	6	4	13
OG0001755	2	7	4	13
OG0001756	4	5	4	13
OG0001757	5	4	4	13
OG0001758	3	8	2	13
OG0001759	6	5	2	13
OG0001760	6	5	2	13
OG0001761	3	6	4	13
OG0001762	5	4	4	13
OG0001763	5	6	2	13
OG0001764	5	5	3	13
OG0001765	4	4	5	13
OG0001766	4	5	4	13
OG0001767	4	7	2	13
OG0001768	4	7	2	13
OG0001769	4	5	4	13
OG0001770	7	4	2	13
OG0001771	8	4	1	13
OG0001772	4	5	4	13
OG0001773	5	5	3	13
OG0001774	7	4	2	13
OG0001775	4	5	4	13
OG0001776	3	6	4	13
OG0001777	7	4	2	13
OG0001778	2	1	10	13
OG0001779	4	5	4	13
OG0001780	4	2	7	13
OG0001781	4	5	4	13
OG0001782	5	4	4	13
OG0001783	4	5	4	13
OG0001784	4	5	4	13
OG0001785	4	5	4	13
OG0001786	6	4	3	13
OG0001787	4	4	5	13
OG0001788	8	3	2	13
OG0001789	7	6	0	13
OG0001790	9	0	4	13
OG0001791	8	3	2	13
OG0001792	7	6	0	13
OG0001793	2	9	2	13
OG0001794	4	5	4	13
OG0001795	6	5	2	13
OG0001796	4	5	4	13
OG0001797	6	5	2	13
OG0001798	6	5	2	13
OG0001799	8	3	2	13
OG0001800	3	6	4	13
OG0001801	6	5	2	13
OG0001802	3	5	5	13
OG0001803	6	3	4	13
OG0001804	6	5	2	13
OG0001805	7	2	4	13
OG0001806	5	7	1	13
OG0001807	5	4	4	13
OG0001808	5	4	4	13
OG0001809	6	5	2	13
OG0001810	4	7	2	13
OG0001811	5	5	3	13
OG0001812	7	4	2	13
OG0001813	8	3	2	13
OG0001814	6	5	2	13
OG0001815	5	4	4	13
OG0001816	4	5	4	13
OG0001817	8	0	5	13
OG0001818	5	4	4	13
OG0001819	3	6	4	13
OG0001820	3	6	4	13
OG0001821	4	5	4	13
OG0001822	12	0	1	13
OG0001823	5	4	4	13
OG0001824	5	6	2	13
OG0001825	7	5	1	13
OG0001826	4	5	4	13
OG0001827	4	7	2	13
OG0001828	5	4	4	13
OG0001829	4	5	4	13
OG0001830	8	3	2	13
OG0001831	6	5	2	13
OG0001832	5	6	2	13
OG0001833	7	3	3	13
OG0001834	5	6	2	13
OG0001835	1	10	2	13
OG0001836	6	5	2	13
OG0001837	5	4	4	13
OG0001838	5	6	2	13
OG0001839	4	5	4	13
OG0001840	6	5	2	13
OG0001841	5	3	5	13
OG0001842	4	7	2	13
OG0001843	4	7	2	13
OG0001844	6	5	2	13
OG0001845	4	5	4	13
OG0001846	5	4	4	13
OG0001847	5	6	2	13
OG0001848	1	8	4	13
OG0001849	5	6	2	13
OG0001850	6	5	2	13
OG0001851	5	4	4	13
OG0001852	3	6	4	13
OG0001853	3	8	2	13
OG0001854	5	6	2	13
OG0001855	11	1	1	13
OG0001856	3	8	2	13
OG0001857	6	5	2	13
OG0001858	4	5	4	13
OG0001859	5	5	3	13
OG0001860	6	5	2	13
OG0001861	7	4	2	13
OG0001862	4	5	4	13
OG0001863	5	4	4	13
OG0001864	8	3	2	13
OG0001865	6	3	4	13
OG0001866	4	5	4	13
OG0001867	4	7	2	13
OG0001868	6	5	2	13
OG0001869	8	3	2	13
OG0001870	5	4	4	13
OG0001871	9	2	2	13
OG0001872	7	6	0	13
OG0001873	2	11	0	13
OG0001874	4	5	4	13
OG0001875	3	6	4	13
OG0001876	6	5	2	13
OG0001877	5	6	2	13
OG0001878	6	3	4	13
OG0001879	5	4	4	13
OG0001880	6	7	0	13
OG0001881	4	5	4	13
OG0001882	5	4	4	13
OG0001883	4	5	4	13
OG0001884	4	5	4	13
OG0001885	5	4	4	13
OG0001886	8	3	2	13
OG0001887	8	3	2	13
OG0001888	6	4	3	13
OG0001889	5	7	1	13
OG0001890	4	7	2	13
OG0001891	7	4	2	13
OG0001892	7	5	1	13
OG0001893	6	5	2	13
OG0001894	7	4	2	13
OG0001895	8	3	2	13
OG0001896	3	8	2	13
OG0001897	5	6	2	13
OG0001898	5	4	4	13
OG0001899	5	4	4	13
OG0001900	6	4	3	13
OG0001901	5	6	2	13
OG0001902	4	5	4	13
OG0001903	6	5	2	13
OG0001904	7	3	3	13
OG0001905	1	6	6	13
OG0001906	5	4	4	13
OG0001907	3	6	4	13
OG0001908	12	1	0	13
OG0001909	5	6	2	13
OG0001910	5	4	4	13
OG0001911	3	6	4	13
OG0001912	8	3	2	13
OG0001913	7	4	2	13
OG0001914	5	6	2	13
OG0001915	7	4	2	13
OG0001916	4	5	4	13
OG0001917	7	5	1	13
OG0001918	3	8	2	13
OG0001919	5	4	4	13
OG0001920	3	8	2	13
OG0001921	4	7	2	13
OG0001922	5	6	2	13
OG0001923	4	7	2	13
OG0001924	9	2	2	13
OG0001925	5	4	4	13
OG0001926	4	5	4	13
OG0001927	6	5	2	13
OG0001928	3	1	9	13
OG0001929	9	2	2	13
OG0001930	3	8	2	13
OG0001931	4	6	3	13
OG0001932	7	4	2	13
OG0001933	5	4	4	13
OG0001934	4	5	4	13
OG0001935	8	3	2	13
OG0001936	4	4	5	13
OG0001937	5	6	2	13
OG0001938	3	6	4	13
OG0001939	8	4	1	13
OG0001940	7	4	2	13
OG0001941	7	4	2	13
OG0001942	7	4	2	13
OG0001943	3	6	4	13
OG0001944	7	6	0	13
OG0001945	3	6	4	13
OG0001946	9	2	2	13
OG0001947	11	0	2	13
OG0001948	5	6	2	13
OG0001949	5	5	3	13
OG0001950	8	3	2	13
OG0001951	4	7	2	13
OG0001952	4	5	4	13
OG0001953	6	5	2	13
OG0001954	4	7	2	13
OG0001955	7	4	2	13
OG0001956	7	4	2	13
OG0001957	8	3	2	13
OG0001958	3	8	2	13
OG0001959	9	2	2	13
OG0001960	6	5	2	13
OG0001961	4	7	2	13
OG0001962	4	7	2	13
OG0001963	7	4	2	13
OG0001964	3	8	2	13
OG0001965	6	7	0	13
OG0001966	3	5	5	13
OG0001967	4	5	4	13
OG0001968	4	5	4	13
OG0001969	5	6	2	13
OG0001970	5	5	3	13
OG0001971	4	5	4	13
OG0001972	3	8	2	13
OG0001973	4	7	2	13
OG0001974	3	6	4	13
OG0001975	5	6	2	13
OG0001976	3	6	4	13
OG0001977	8	3	2	13
OG0001978	5	4	4	13
OG0001979	5	4	4	13
OG0001980	7	4	2	13
OG0001981	5	5	3	13
OG0001982	8	3	2	13
OG0001983	6	5	2	13
OG0001984	7	4	2	13
OG0001985	9	2	2	13
OG0001986	4	5	4	13
OG0001987	5	6	2	13
OG0001988	5	6	2	13
OG0001989	3	6	4	13
OG0001990	6	5	2	13
OG0001991	6	5	2	13
OG0001992	6	5	2	13
OG0001993	5	6	2	13
OG0001994	4	5	4	13
OG0001995	7	4	2	13
OG0001996	4	5	4	13
OG0001997	2	0	11	13
OG0001998	5	6	2	13
OG0001999	4	5	4	13
OG0002000	6	5	2	13
OG0002001	5	6	2	13
OG0002002	7	4	2	13
OG0002003	6	5	2	13
OG0002004	6	6	1	13
OG0002005	4	7	2	13
OG0002006	4	5	4	13
OG0002007	2	0	11	13
OG0002008	6	5	2	13
OG0002009	5	6	2	13
OG0002010	6	5	2	13
OG0002011	4	5	4	13
OG0002012	4	5	4	13
OG0002013	6	5	2	13
OG0002014	10	2	1	13
OG0002015	3	8	2	13
OG0002016	6	5	2	13
OG0002017	4	5	4	13
OG0002018	6	5	2	13
OG0002019	4	6	3	13
OG0002020	9	2	2	13
OG0002021	2	9	2	13
OG0002022	5	6	2	13
OG0002023	7	4	2	13
OG0002024	7	4	2	13
OG0002025	7	0	6	13
OG0002026	9	2	2	13
OG0002027	4	5	4	13
OG0002028	2	7	4	13
OG0002029	4	5	4	13
OG0002030	6	4	3	13
OG0002031	9	2	2	13
OG0002032	4	5	4	13
OG0002033	4	5	4	13
OG0002034	3	6	4	13
OG0002035	6	4	3	13
OG0002036	6	5	2	13
OG0002037	6	5	2	13
OG0002038	4	7	2	13
OG0002039	9	3	1	13
OG0002040	4	5	4	13
OG0002041	2	2	9	13
OG0002042	4	5	4	13
OG0002043	6	5	2	13
OG0002044	4	5	4	13
OG0002045	3	8	2	13
OG0002046	6	4	3	13
OG0002047	4	7	2	13
OG0002048	4	5	4	13
OG0002049	5	5	3	13
OG0002050	4	5	4	13
OG0002051	7	4	2	13
OG0002052	4	7	2	13
OG0002053	4	6	3	13
OG0002054	5	4	4	13
OG0002055	5	4	4	13
OG0002056	5	6	2	13
OG0002057	4	5	4	13
OG0002058	4	5	4	13
OG0002059	5	6	2	13
OG0002060	5	6	2	13
OG0002061	5	6	2	13
OG0002062	3	8	2	13
OG0002063	7	4	2	13
OG0002064	4	6	3	13
OG0002065	4	5	4	13
OG0002066	7	4	2	13
OG0002067	2	6	5	13
OG0002068	8	3	2	13
OG0002069	8	3	2	13
OG0002070	6	5	2	13
OG0002071	6	5	2	13
OG0002072	6	5	2	13
OG0002073	4	5	4	13
OG0002074	4	5	4	13
OG0002075	6	5	2	13
OG0002076	5	5	3	13
OG0002077	11	1	1	13
OG0002078	6	5	2	13
OG0002079	3	6	4	13
OG0002080	4	6	3	13
OG0002081	4	7	2	13
OG0002082	6	5	2	13
OG0002083	6	3	4	13
OG0002084	7	3	3	13
OG0002085	6	5	2	13
OG0002086	9	2	2	13
OG0002087	2	9	2	13
OG0002088	1	2	10	13
OG0002089	4	4	5	13
OG0002090	2	7	4	13
OG0002091	6	5	2	13
OG0002092	7	4	2	13
OG0002093	4	7	2	13
OG0002094	6	4	3	13
OG0002095	4	7	2	13
OG0002096	9	2	2	13
OG0002097	5	5	3	13
OG0002098	6	4	3	13
OG0002099	3	6	4	13
OG0002100	7	4	2	13
OG0002101	4	9	0	13
OG0002102	4	5	4	13
OG0002103	11	0	2	13
OG0002104	4	7	2	13
OG0002105	7	4	2	13
OG0002106	3	6	4	13
OG0002107	5	4	4	13
OG0002108	5	5	3	13
OG0002109	10	1	2	13
OG0002110	1	10	2	13
OG0002111	6	5	2	13
OG0002112	3	6	4	13
OG0002113	7	5	1	13
OG0002114	9	2	2	13
OG0002115	6	5	2	13
OG0002116	7	4	2	13
OG0002117	4	7	2	13
OG0002118	4	6	3	13
OG0002119	8	3	2	13
OG0002120	10	1	2	13
OG0002121	2	7	4	13
OG0002122	5	6	2	13
OG0002123	9	2	2	13
OG0002124	4	7	2	13
OG0002125	6	4	3	13
OG0002126	6	5	2	13
OG0002127	5	6	2	13
OG0002128	6	5	2	13
OG0002129	1	10	2	13
OG0002130	6	5	2	13
OG0002131	6	5	2	13
OG0002132	4	5	4	13
OG0002133	1	0	12	13
OG0002134	4	7	2	13
OG0002135	8	3	2	13
OG0002136	7	4	2	13
OG0002137	5	5	3	13
OG0002138	5	6	2	13
OG0002139	3	5	5	13
OG0002140	5	6	2	13
OG0002141	3	6	4	13
OG0002142	3	8	2	13
OG0002143	3	6	4	13
OG0002144	2	1	10	13
OG0002145	2	3	8	13
OG0002146	6	5	2	13
OG0002147	4	7	2	13
OG0002148	2	7	4	13
OG0002149	4	5	4	13
OG0002150	1	5	7	13
OG0002151	2	9	2	13
OG0002152	4	5	4	13
OG0002153	12	1	0	13
OG0002154	5	6	2	13
OG0002155	4	7	2	13
OG0002156	11	1	1	13
OG0002157	4	6	3	13
OG0002158	5	6	2	13
OG0002159	1	10	2	13
OG0002160	0	4	9	13
OG0002161	0	12	1	13
OG0002162	4	4	4	12
OG0002163	4	4	4	12
OG0002164	7	3	2	12
OG0002165	4	4	4	12
OG0002166	4	4	4	12
OG0002167	4	4	4	12
OG0002168	4	3	5	12
OG0002169	4	4	4	12
OG0002170	4	4	4	12
OG0002171	6	4	2	12
OG0002172	4	4	4	12
OG0002173	4	4	4	12
OG0002174	4	6	2	12
OG0002175	6	4	2	12
OG0002176	4	4	4	12
OG0002177	6	4	2	12
OG0002178	4	4	4	12
OG0002179	4	4	4	12
OG0002180	3	5	4	12
OG0002181	7	3	2	12
OG0002182	11	0	1	12
OG0002183	4	4	4	12
OG0002184	6	4	2	12
OG0002185	4	4	4	12
OG0002186	6	4	2	12
OG0002187	4	4	4	12
OG0002188	2	5	5	12
OG0002189	4	4	4	12
OG0002190	4	4	4	12
OG0002191	6	4	2	12
OG0002192	4	4	4	12
OG0002193	8	2	2	12
OG0002194	4	4	4	12
OG0002195	6	4	2	12
OG0002196	4	5	3	12
OG0002197	6	4	2	12
OG0002198	6	3	3	12
OG0002199	5	5	2	12
OG0002200	6	4	2	12
OG0002201	4	4	4	12
OG0002202	4	4	4	12
OG0002203	4	4	4	12
OG0002204	4	4	4	12
OG0002205	3	5	4	12
OG0002206	4	4	4	12
OG0002207	11	0	1	12
OG0002208	5	5	2	12
OG0002209	4	4	4	12
OG0002210	3	5	4	12
OG0002211	6	4	2	12
OG0002212	4	4	4	12
OG0002213	4	4	4	12
OG0002214	6	4	2	12
OG0002215	6	4	2	12
OG0002216	5	5	2	12
OG0002217	3	6	3	12
OG0002218	5	6	1	12
OG0002219	3	6	3	12
OG0002220	4	4	4	12
OG0002221	4	4	4	12
OG0002222	6	4	2	12
OG0002223	4	4	4	12
OG0002224	4	4	4	12
OG0002225	4	6	2	12
OG0002226	4	4	4	12
OG0002227	6	4	2	12
OG0002228	4	4	4	12
OG0002229	4	4	4	12
OG0002230	4	4	4	12
OG0002231	3	5	4	12
OG0002232	4	6	2	12
OG0002233	2	10	0	12
OG0002234	4	6	2	12
OG0002235	7	3	2	12
OG0002236	3	7	2	12
OG0002237	4	4	4	12
OG0002238	4	6	2	12
OG0002239	4	4	4	12
OG0002240	6	4	2	12
OG0002241	4	4	4	12
OG0002242	6	4	2	12
OG0002243	3	5	4	12
OG0002244	4	5	3	12
OG0002245	4	4	4	12
OG0002246	4	6	2	12
OG0002247	4	5	3	12
OG0002248	4	5	3	12
OG0002249	2	8	2	12
OG0002250	4	6	2	12
OG0002251	5	5	2	12
OG0002252	5	5	2	12
OG0002253	4	4	4	12
OG0002254	9	1	2	12
OG0002255	4	4	4	12
OG0002256	6	4	2	12
OG0002257	4	4	4	12
OG0002258	5	5	2	12
OG0002259	6	4	2	12
OG0002260	4	4	4	12
OG0002261	5	5	2	12
OG0002262	3	5	4	12
OG0002263	4	4	4	12
OG0002264	6	4	2	12
OG0002265	4	4	4	12
OG0002266	5	4	3	12
OG0002267	3	5	4	12
OG0002268	6	4	2	12
OG0002269	4	6	2	12
OG0002270	4	4	4	12
OG0002271	6	4	2	12
OG0002272	3	5	4	12
OG0002273	4	5	3	12
OG0002274	3	7	2	12
OG0002275	7	3	2	12
OG0002276	7	3	2	12
OG0002277	4	4	4	12
OG0002278	6	4	2	12
OG0002279	4	4	4	12
OG0002280	3	5	4	12
OG0002281	5	5	2	12
OG0002282	4	4	4	12
OG0002283	6	4	2	12
OG0002284	5	5	2	12
OG0002285	7	3	2	12
OG0002286	5	5	2	12
OG0002287	5	4	3	12
OG0002288	8	3	1	12
OG0002289	3	5	4	12
OG0002290	6	4	2	12
OG0002291	4	4	4	12
OG0002292	4	6	2	12
OG0002293	4	7	1	12
OG0002294	4	4	4	12
OG0002295	3	5	4	12
OG0002296	7	3	2	12
OG0002297	6	4	2	12
OG0002298	6	3	3	12
OG0002299	4	4	4	12
OG0002300	4	4	4	12
OG0002301	4	4	4	12
OG0002302	4	4	4	12
OG0002303	4	4	4	12
OG0002304	5	5	2	12
OG0002305	4	4	4	12
OG0002306	3	5	4	12
OG0002307	4	4	4	12
OG0002308	5	4	3	12
OG0002309	4	4	4	12
OG0002310	4	4	4	12
OG0002311	5	5	2	12
OG0002312	6	4	2	12
OG0002313	1	7	4	12
OG0002314	3	5	4	12
OG0002315	5	5	2	12
OG0002316	4	4	4	12
OG0002317	4	4	4	12
OG0002318	6	4	2	12
OG0002319	10	1	1	12
OG0002320	5	5	2	12
OG0002321	6	4	2	12
OG0002322	4	6	2	12
OG0002323	5	4	3	12
OG0002324	7	0	5	12
OG0002325	5	5	2	12
OG0002326	4	6	2	12
OG0002327	6	4	2	12
OG0002328	4	4	4	12
OG0002329	4	4	4	12
OG0002330	3	5	4	12
OG0002331	4	4	4	12
OG0002332	5	5	2	12
OG0002333	7	3	2	12
OG0002334	7	3	2	12
OG0002335	4	4	4	12
OG0002336	4	4	4	12
OG0002337	4	4	4	12
OG0002338	8	4	0	12
OG0002339	3	5	4	12
OG0002340	3	5	4	12
OG0002341	4	4	4	12
OG0002342	5	5	2	12
OG0002343	4	6	2	12
OG0002344	3	5	4	12
OG0002345	4	5	3	12
OG0002346	4	4	4	12
OG0002347	4	4	4	12
OG0002348	5	5	2	12
OG0002349	4	6	2	12
OG0002350	4	4	4	12
OG0002351	4	4	4	12
OG0002352	4	4	4	12
OG0002353	5	3	4	12
OG0002354	4	4	4	12
OG0002355	7	3	2	12
OG0002356	2	8	2	12
OG0002357	5	5	2	12
OG0002358	4	4	4	12
OG0002359	4	4	4	12
OG0002360	5	5	2	12
OG0002361	6	4	2	12
OG0002362	7	3	2	12
OG0002363	4	6	2	12
OG0002364	5	5	2	12
OG0002365	8	2	2	12
OG0002366	3	4	5	12
OG0002367	5	5	2	12
OG0002368	8	1	3	12
OG0002369	4	4	4	12
OG0002370	4	4	4	12
OG0002371	5	5	2	12
OG0002372	4	4	4	12
OG0002373	4	6	2	12
OG0002374	3	5	4	12
OG0002375	3	7	2	12
OG0002376	4	4	4	12
OG0002377	5	5	2	12
OG0002378	9	1	2	12
OG0002379	4	6	2	12
OG0002380	3	7	2	12
OG0002381	4	4	4	12
OG0002382	6	6	0	12
OG0002383	5	5	2	12
OG0002384	4	4	4	12
OG0002385	5	3	4	12
OG0002386	3	5	4	12
OG0002387	4	6	2	12
OG0002388	6	4	2	12
OG0002389	6	4	2	12
OG0002390	6	4	2	12
OG0002391	4	6	2	12
OG0002392	8	2	2	12
OG0002393	3	5	4	12
OG0002394	3	5	4	12
OG0002395	5	5	2	12
OG0002396	6	4	2	12
OG0002397	8	3	1	12
OG0002398	3	5	4	12
OG0002399	4	5	3	12
OG0002400	4	4	4	12
OG0002401	4	6	2	12
OG0002402	4	6	2	12
OG0002403	5	5	2	12
OG0002404	4	4	4	12
OG0002405	3	7	2	12
OG0002406	4	5	3	12
OG0002407	3	5	4	12
OG0002408	3	5	4	12
OG0002409	6	6	0	12
OG0002410	4	4	4	12
OG0002411	3	7	2	12
OG0002412	5	5	2	12
OG0002413	5	5	2	12
OG0002414	5	5	2	12
OG0002415	3	5	4	12
OG0002416	5	3	4	12
OG0002417	4	4	4	12
OG0002418	4	4	4	12
OG0002419	10	1	1	12
OG0002420	4	4	4	12
OG0002421	2	4	6	12
OG0002422	4	4	4	12
OG0002423	2	0	10	12
OG0002424	4	8	0	12
OG0002425	3	5	4	12
OG0002426	3	7	2	12
OG0002427	4	5	3	12
OG0002428	1	5	6	12
OG0002429	2	6	4	12
OG0002430	3	7	2	12
OG0002431	4	4	4	12
OG0002432	2	9	1	12
OG0002433	4	6	2	12
OG0002434	4	4	4	12
OG0002435	8	2	2	12
OG0002436	6	4	2	12
OG0002437	4	4	4	12
OG0002438	5	5	2	12
OG0002439	5	4	3	12
OG0002440	4	6	2	12
OG0002441	4	6	2	12
OG0002442	4	6	2	12
OG0002443	1	7	4	12
OG0002444	4	4	4	12
OG0002445	5	5	2	12
OG0002446	1	1	10	12
OG0002447	3	5	4	12
OG0002448	5	5	2	12
OG0002449	3	6	3	12
OG0002450	11	1	0	12
OG0002451	9	1	2	12
OG0002452	3	5	4	12
OG0002453	6	4	2	12
OG0002454	4	4	4	12
OG0002455	4	4	4	12
OG0002456	6	2	4	12
OG0002457	3	5	4	12
OG0002458	4	6	2	12
OG0002459	6	4	2	12
OG0002460	3	5	4	12
OG0002461	4	4	4	12
OG0002462	4	4	4	12
OG0002463	8	2	2	12
OG0002464	4	4	4	12
OG0002465	5	5	2	12
OG0002466	3	5	4	12
OG0002467	3	5	4	12
OG0002468	3	7	2	12
OG0002469	4	4	4	12
OG0002470	6	4	2	12
OG0002471	4	4	4	12
OG0002472	5	5	2	12
OG0002473	4	4	4	12
OG0002474	5	4	3	12
OG0002475	4	4	4	12
OG0002476	4	5	3	12
OG0002477	5	5	2	12
OG0002478	5	5	2	12
OG0002479	6	4	2	12
OG0002480	4	4	4	12
OG0002481	4	4	4	12
OG0002482	3	5	4	12
OG0002483	4	6	2	12
OG0002484	7	3	2	12
OG0002485	6	4	2	12
OG0002486	9	1	2	12
OG0002487	8	0	4	12
OG0002488	4	4	4	12
OG0002489	3	5	4	12
OG0002490	7	3	2	12
OG0002491	4	4	4	12
OG0002492	4	4	4	12
OG0002493	6	4	2	12
OG0002494	5	5	2	12
OG0002495	6	4	2	12
OG0002496	5	3	4	12
OG0002497	7	4	1	12
OG0002498	4	4	4	12
OG0002499	4	4	4	12
OG0002500	3	5	4	12
OG0002501	6	4	2	12
OG0002502	4	4	4	12
OG0002503	4	4	4	12
OG0002504	3	7	2	12
OG0002505	2	6	4	12
OG0002506	3	5	4	12
OG0002507	4	4	4	12
OG0002508	4	6	2	12
OG0002509	4	4	4	12
OG0002510	4	6	2	12
OG0002511	4	5	3	12
OG0002512	5	3	4	12
OG0002513	3	7	2	12
OG0002514	3	7	2	12
OG0002515	4	4	4	12
OG0002516	4	4	4	12
OG0002517	4	4	4	12
OG0002518	4	4	4	12
OG0002519	5	6	1	12
OG0002520	3	7	2	12
OG0002521	4	4	4	12
OG0002522	6	4	2	12
OG0002523	4	6	2	12
OG0002524	4	6	2	12
OG0002525	4	4	4	12
OG0002526	3	4	5	12
OG0002527	8	2	2	12
OG0002528	4	4	4	12
OG0002529	5	4	3	12
OG0002530	4	4	4	12
OG0002531	4	4	4	12
OG0002532	5	5	2	12
OG0002533	8	2	2	12
OG0002534	4	4	4	12
OG0002535	2	8	2	12
OG0002536	3	5	4	12
OG0002537	6	4	2	12
OG0002538	3	5	4	12
OG0002539	4	4	4	12
OG0002540	4	4	4	12
OG0002541	4	4	4	12
OG0002542	4	4	4	12
OG0002543	3	5	4	12
OG0002544	6	4	2	12
OG0002545	4	4	4	12
OG0002546	3	5	4	12
OG0002547	4	4	4	12
OG0002548	4	4	4	12
OG0002549	4	4	4	12
OG0002550	8	2	2	12
OG0002551	4	6	2	12
OG0002552	4	6	2	12
OG0002553	5	5	2	12
OG0002554	2	8	2	12
OG0002555	4	4	4	12
OG0002556	5	5	2	12
OG0002557	4	4	4	12
OG0002558	4	4	4	12
OG0002559	4	4	4	12
OG0002560	4	4	4	12
OG0002561	4	4	4	12
OG0002562	4	4	4	12
OG0002563	4	4	4	12
OG0002564	7	3	2	12
OG0002565	4	6	2	12
OG0002566	4	6	2	12
OG0002567	4	4	4	12
OG0002568	2	6	4	12
OG0002569	4	4	4	12
OG0002570	5	5	2	12
OG0002571	7	3	2	12
OG0002572	7	3	2	12
OG0002573	3	4	5	12
OG0002574	4	4	4	12
OG0002575	7	4	1	12
OG0002576	6	4	2	12
OG0002577	3	5	4	12
OG0002578	4	6	2	12
OG0002579	4	6	2	12
OG0002580	6	4	2	12
OG0002581	7	3	2	12
OG0002582	4	4	4	12
OG0002583	6	4	2	12
OG0002584	4	6	2	12
OG0002585	3	5	4	12
OG0002586	8	2	2	12
OG0002587	7	3	2	12
OG0002588	2	8	2	12
OG0002589	4	6	2	12
OG0002590	4	6	2	12
OG0002591	6	4	2	12
OG0002592	3	7	2	12
OG0002593	3	5	4	12
OG0002594	4	4	4	12
OG0002595	3	4	5	12
OG0002596	4	4	4	12
OG0002597	4	4	4	12
OG0002598	6	4	2	12
OG0002599	4	5	3	12
OG0002600	4	5	3	12
OG0002601	5	3	4	12
OG0002602	4	6	2	12
OG0002603	4	5	3	12
OG0002604	2	4	6	12
OG0002605	6	4	2	12
OG0002606	4	6	2	12
OG0002607	3	5	4	12
OG0002608	6	4	2	12
OG0002609	7	3	2	12
OG0002610	5	6	1	12
OG0002611	5	5	2	12
OG0002612	4	6	2	12
OG0002613	3	7	2	12
OG0002614	4	6	2	12
OG0002615	6	4	2	12
OG0002616	3	7	2	12
OG0002617	6	4	2	12
OG0002618	5	5	2	12
OG0002619	8	3	1	12
OG0002620	4	4	4	12
OG0002621	6	4	2	12
OG0002622	2	6	4	12
OG0002623	3	5	4	12
OG0002624	3	5	4	12
OG0002625	3	5	4	12
OG0002626	4	4	4	12
OG0002627	4	4	4	12
OG0002628	5	5	2	12
OG0002629	2	8	2	12
OG0002630	4	4	4	12
OG0002631	5	6	1	12
OG0002632	2	8	2	12
OG0002633	3	5	4	12
OG0002634	5	5	2	12
OG0002635	4	6	2	12
OG0002636	4	4	4	12
OG0002637	5	3	4	12
OG0002638	4	4	4	12
OG0002639	1	3	8	12
OG0002640	3	5	4	12
OG0002641	4	4	4	12
OG0002642	4	4	4	12
OG0002643	4	4	4	12
OG0002644	4	6	2	12
OG0002645	6	5	1	12
OG0002646	8	3	1	12
OG0002647	6	4	2	12
OG0002648	4	6	2	12
OG0002649	3	5	4	12
OG0002650	4	4	4	12
OG0002651	5	5	2	12
OG0002652	5	5	2	12
OG0002653	6	4	2	12
OG0002654	4	4	4	12
OG0002655	2	8	2	12
OG0002656	3	5	4	12
OG0002657	6	4	2	12
OG0002658	4	6	2	12
OG0002659	3	7	2	12
OG0002660	5	5	2	12
OG0002661	4	6	2	12
OG0002662	4	6	2	12
OG0002663	3	7	2	12
OG0002664	5	5	2	12
OG0002665	6	4	2	12
OG0002666	4	4	4	12
OG0002667	5	5	2	12
OG0002668	7	3	2	12
OG0002669	5	5	2	12
OG0002670	2	8	2	12
OG0002671	5	5	2	12
OG0002672	5	5	2	12
OG0002673	4	6	2	12
OG0002674	4	6	2	12
OG0002675	9	1	2	12
OG0002676	7	3	2	12
OG0002677	7	3	2	12
OG0002678	3	5	4	12
OG0002679	5	5	2	12
OG0002680	6	4	2	12
OG0002681	7	3	2	12
OG0002682	4	4	4	12
OG0002683	6	4	2	12
OG0002684	3	5	4	12
OG0002685	5	5	2	12
OG0002686	4	4	4	12
OG0002687	4	4	4	12
OG0002688	4	4	4	12
OG0002689	3	2	7	12
OG0002690	5	5	2	12
OG0002691	4	6	2	12
OG0002692	5	5	2	12
OG0002693	6	4	2	12
OG0002694	5	5	2	12
OG0002695	7	3	2	12
OG0002696	5	5	2	12
OG0002697	8	2	2	12
OG0002698	5	5	2	12
OG0002699	8	2	2	12
OG0002700	4	4	4	12
OG0002701	8	3	1	12
OG0002702	4	7	1	12
OG0002703	5	5	2	12
OG0002704	5	5	2	12
OG0002705	4	6	2	12
OG0002706	4	6	2	12
OG0002707	5	5	2	12
OG0002708	3	5	4	12
OG0002709	4	6	2	12
OG0002710	5	5	2	12
OG0002711	3	5	4	12
OG0002712	3	5	4	12
OG0002713	3	5	4	12
OG0002714	3	5	4	12
OG0002715	2	5	5	12
OG0002716	3	4	5	12
OG0002717	6	5	1	12
OG0002718	4	6	2	12
OG0002719	1	7	4	12
OG0002720	2	6	4	12
OG0002721	2	8	2	12
OG0002722	5	5	2	12
OG0002723	3	7	2	12
OG0002724	4	5	3	12
OG0002725	2	6	4	12
OG0002726	5	5	2	12
OG0002727	8	2	2	12
OG0002728	6	4	2	12
OG0002729	5	5	2	12
OG0002730	2	8	2	12
OG0002731	3	5	4	12
OG0002732	2	6	4	12
OG0002733	9	3	0	12
OG0002734	1	7	4	12
OG0002735	2	8	2	12
OG0002736	2	8	2	12
OG0002737	0	12	0	12
OG0002738	0	1	11	12
OG0002739	0	4	8	12
OG0002740	3	4	4	11
OG0002741	6	3	2	11
OG0002742	3	4	4	11
OG0002743	4	4	3	11
OG0002744	3	5	3	11
OG0002745	2	5	4	11
OG0002746	4	5	2	11
OG0002747	3	4	4	11
OG0002748	4	5	2	11
OG0002749	6	3	2	11
OG0002750	4	4	3	11
OG0002751	6	3	2	11
OG0002752	2	7	2	11
OG0002753	3	6	2	11
OG0002754	5	4	2	11
OG0002755	4	5	2	11
OG0002756	5	4	2	11
OG0002757	8	2	1	11
OG0002758	4	5	2	11
OG0002759	3	4	4	11
OG0002760	3	4	4	11
OG0002761	3	4	4	11
OG0002762	4	4	3	11
OG0002763	3	5	3	11
OG0002764	3	6	2	11
OG0002765	3	4	4	11
OG0002766	4	4	3	11
OG0002767	6	3	2	11
OG0002768	5	4	2	11
OG0002769	3	4	4	11
OG0002770	4	3	4	11
OG0002771	3	4	4	11
OG0002772	5	4	2	11
OG0002773	3	4	4	11
OG0002774	5	4	2	11
OG0002775	6	3	2	11
OG0002776	3	4	4	11
OG0002777	5	4	2	11
OG0002778	4	0	7	11
OG0002779	4	5	2	11
OG0002780	4	3	4	11
OG0002781	5	4	2	11
OG0002782	3	4	4	11
OG0002783	4	5	2	11
OG0002784	3	4	4	11
OG0002785	3	6	2	11
OG0002786	5	4	2	11
OG0002787	4	4	3	11
OG0002788	3	4	4	11
OG0002789	5	3	3	11
OG0002790	5	4	2	11
OG0002791	4	5	2	11
OG0002792	3	4	4	11
OG0002793	3	4	4	11
OG0002794	5	2	4	11
OG0002795	2	5	4	11
OG0002796	4	5	2	11
OG0002797	2	7	2	11
OG0002798	6	4	1	11
OG0002799	3	6	2	11
OG0002800	4	5	2	11
OG0002801	3	6	2	11
OG0002802	6	3	2	11
OG0002803	3	4	4	11
OG0002804	5	4	2	11
OG0002805	5	4	2	11
OG0002806	5	4	2	11
OG0002807	3	4	4	11
OG0002808	3	4	4	11
OG0002809	4	6	1	11
OG0002810	3	4	4	11
OG0002811	6	3	2	11
OG0002812	3	6	2	11
OG0002813	4	5	2	11
OG0002814	3	4	4	11
OG0002815	4	5	2	11
OG0002816	8	1	2	11
OG0002817	4	5	2	11
OG0002818	3	4	4	11
OG0002819	4	3	4	11
OG0002820	5	4	2	11
OG0002821	4	3	4	11
OG0002822	5	4	2	11
OG0002823	4	3	4	11
OG0002824	6	3	2	11
OG0002825	4	4	3	11
OG0002826	3	4	4	11
OG0002827	4	5	2	11
OG0002828	5	4	2	11
OG0002829	2	5	4	11
OG0002830	3	4	4	11
OG0002831	4	4	3	11
OG0002832	3	4	4	11
OG0002833	8	2	1	11
OG0002834	4	4	3	11
OG0002835	4	5	2	11
OG0002836	3	4	4	11
OG0002837	6	3	2	11
OG0002838	2	5	4	11
OG0002839	3	4	4	11
OG0002840	3	4	4	11
OG0002841	4	4	3	11
OG0002842	3	5	3	11
OG0002843	2	4	5	11
OG0002844	4	5	2	11
OG0002845	7	4	0	11
OG0002846	5	4	2	11
OG0002847	6	3	2	11
OG0002848	2	5	4	11
OG0002849	4	5	2	11
OG0002850	3	4	4	11
OG0002851	4	3	4	11
OG0002852	7	2	2	11
OG0002853	1	3	7	11
OG0002854	4	5	2	11
OG0002855	6	3	2	11
OG0002856	9	1	1	11
OG0002857	5	2	4	11
OG0002858	5	4	2	11
OG0002859	3	4	4	11
OG0002860	4	3	4	11
OG0002861	7	2	2	11
OG0002862	3	4	4	11
OG0002863	4	5	2	11
OG0002864	3	4	4	11
OG0002865	5	4	2	11
OG0002866	5	4	2	11
OG0002867	5	4	2	11
OG0002868	3	4	4	11
OG0002869	4	3	4	11
OG0002870	3	5	3	11
OG0002871	6	3	2	11
OG0002872	4	4	3	11
OG0002873	5	3	3	11
OG0002874	5	4	2	11
OG0002875	3	4	4	11
OG0002876	5	4	2	11
OG0002877	6	3	2	11
OG0002878	5	4	2	11
OG0002879	3	4	4	11
OG0002880	5	4	2	11
OG0002881	6	3	2	11
OG0002882	5	4	2	11
OG0002883	5	4	2	11
OG0002884	3	5	3	11
OG0002885	3	5	3	11
OG0002886	3	4	4	11
OG0002887	7	2	2	11
OG0002888	4	5	2	11
OG0002889	3	4	4	11
OG0002890	6	3	2	11
OG0002891	4	3	4	11
OG0002892	4	3	4	11
OG0002893	7	2	2	11
OG0002894	3	4	4	11
OG0002895	4	4	3	11
OG0002896	3	4	4	11
OG0002897	3	4	4	11
OG0002898	4	4	3	11
OG0002899	4	3	4	11
OG0002900	4	4	3	11
OG0002901	4	5	2	11
OG0002902	2	7	2	11
OG0002903	6	3	2	11
OG0002904	3	4	4	11
OG0002905	4	4	3	11
OG0002906	2	7	2	11
OG0002907	3	4	4	11
OG0002908	4	3	4	11
OG0002909	3	6	2	11
OG0002910	3	6	2	11
OG0002911	4	5	2	11
OG0002912	3	4	4	11
OG0002913	3	4	4	11
OG0002914	3	6	2	11
OG0002915	6	3	2	11
OG0002916	5	4	2	11
OG0002917	3	4	4	11
OG0002918	6	3	2	11
OG0002919	1	0	10	11
OG0002920	4	3	4	11
OG0002921	5	3	3	11
OG0002922	2	7	2	11
OG0002923	3	4	4	11
OG0002924	6	3	2	11
OG0002925	3	4	4	11
OG0002926	6	3	2	11
OG0002927	3	4	4	11
OG0002928	2	5	4	11
OG0002929	7	2	2	11
OG0002930	5	4	2	11
OG0002931	3	4	4	11
OG0002932	3	6	2	11
OG0002933	3	4	4	11
OG0002934	5	4	2	11
OG0002935	3	4	4	11
OG0002936	4	5	2	11
OG0002937	4	5	2	11
OG0002938	3	4	4	11
OG0002939	3	4	4	11
OG0002940	3	4	4	11
OG0002941	3	6	2	11
OG0002942	6	3	2	11
OG0002943	4	3	4	11
OG0002944	3	4	4	11
OG0002945	4	5	2	11
OG0002946	6	4	1	11
OG0002947	4	3	4	11
OG0002948	3	4	4	11
OG0002949	5	4	2	11
OG0002950	4	5	2	11
OG0002951	5	4	2	11
OG0002952	7	2	2	11
OG0002953	4	4	3	11
OG0002954	6	4	1	11
OG0002955	7	2	2	11
OG0002956	6	4	1	11
OG0002957	2	5	4	11
OG0002958	7	2	2	11
OG0002959	3	4	4	11
OG0002960	4	5	2	11
OG0002961	4	3	4	11
OG0002962	3	4	4	11
OG0002963	4	5	2	11
OG0002964	3	5	3	11
OG0002965	4	4	3	11
OG0002966	4	5	2	11
OG0002967	6	4	1	11
OG0002968	3	6	2	11
OG0002969	4	5	2	11
OG0002970	7	2	2	11
OG0002971	3	6	2	11
OG0002972	5	4	2	11
OG0002973	8	2	1	11
OG0002974	3	4	4	11
OG0002975	3	4	4	11
OG0002976	3	6	2	11
OG0002977	3	4	4	11
OG0002978	6	3	2	11
OG0002979	3	4	4	11
OG0002980	3	6	2	11
OG0002981	2	5	4	11
OG0002982	2	5	4	11
OG0002983	1	8	2	11
OG0002984	4	5	2	11
OG0002985	4	4	3	11
OG0002986	5	4	2	11
OG0002987	4	3	4	11
OG0002988	3	4	4	11
OG0002989	2	8	1	11
OG0002990	3	4	4	11
OG0002991	3	1	7	11
OG0002992	3	4	4	11
OG0002993	3	4	4	11
OG0002994	6	2	3	11
OG0002995	3	4	4	11
OG0002996	8	3	0	11
OG0002997	3	7	1	11
OG0002998	2	5	4	11
OG0002999	1	8	2	11
OG0003000	3	4	4	11
OG0003001	3	4	4	11
OG0003002	3	4	4	11
OG0003003	8	2	1	11
OG0003004	4	7	0	11
OG0003005	3	4	4	11
OG0003006	4	5	2	11
OG0003007	6	2	3	11
OG0003008	3	0	8	11
OG0003009	5	4	2	11
OG0003010	5	4	2	11
OG0003011	3	6	2	11
OG0003012	4	3	4	11
OG0003013	4	3	4	11
OG0003014	4	5	2	11
OG0003015	5	4	2	11
OG0003016	3	4	4	11
OG0003017	6	3	2	11
OG0003018	5	4	2	11
OG0003019	6	3	2	11
OG0003020	1	5	5	11
OG0003021	3	4	4	11
OG0003022	4	5	2	11
OG0003023	3	5	3	11
OG0003024	3	4	4	11
OG0003025	9	2	0	11
OG0003026	5	4	2	11
OG0003027	3	6	2	11
OG0003028	5	4	2	11
OG0003029	3	4	4	11
OG0003030	3	4	4	11
OG0003031	3	6	2	11
OG0003032	4	5	2	11
OG0003033	3	6	2	11
OG0003034	3	4	4	11
OG0003035	5	4	2	11
OG0003036	6	5	0	11
OG0003037	2	7	2	11
OG0003038	5	4	2	11
OG0003039	3	4	4	11
OG0003040	6	3	2	11
OG0003041	4	4	3	11
OG0003042	5	4	2	11
OG0003043	5	4	2	11
OG0003044	3	4	4	11
OG0003045	8	1	2	11
OG0003046	3	4	4	11
OG0003047	5	4	2	11
OG0003048	5	4	2	11
OG0003049	6	3	2	11
OG0003050	3	4	4	11
OG0003051	3	4	4	11
OG0003052	5	2	4	11
OG0003053	5	4	2	11
OG0003054	5	4	2	11
OG0003055	8	1	2	11
OG0003056	2	5	4	11
OG0003057	3	4	4	11
OG0003058	4	5	2	11
OG0003059	4	3	4	11
OG0003060	7	3	1	11
OG0003061	5	4	2	11
OG0003062	6	4	1	11
OG0003063	4	5	2	11
OG0003064	4	5	2	11
OG0003065	3	4	4	11
OG0003066	7	2	2	11
OG0003067	3	6	2	11
OG0003068	2	5	4	11
OG0003069	2	5	4	11
OG0003070	2	5	4	11
OG0003071	3	4	4	11
OG0003072	4	5	2	11
OG0003073	5	4	2	11
OG0003074	4	5	2	11
OG0003075	5	4	2	11
OG0003076	3	4	4	11
OG0003077	3	5	3	11
OG0003078	4	5	2	11
OG0003079	3	4	4	11
OG0003080	3	6	2	11
OG0003081	5	4	2	11
OG0003082	3	4	4	11
OG0003083	3	4	4	11
OG0003084	4	5	2	11
OG0003085	3	6	2	11
OG0003086	3	4	4	11
OG0003087	4	3	4	11
OG0003088	3	4	4	11
OG0003089	4	4	3	11
OG0003090	3	4	4	11
OG0003091	4	4	3	11
OG0003092	3	4	4	11
OG0003093	4	5	2	11
OG0003094	4	3	4	11
OG0003095	5	4	2	11
OG0003096	4	5	2	11
OG0003097	4	4	3	11
OG0003098	6	2	3	11
OG0003099	5	4	2	11
OG0003100	2	5	4	11
OG0003101	4	5	2	11
OG0003102	7	2	2	11
OG0003103	5	5	1	11
OG0003104	3	4	4	11
OG0003105	3	4	4	11
OG0003106	3	4	4	11
OG0003107	4	5	2	11
OG0003108	6	3	2	11
OG0003109	3	4	4	11
OG0003110	4	5	2	11
OG0003111	3	4	4	11
OG0003112	5	5	1	11
OG0003113	4	5	2	11
OG0003114	3	4	4	11
OG0003115	5	4	2	11
OG0003116	5	4	2	11
OG0003117	3	4	4	11
OG0003118	3	4	4	11
OG0003119	5	2	4	11
OG0003120	6	3	2	11
OG0003121	3	4	4	11
OG0003122	6	3	2	11
OG0003123	3	4	4	11
OG0003124	6	3	2	11
OG0003125	4	5	2	11
OG0003126	3	4	4	11
OG0003127	3	8	0	11
OG0003128	3	4	4	11
OG0003129	3	6	2	11
OG0003130	3	4	4	11
OG0003131	3	6	2	11
OG0003132	3	4	4	11
OG0003133	4	3	4	11
OG0003134	5	4	2	11
OG0003135	7	2	2	11
OG0003136	4	3	4	11
OG0003137	3	4	4	11
OG0003138	4	5	2	11
OG0003139	4	3	4	11
OG0003140	5	4	2	11
OG0003141	5	5	1	11
OG0003142	1	0	10	11
OG0003143	5	4	2	11
OG0003144	3	6	2	11
OG0003145	3	4	4	11
OG0003146	3	4	4	11
OG0003147	4	5	2	11
OG0003148	5	4	2	11
OG0003149	1	8	2	11
OG0003150	4	2	5	11
OG0003151	1	4	6	11
OG0003152	5	4	2	11
OG0003153	3	4	4	11
OG0003154	4	5	2	11
OG0003155	3	3	5	11
OG0003156	5	4	2	11
OG0003157	3	4	4	11
OG0003158	3	4	4	11
OG0003159	5	4	2	11
OG0003160	4	5	2	11
OG0003161	3	4	4	11
OG0003162	2	5	4	11
OG0003163	6	3	2	11
OG0003164	7	2	2	11
OG0003165	3	6	2	11
OG0003166	2	7	2	11
OG0003167	3	5	3	11
OG0003168	4	4	3	11
OG0003169	3	5	3	11
OG0003170	3	6	2	11
OG0003171	3	4	4	11
OG0003172	3	6	2	11
OG0003173	3	4	4	11
OG0003174	5	4	2	11
OG0003175	5	4	2	11
OG0003176	4	5	2	11
OG0003177	5	4	2	11
OG0003178	4	5	2	11
OG0003179	4	5	2	11
OG0003180	2	7	2	11
OG0003181	6	3	2	11
OG0003182	6	3	2	11
OG0003183	4	3	4	11
OG0003184	6	3	2	11
OG0003185	7	4	0	11
OG0003186	3	4	4	11
OG0003187	5	4	2	11
OG0003188	5	4	2	11
OG0003189	4	5	2	11
OG0003190	6	3	2	11
OG0003191	6	3	2	11
OG0003192	6	3	2	11
OG0003193	3	6	2	11
OG0003194	4	5	2	11
OG0003195	3	4	4	11
OG0003196	3	5	3	11
OG0003197	4	3	4	11
OG0003198	4	5	2	11
OG0003199	3	4	4	11
OG0003200	3	4	4	11
OG0003201	3	4	4	11
OG0003202	5	4	2	11
OG0003203	4	5	2	11
OG0003204	2	7	2	11
OG0003205	6	3	2	11
OG0003206	6	3	2	11
OG0003207	3	4	4	11
OG0003208	5	4	2	11
OG0003209	4	5	2	11
OG0003210	4	6	1	11
OG0003211	4	4	3	11
OG0003212	3	4	4	11
OG0003213	5	4	2	11
OG0003214	7	2	2	11
OG0003215	2	5	4	11
OG0003216	4	3	4	11
OG0003217	7	2	2	11
OG0003218	5	4	2	11
OG0003219	6	3	2	11
OG0003220	4	3	4	11
OG0003221	3	4	4	11
OG0003222	5	5	1	11
OG0003223	3	4	4	11
OG0003224	3	4	4	11
OG0003225	4	5	2	11
OG0003226	3	4	4	11
OG0003227	5	4	2	11
OG0003228	4	5	2	11
OG0003229	3	4	4	11
OG0003230	6	3	2	11
OG0003231	4	5	2	11
OG0003232	2	5	4	11
OG0003233	3	4	4	11
OG0003234	4	5	2	11
OG0003235	6	2	3	11
OG0003236	2	5	4	11
OG0003237	3	6	2	11
OG0003238	3	4	4	11
OG0003239	5	4	2	11
OG0003240	6	4	1	11
OG0003241	5	4	2	11
OG0003242	3	4	4	11
OG0003243	2	7	2	11
OG0003244	6	3	2	11
OG0003245	4	5	2	11
OG0003246	5	4	2	11
OG0003247	3	4	4	11
OG0003248	5	4	2	11
OG0003249	5	5	1	11
OG0003250	4	5	2	11
OG0003251	3	4	4	11
OG0003252	4	5	2	11
OG0003253	6	3	2	11
OG0003254	5	4	2	11
OG0003255	3	4	4	11
OG0003256	7	3	1	11
OG0003257	5	5	1	11
OG0003258	4	3	4	11
OG0003259	3	6	2	11
OG0003260	3	4	4	11
OG0003261	3	5	3	11
OG0003262	4	5	2	11
OG0003263	4	4	3	11
OG0003264	2	7	2	11
OG0003265	3	4	4	11
OG0003266	6	3	2	11
OG0003267	4	5	2	11
OG0003268	6	3	2	11
OG0003269	3	4	4	11
OG0003270	4	5	2	11
OG0003271	3	4	4	11
OG0003272	6	3	2	11
OG0003273	4	5	2	11
OG0003274	3	4	4	11
OG0003275	5	4	2	11
OG0003276	5	4	2	11
OG0003277	3	6	2	11
OG0003278	6	2	3	11
OG0003279	4	5	2	11
OG0003280	2	7	2	11
OG0003281	3	6	2	11
OG0003282	6	3	2	11
OG0003283	3	4	4	11
OG0003284	4	5	2	11
OG0003285	5	3	3	11
OG0003286	3	4	4	11
OG0003287	3	4	4	11
OG0003288	4	5	2	11
OG0003289	3	4	4	11
OG0003290	7	2	2	11
OG0003291	5	4	2	11
OG0003292	5	4	2	11
OG0003293	5	4	2	11
OG0003294	3	6	2	11
OG0003295	3	4	4	11
OG0003296	5	4	2	11
OG0003297	2	7	2	11
OG0003298	6	3	2	11
OG0003299	4	5	2	11
OG0003300	5	5	1	11
OG0003301	5	4	2	11
OG0003302	3	4	4	11
OG0003303	5	4	2	11
OG0003304	9	1	1	11
OG0003305	4	5	2	11
OG0003306	3	6	2	11
OG0003307	2	5	4	11
OG0003308	3	4	4	11
OG0003309	6	3	2	11
OG0003310	3	6	2	11
OG0003311	4	6	1	11
OG0003312	3	5	3	11
OG0003313	4	3	4	11
OG0003314	2	5	4	11
OG0003315	4	3	4	11
OG0003316	4	5	2	11
OG0003317	4	5	2	11
OG0003318	3	4	4	11
OG0003319	2	4	5	11
OG0003320	3	6	2	11
OG0003321	3	4	4	11
OG0003322	5	4	2	11
OG0003323	6	3	2	11
OG0003324	3	4	4	11
OG0003325	5	4	2	11
OG0003326	7	2	2	11
OG0003327	7	2	2	11
OG0003328	5	4	2	11
OG0003329	5	4	2	11
OG0003330	3	4	4	11
OG0003331	6	3	2	11
OG0003332	2	7	2	11
OG0003333	5	4	2	11
OG0003334	4	6	1	11
OG0003335	4	5	2	11
OG0003336	6	3	2	11
OG0003337	5	4	2	11
OG0003338	6	3	2	11
OG0003339	5	4	2	11
OG0003340	3	4	4	11
OG0003341	3	6	2	11
OG0003342	3	4	4	11
OG0003343	4	5	2	11
OG0003344	5	4	2	11
OG0003345	3	6	2	11
OG0003346	4	5	2	11
OG0003347	3	4	4	11
OG0003348	2	5	4	11
OG0003349	7	2	2	11
OG0003350	2	7	2	11
OG0003351	2	5	4	11
OG0003352	1	9	1	11
OG0003353	4	5	2	11
OG0003354	2	5	4	11
OG0003355	4	5	2	11
OG0003356	1	8	2	11
OG0003357	3	6	2	11
OG0003358	2	5	4	11
OG0003359	2	5	4	11
OG0003360	3	4	4	11
OG0003361	2	7	2	11
OG0003362	2	7	2	11
OG0003363	9	1	1	11
OG0003364	3	4	4	11
OG0003365	3	7	1	11
OG0003366	2	0	9	11
OG0003367	2	1	8	11
OG0003368	3	4	4	11
OG0003369	4	5	2	11
OG0003370	5	5	1	11
OG0003371	6	5	0	11
OG0003372	7	4	0	11
OG0003373	1	6	4	11
OG0003374	2	7	2	11
OG0003375	1	8	2	11
OG0003376	5	4	2	11
OG0003377	6	3	2	11
OG0003378	7	2	2	11
OG0003379	4	5	2	11
OG0003380	6	3	2	11
OG0003381	1	0	10	11
OG0003382	6	3	2	11
OG0003383	1	8	2	11
OG0003384	3	6	2	11
OG0003385	4	4	3	11
OG0003386	2	5	4	11
OG0003387	5	4	2	11
OG0003388	6	3	2	11
OG0003389	9	1	1	11
OG0003390	3	7	1	11
OG0003391	4	5	2	11
OG0003392	3	7	1	11
OG0003393	1	7	3	11
OG0003394	2	5	4	11
OG0003395	6	4	1	11
OG0003396	6	4	1	11
OG0003397	2	7	2	11
OG0003398	3	6	2	11
OG0003399	4	5	2	11
OG0003400	2	4	5	11
OG0003401	3	3	5	11
OG0003402	3	6	2	11
OG0003403	2	7	2	11
OG0003404	1	8	2	11
OG0003405	5	4	2	11
OG0003406	1	10	0	11
OG0003407	9	0	2	11
OG0003408	9	1	1	11
OG0003409	8	1	2	11
OG0003410	3	5	3	11
OG0003411	4	4	2	10
OG0003412	2	4	4	10
OG0003413	5	3	2	10
OG0003414	4	4	2	10
OG0003415	3	4	3	10
OG0003416	4	4	2	10
OG0003417	5	3	2	10
OG0003418	3	5	2	10
OG0003419	4	5	1	10
OG0003420	4	4	2	10
OG0003421	4	3	3	10
OG0003422	2	2	6	10
OG0003423	4	4	2	10
OG0003424	4	4	2	10
OG0003425	4	4	2	10
OG0003426	2	4	4	10
OG0003427	3	3	4	10
OG0003428	3	3	4	10
OG0003429	2	4	4	10
OG0003430	5	3	2	10
OG0003431	4	4	2	10
OG0003432	4	4	2	10
OG0003433	4	4	2	10
OG0003434	4	4	2	10
OG0003435	4	4	2	10
OG0003436	5	3	2	10
OG0003437	4	4	2	10
OG0003438	3	5	2	10
OG0003439	6	2	2	10
OG0003440	3	5	2	10
OG0003441	6	2	2	10
OG0003442	9	0	1	10
OG0003443	3	3	4	10
OG0003444	7	2	1	10
OG0003445	3	3	4	10
OG0003446	4	4	2	10
OG0003447	4	3	3	10
OG0003448	6	0	4	10
OG0003449	3	5	2	10
OG0003450	1	7	2	10
OG0003451	4	4	2	10
OG0003452	4	4	2	10
OG0003453	5	3	2	10
OG0003454	3	4	3	10
OG0003455	2	4	4	10
OG0003456	3	5	2	10
OG0003457	4	4	2	10
OG0003458	2	4	4	10
OG0003459	5	1	4	10
OG0003460	2	4	4	10
OG0003461	4	4	2	10
OG0003462	4	4	2	10
OG0003463	4	4	2	10
OG0003464	4	4	2	10
OG0003465	2	4	4	10
OG0003466	5	3	2	10
OG0003467	3	4	3	10
OG0003468	2	4	4	10
OG0003469	4	4	2	10
OG0003470	2	6	2	10
OG0003471	6	2	2	10
OG0003472	4	4	2	10
OG0003473	2	6	2	10
OG0003474	4	4	2	10
OG0003475	3	3	4	10
OG0003476	2	5	3	10
OG0003477	4	4	2	10
OG0003478	1	7	2	10
OG0003479	4	4	2	10
OG0003480	1	5	4	10
OG0003481	6	2	2	10
OG0003482	6	2	2	10
OG0003483	4	4	2	10
OG0003484	5	3	2	10
OG0003485	5	3	2	10
OG0003486	4	3	3	10
OG0003487	4	5	1	10
OG0003488	3	4	3	10
OG0003489	2	5	3	10
OG0003490	3	5	2	10
OG0003491	3	3	4	10
OG0003492	8	1	1	10
OG0003493	4	4	2	10
OG0003494	1	0	9	10
OG0003495	2	4	4	10
OG0003496	3	5	2	10
OG0003497	4	4	2	10
OG0003498	4	4	2	10
OG0003499	4	4	2	10
OG0003500	5	3	2	10
OG0003501	3	5	2	10
OG0003502	4	4	2	10
OG0003503	4	4	2	10
OG0003504	3	5	2	10
OG0003505	4	4	2	10
OG0003506	4	4	2	10
OG0003507	6	2	2	10
OG0003508	4	4	2	10
OG0003509	3	4	3	10
OG0003510	4	4	2	10
OG0003511	5	3	2	10
OG0003512	3	4	3	10
OG0003513	4	4	2	10
OG0003514	3	5	2	10
OG0003515	2	6	2	10
OG0003516	5	3	2	10
OG0003517	2	4	4	10
OG0003518	4	4	2	10
OG0003519	1	7	2	10
OG0003520	3	3	4	10
OG0003521	3	5	2	10
OG0003522	4	4	2	10
OG0003523	5	3	2	10
OG0003524	3	4	3	10
OG0003525	3	4	3	10
OG0003526	4	4	2	10
OG0003527	3	4	3	10
OG0003528	2	6	2	10
OG0003529	6	3	1	10
OG0003530	4	4	2	10
OG0003531	2	4	4	10
OG0003532	3	5	2	10
OG0003533	5	3	2	10
OG0003534	3	5	2	10
OG0003535	3	3	4	10
OG0003536	4	4	2	10
OG0003537	2	6	2	10
OG0003538	5	3	2	10
OG0003539	3	5	2	10
OG0003540	6	2	2	10
OG0003541	4	4	2	10
OG0003542	4	4	2	10
OG0003543	4	4	2	10
OG0003544	4	3	3	10
OG0003545	3	3	4	10
OG0003546	3	3	4	10
OG0003547	4	4	2	10
OG0003548	5	3	2	10
OG0003549	4	4	2	10
OG0003550	3	5	2	10
OG0003551	2	4	4	10
OG0003552	3	4	3	10
OG0003553	2	4	4	10
OG0003554	4	4	2	10
OG0003555	3	0	7	10
OG0003556	3	5	2	10
OG0003557	4	2	4	10
OG0003558	3	5	2	10
OG0003559	5	3	2	10
OG0003560	3	2	5	10
OG0003561	3	5	2	10
OG0003562	4	4	2	10
OG0003563	4	3	3	10
OG0003564	4	4	2	10
OG0003565	3	5	2	10
OG0003566	4	4	2	10
OG0003567	3	4	3	10
OG0003568	4	4	2	10
OG0003569	4	4	2	10
OG0003570	3	3	4	10
OG0003571	6	0	4	10
OG0003572	7	2	1	10
OG0003573	4	4	2	10
OG0003574	2	5	3	10
OG0003575	5	3	2	10
OG0003576	6	3	1	10
OG0003577	4	4	2	10
OG0003578	4	4	2	10
OG0003579	2	4	4	10
OG0003580	4	3	3	10
OG0003581	3	3	4	10
OG0003582	4	3	3	10
OG0003583	3	5	2	10
OG0003584	2	4	4	10
OG0003585	4	4	2	10
OG0003586	4	4	2	10
OG0003587	4	4	2	10
OG0003588	4	4	2	10
OG0003589	6	2	2	10
OG0003590	4	4	2	10
OG0003591	7	1	2	10
OG0003592	2	4	4	10
OG0003593	5	3	2	10
OG0003594	5	3	2	10
OG0003595	4	4	2	10
OG0003596	3	3	4	10
OG0003597	5	3	2	10
OG0003598	2	4	4	10
OG0003599	5	3	2	10
OG0003600	3	5	2	10
OG0003601	3	3	4	10
OG0003602	6	2	2	10
OG0003603	4	4	2	10
OG0003604	4	4	2	10
OG0003605	5	1	4	10
OG0003606	2	6	2	10
OG0003607	3	5	2	10
OG0003608	4	4	2	10
OG0003609	4	4	2	10
OG0003610	4	4	2	10
OG0003611	4	4	2	10
OG0003612	6	2	2	10
OG0003613	4	4	2	10
OG0003614	3	4	3	10
OG0003615	3	5	2	10
OG0003616	2	6	2	10
OG0003617	3	3	4	10
OG0003618	4	4	2	10
OG0003619	4	4	2	10
OG0003620	3	3	4	10
OG0003621	6	2	2	10
OG0003622	2	4	4	10
OG0003623	5	4	1	10
OG0003624	4	4	2	10
OG0003625	4	4	2	10
OG0003626	5	3	2	10
OG0003627	3	5	2	10
OG0003628	5	3	2	10
OG0003629	3	3	4	10
OG0003630	3	5	2	10
OG0003631	4	4	2	10
OG0003632	3	3	4	10
OG0003633	3	5	2	10
OG0003634	5	3	2	10
OG0003635	2	6	2	10
OG0003636	4	4	2	10
OG0003637	4	4	2	10
OG0003638	6	2	2	10
OG0003639	4	4	2	10
OG0003640	2	6	2	10
OG0003641	4	4	2	10
OG0003642	4	4	2	10
OG0003643	4	4	2	10
OG0003644	2	5	3	10
OG0003645	4	4	2	10
OG0003646	4	4	2	10
OG0003647	2	6	2	10
OG0003648	4	4	2	10
OG0003649	2	4	4	10
OG0003650	6	2	2	10
OG0003651	4	4	2	10
OG0003652	3	4	3	10
OG0003653	4	4	2	10
OG0003654	9	1	0	10
OG0003655	3	4	3	10
OG0003656	4	4	2	10
OG0003657	4	4	2	10
OG0003658	2	4	4	10
OG0003659	4	4	2	10
OG0003660	4	4	2	10
OG0003661	2	4	4	10
OG0003662	3	4	3	10
OG0003663	4	5	1	10
OG0003664	6	2	2	10
OG0003665	4	4	2	10
OG0003666	5	3	2	10
OG0003667	3	5	2	10
OG0003668	3	4	3	10
OG0003669	4	4	2	10
OG0003670	3	4	3	10
OG0003671	3	5	2	10
OG0003672	5	3	2	10
OG0003673	5	4	1	10
OG0003674	3	5	2	10
OG0003675	3	5	2	10
OG0003676	5	3	2	10
OG0003677	4	4	2	10
OG0003678	3	4	3	10
OG0003679	9	0	1	10
OG0003680	5	4	1	10
OG0003681	5	3	2	10
OG0003682	2	4	4	10
OG0003683	2	6	2	10
OG0003684	8	1	1	10
OG0003685	6	2	2	10
OG0003686	6	2	2	10
OG0003687	1	7	2	10
OG0003688	4	4	2	10
OG0003689	2	6	2	10
OG0003690	6	2	2	10
OG0003691	6	2	2	10
OG0003692	4	4	2	10
OG0003693	3	3	4	10
OG0003694	5	3	2	10
OG0003695	6	0	4	10
OG0003696	4	4	2	10
OG0003697	4	4	2	10
OG0003698	5	3	2	10
OG0003699	5	3	2	10
OG0003700	2	6	2	10
OG0003701	3	4	3	10
OG0003702	2	7	1	10
OG0003703	1	7	2	10
OG0003704	6	2	2	10
OG0003705	3	5	2	10
OG0003706	3	4	3	10
OG0003707	4	4	2	10
OG0003708	4	4	2	10
OG0003709	3	5	2	10
OG0003710	5	3	2	10
OG0003711	3	5	2	10
OG0003712	5	3	2	10
OG0003713	4	4	2	10
OG0003714	5	3	2	10
OG0003715	3	5	2	10
OG0003716	2	4	4	10
OG0003717	3	5	2	10
OG0003718	3	3	4	10
OG0003719	5	2	3	10
OG0003720	2	4	4	10
OG0003721	5	2	3	10
OG0003722	5	3	2	10
OG0003723	3	5	2	10
OG0003724	3	3	4	10
OG0003725	2	6	2	10
OG0003726	4	1	5	10
OG0003727	3	5	2	10
OG0003728	3	3	4	10
OG0003729	2	0	8	10
OG0003730	6	3	1	10
OG0003731	5	5	0	10
OG0003732	2	6	2	10
OG0003733	2	5	3	10
OG0003734	4	4	2	10
OG0003735	6	3	1	10
OG0003736	5	2	3	10
OG0003737	5	3	2	10
OG0003738	4	4	2	10
OG0003739	4	4	2	10
OG0003740	2	5	3	10
OG0003741	5	3	2	10
OG0003742	5	3	2	10
OG0003743	4	4	2	10
OG0003744	4	4	2	10
OG0003745	5	3	2	10
OG0003746	3	5	2	10
OG0003747	6	2	2	10
OG0003748	4	4	2	10
OG0003749	4	4	2	10
OG0003750	6	2	2	10
OG0003751	3	3	4	10
OG0003752	4	4	2	10
OG0003753	5	3	2	10
OG0003754	3	7	0	10
OG0003755	4	4	2	10
OG0003756	5	3	2	10
OG0003757	2	4	4	10
OG0003758	5	3	2	10
OG0003759	4	4	2	10
OG0003760	3	4	3	10
OG0003761	4	4	2	10
OG0003762	4	4	2	10
OG0003763	8	1	1	10
OG0003764	4	2	4	10
OG0003765	4	4	2	10
OG0003766	4	4	2	10
OG0003767	4	4	2	10
OG0003768	4	3	3	10
OG0003769	4	4	2	10
OG0003770	2	6	2	10
OG0003771	2	4	4	10
OG0003772	5	3	2	10
OG0003773	3	4	3	10
OG0003774	7	3	0	10
OG0003775	4	0	6	10
OG0003776	4	3	3	10
OG0003777	5	3	2	10
OG0003778	1	5	4	10
OG0003779	2	4	4	10
OG0003780	1	2	7	10
OG0003781	5	3	2	10
OG0003782	4	4	2	10
OG0003783	4	4	2	10
OG0003784	5	3	2	10
OG0003785	3	5	2	10
OG0003786	4	4	2	10
OG0003787	2	4	4	10
OG0003788	3	4	3	10
OG0003789	3	5	2	10
OG0003790	4	4	2	10
OG0003791	3	4	3	10
OG0003792	4	4	2	10
OG0003793	3	0	7	10
OG0003794	3	5	2	10
OG0003795	4	4	2	10
OG0003796	2	6	2	10
OG0003797	3	5	2	10
OG0003798	4	3	3	10
OG0003799	4	4	2	10
OG0003800	2	4	4	10
OG0003801	6	3	1	10
OG0003802	3	4	3	10
OG0003803	2	5	3	10
OG0003804	3	5	2	10
OG0003805	2	6	2	10
OG0003806	4	4	2	10
OG0003807	3	5	2	10
OG0003808	5	3	2	10
OG0003809	3	5	2	10
OG0003810	5	3	2	10
OG0003811	3	4	3	10
OG0003812	8	1	1	10
OG0003813	3	3	4	10
OG0003814	3	5	2	10
OG0003815	4	4	2	10
OG0003816	3	5	2	10
OG0003817	4	4	2	10
OG0003818	2	6	2	10
OG0003819	4	4	2	10
OG0003820	4	4	2	10
OG0003821	5	3	2	10
OG0003822	2	6	2	10
OG0003823	4	4	2	10
OG0003824	5	3	2	10
OG0003825	4	4	2	10
OG0003826	4	4	2	10
OG0003827	5	4	1	10
OG0003828	6	3	1	10
OG0003829	4	4	2	10
OG0003830	8	1	1	10
OG0003831	3	4	3	10
OG0003832	5	3	2	10
OG0003833	3	5	2	10
OG0003834	4	4	2	10
OG0003835	4	4	2	10
OG0003836	4	4	2	10
OG0003837	3	3	4	10
OG0003838	4	4	2	10
OG0003839	3	5	2	10
OG0003840	4	4	2	10
OG0003841	4	4	2	10
OG0003842	3	3	4	10
OG0003843	1	0	9	10
OG0003844	4	4	2	10
OG0003845	4	4	2	10
OG0003846	3	3	4	10
OG0003847	4	4	2	10
OG0003848	4	4	2	10
OG0003849	3	5	2	10
OG0003850	4	2	4	10
OG0003851	5	3	2	10
OG0003852	4	4	2	10
OG0003853	2	4	4	10
OG0003854	5	3	2	10
OG0003855	6	2	2	10
OG0003856	4	4	2	10
OG0003857	6	2	2	10
OG0003858	6	2	2	10
OG0003859	6	2	2	10
OG0003860	5	3	2	10
OG0003861	2	4	4	10
OG0003862	3	4	3	10
OG0003863	3	5	2	10
OG0003864	5	3	2	10
OG0003865	3	5	2	10
OG0003866	4	4	2	10
OG0003867	4	4	2	10
OG0003868	5	4	1	10
OG0003869	3	5	2	10
OG0003870	4	4	2	10
OG0003871	3	3	4	10
OG0003872	5	3	2	10
OG0003873	5	3	2	10
OG0003874	6	2	2	10
OG0003875	4	4	2	10
OG0003876	4	4	2	10
OG0003877	3	5	2	10
OG0003878	4	4	2	10
OG0003879	3	4	3	10
OG0003880	4	4	2	10
OG0003881	5	3	2	10
OG0003882	3	3	4	10
OG0003883	2	4	4	10
OG0003884	2	8	0	10
OG0003885	5	3	2	10
OG0003886	2	0	8	10
OG0003887	4	4	2	10
OG0003888	6	2	2	10
OG0003889	5	3	2	10
OG0003890	3	3	4	10
OG0003891	3	3	4	10
OG0003892	3	5	2	10
OG0003893	4	4	2	10
OG0003894	4	4	2	10
OG0003895	5	3	2	10
OG0003896	4	4	2	10
OG0003897	8	0	2	10
OG0003898	3	6	1	10
OG0003899	3	5	2	10
OG0003900	5	3	2	10
OG0003901	2	4	4	10
OG0003902	5	3	2	10
OG0003903	2	4	4	10
OG0003904	2	4	4	10
OG0003905	6	2	2	10
OG0003906	3	5	2	10
OG0003907	6	2	2	10
OG0003908	4	4	2	10
OG0003909	3	5	2	10
OG0003910	4	4	2	10
OG0003911	4	4	2	10
OG0003912	3	2	5	10
OG0003913	4	4	2	10
OG0003914	4	4	2	10
OG0003915	4	4	2	10
OG0003916	1	0	9	10
OG0003917	4	4	2	10
OG0003918	3	4	3	10
OG0003919	5	3	2	10
OG0003920	4	4	2	10
OG0003921	5	3	2	10
OG0003922	5	3	2	10
OG0003923	4	4	2	10
OG0003924	6	2	2	10
OG0003925	3	3	4	10
OG0003926	2	1	7	10
OG0003927	4	4	2	10
OG0003928	3	3	4	10
OG0003929	3	5	2	10
OG0003930	4	4	2	10
OG0003931	2	6	2	10
OG0003932	2	5	3	10
OG0003933	4	4	2	10
OG0003934	4	4	2	10
OG0003935	4	4	2	10
OG0003936	4	5	1	10
OG0003937	6	2	2	10
OG0003938	4	1	5	10
OG0003939	5	3	2	10
OG0003940	4	4	2	10
OG0003941	6	2	2	10
OG0003942	5	3	2	10
OG0003943	5	3	2	10
OG0003944	3	3	4	10
OG0003945	6	2	2	10
OG0003946	6	2	2	10
OG0003947	6	2	2	10
OG0003948	2	6	2	10
OG0003949	4	4	2	10
OG0003950	4	4	2	10
OG0003951	5	3	2	10
OG0003952	3	5	2	10
OG0003953	3	5	2	10
OG0003954	2	6	2	10
OG0003955	2	4	4	10
OG0003956	2	6	2	10
OG0003957	4	4	2	10
OG0003958	3	7	0	10
OG0003959	6	2	2	10
OG0003960	4	4	2	10
OG0003961	4	4	2	10
OG0003962	5	3	2	10
OG0003963	3	3	4	10
OG0003964	5	3	2	10
OG0003965	4	4	2	10
OG0003966	5	3	2	10
OG0003967	5	3	2	10
OG0003968	4	6	0	10
OG0003969	6	1	3	10
OG0003970	4	4	2	10
OG0003971	6	2	2	10
OG0003972	4	4	2	10
OG0003973	3	4	3	10
OG0003974	5	3	2	10
OG0003975	4	4	2	10
OG0003976	4	4	2	10
OG0003977	5	3	2	10
OG0003978	6	2	2	10
OG0003979	6	2	2	10
OG0003980	4	4	2	10
OG0003981	2	4	4	10
OG0003982	6	2	2	10
OG0003983	5	3	2	10
OG0003984	5	3	2	10
OG0003985	2	6	2	10
OG0003986	5	3	2	10
OG0003987	5	3	2	10
OG0003988	3	5	2	10
OG0003989	4	4	2	10
OG0003990	4	4	2	10
OG0003991	4	4	2	10
OG0003992	4	4	2	10
OG0003993	5	3	2	10
OG0003994	4	4	2	10
OG0003995	2	5	3	10
OG0003996	3	3	4	10
OG0003997	4	4	2	10
OG0003998	5	3	2	10
OG0003999	4	4	2	10
OG0004000	5	3	2	10
OG0004001	5	3	2	10
OG0004002	4	6	0	10
OG0004003	6	2	2	10
OG0004004	4	2	4	10
OG0004005	4	4	2	10
OG0004006	4	2	4	10
OG0004007	4	4	2	10
OG0004008	4	4	2	10
OG0004009	6	2	2	10
OG0004010	3	5	2	10
OG0004011	2	5	3	10
OG0004012	3	3	4	10
OG0004013	5	4	1	10
OG0004014	5	3	2	10
OG0004015	2	1	7	10
OG0004016	4	4	2	10
OG0004017	5	3	2	10
OG0004018	4	4	2	10
OG0004019	4	4	2	10
OG0004020	3	3	4	10
OG0004021	4	4	2	10
OG0004022	4	4	2	10
OG0004023	3	4	3	10
OG0004024	4	4	2	10
OG0004025	2	6	2	10
OG0004026	2	6	2	10
OG0004027	5	3	2	10
OG0004028	6	2	2	10
OG0004029	4	4	2	10
OG0004030	4	4	2	10
OG0004031	5	3	2	10
OG0004032	3	3	4	10
OG0004033	2	4	4	10
OG0004034	3	5	2	10
OG0004035	4	5	1	10
OG0004036	2	4	4	10
OG0004037	3	5	2	10
OG0004038	3	5	2	10
OG0004039	2	6	2	10
OG0004040	2	6	2	10
OG0004041	4	4	2	10
OG0004042	2	6	2	10
OG0004043	4	4	2	10
OG0004044	5	4	1	10
OG0004045	4	5	1	10
OG0004046	5	3	2	10
OG0004047	4	4	2	10
OG0004048	4	4	2	10
OG0004049	4	4	2	10
OG0004050	3	5	2	10
OG0004051	3	3	4	10
OG0004052	3	5	2	10
OG0004053	3	5	2	10
OG0004054	8	1	1	10
OG0004055	5	3	2	10
OG0004056	4	4	2	10
OG0004057	4	4	2	10
OG0004058	5	3	2	10
OG0004059	3	6	1	10
OG0004060	3	3	4	10
OG0004061	3	5	2	10
OG0004062	3	4	3	10
OG0004063	5	3	2	10
OG0004064	3	5	2	10
OG0004065	5	3	2	10
OG0004066	5	0	5	10
OG0004067	3	5	2	10
OG0004068	3	5	2	10
OG0004069	2	0	8	10
OG0004070	5	3	2	10
OG0004071	5	3	2	10
OG0004072	3	3	4	10
OG0004073	4	4	2	10
OG0004074	4	4	2	10
OG0004075	3	5	2	10
OG0004076	6	3	1	10
OG0004077	4	4	2	10
OG0004078	4	4	2	10
OG0004079	4	4	2	10
OG0004080	5	3	2	10
OG0004081	4	4	2	10
OG0004082	3	5	2	10
OG0004083	3	3	4	10
OG0004084	4	4	2	10
OG0004085	3	5	2	10
OG0004086	7	1	2	10
OG0004087	3	5	2	10
OG0004088	6	2	2	10
OG0004089	6	2	2	10
OG0004090	3	5	2	10
OG0004091	3	5	2	10
OG0004092	4	4	2	10
OG0004093	3	4	3	10
OG0004094	6	2	2	10
OG0004095	3	5	2	10
OG0004096	5	3	2	10
OG0004097	6	2	2	10
OG0004098	4	4	2	10
OG0004099	4	4	2	10
OG0004100	3	5	2	10
OG0004101	3	5	2	10
OG0004102	3	5	2	10
OG0004103	2	4	4	10
OG0004104	5	3	2	10
OG0004105	4	4	2	10
OG0004106	5	4	1	10
OG0004107	3	3	4	10
OG0004108	3	3	4	10
OG0004109	4	4	2	10
OG0004110	2	4	4	10
OG0004111	4	4	2	10
OG0004112	3	3	4	10
OG0004113	4	4	2	10
OG0004114	5	3	2	10
OG0004115	3	3	4	10
OG0004116	5	3	2	10
OG0004117	3	5	2	10
OG0004118	2	4	4	10
OG0004119	2	4	4	10
OG0004120	3	3	4	10
OG0004121	2	4	4	10
OG0004122	2	4	4	10
OG0004123	3	5	2	10
OG0004124	2	6	2	10
OG0004125	3	5	2	10
OG0004126	4	4	2	10
OG0004127	4	4	2	10
OG0004128	5	3	2	10
OG0004129	3	6	1	10
OG0004130	5	5	0	10
OG0004131	5	3	2	10
OG0004132	5	3	2	10
OG0004133	4	5	1	10
OG0004134	5	3	2	10
OG0004135	4	4	2	10
OG0004136	5	3	2	10
OG0004137	4	4	2	10
OG0004138	5	3	2	10
OG0004139	3	5	2	10
OG0004140	6	2	2	10
OG0004141	3	5	2	10
OG0004142	4	4	2	10
OG0004143	4	4	2	10
OG0004144	2	4	4	10
OG0004145	4	4	2	10
OG0004146	5	3	2	10
OG0004147	6	2	2	10
OG0004148	3	5	2	10
OG0004149	4	4	2	10
OG0004150	2	6	2	10
OG0004151	4	4	2	10
OG0004152	3	5	2	10
OG0004153	4	4	2	10
OG0004154	4	4	2	10
OG0004155	3	5	2	10
OG0004156	2	4	4	10
OG0004157	3	4	3	10
OG0004158	1	6	3	10
OG0004159	2	4	4	10
OG0004160	4	4	2	10
OG0004161	3	5	2	10
OG0004162	4	4	2	10
OG0004163	6	2	2	10
OG0004164	4	4	2	10
OG0004165	6	3	1	10
OG0004166	9	0	1	10
OG0004167	5	3	2	10
OG0004168	5	3	2	10
OG0004169	6	2	2	10
OG0004170	4	4	2	10
OG0004171	6	2	2	10
OG0004172	3	5	2	10
OG0004173	5	5	0	10
OG0004174	3	5	2	10
OG0004175	4	4	2	10
OG0004176	5	3	2	10
OG0004177	4	3	3	10
OG0004178	5	3	2	10
OG0004179	2	6	2	10
OG0004180	6	2	2	10
OG0004181	4	4	2	10
OG0004182	3	3	4	10
OG0004183	6	2	2	10
OG0004184	3	1	6	10
OG0004185	9	1	0	10
OG0004186	4	4	2	10
OG0004187	3	4	3	10
OG0004188	5	3	2	10
OG0004189	3	5	2	10
OG0004190	5	3	2	10
OG0004191	3	5	2	10
OG0004192	6	2	2	10
OG0004193	3	5	2	10
OG0004194	4	4	2	10
OG0004195	4	4	2	10
OG0004196	8	1	1	10
OG0004197	8	1	1	10
OG0004198	4	4	2	10
OG0004199	2	5	3	10
OG0004200	2	4	4	10
OG0004201	4	4	2	10
OG0004202	7	1	2	10
OG0004203	4	4	2	10
OG0004204	2	6	2	10
OG0004205	5	3	2	10
OG0004206	5	3	2	10
OG0004207	4	4	2	10
OG0004208	4	3	3	10
OG0004209	5	3	2	10
OG0004210	4	4	2	10
OG0004211	5	3	2	10
OG0004212	3	4	3	10
OG0004213	7	2	1	10
OG0004214	2	4	4	10
OG0004215	2	4	4	10
OG0004216	3	6	1	10
OG0004217	4	4	2	10
OG0004218	2	4	4	10
OG0004219	4	4	2	10
OG0004220	3	3	4	10
OG0004221	3	5	2	10
OG0004222	2	6	2	10
OG0004223	5	4	1	10
OG0004224	4	4	2	10
OG0004225	3	5	2	10
OG0004226	7	1	2	10
OG0004227	4	4	2	10
OG0004228	4	4	2	10
OG0004229	5	3	2	10
OG0004230	3	5	2	10
OG0004231	4	5	1	10
OG0004232	2	4	4	10
OG0004233	5	3	2	10
OG0004234	6	2	2	10
OG0004235	4	4	2	10
OG0004236	2	4	4	10
OG0004237	2	4	4	10
OG0004238	2	4	4	10
OG0004239	1	8	1	10
OG0004240	2	6	2	10
OG0004241	2	7	1	10
OG0004242	3	4	3	10
OG0004243	3	6	1	10
OG0004244	4	4	2	10
OG0004245	3	5	2	10
OG0004246	2	4	4	10
OG0004247	3	5	2	10
OG0004248	4	4	2	10
OG0004249	3	5	2	10
OG0004250	3	5	2	10
OG0004251	4	4	2	10
OG0004252	3	4	3	10
OG0004253	3	5	2	10
OG0004254	1	5	4	10
OG0004255	2	6	2	10
OG0004256	3	5	2	10
OG0004257	1	6	3	10
OG0004258	1	8	1	10
OG0004259	2	4	4	10
OG0004260	2	6	2	10
OG0004261	4	4	2	10
OG0004262	5	4	1	10
OG0004263	2	4	4	10
OG0004264	2	4	4	10
OG0004265	3	5	2	10
OG0004266	1	7	2	10
OG0004267	2	6	2	10
OG0004268	7	2	1	10
OG0004269	4	4	2	10
OG0004270	4	4	2	10
OG0004271	1	7	2	10
OG0004272	1	9	0	10
OG0004273	2	4	4	10
OG0004274	2	4	4	10
OG0004275	2	4	4	10
OG0004276	2	4	4	10
OG0004277	3	5	2	10
OG0004278	6	3	1	10
OG0004279	2	4	4	10
OG0004280	2	4	4	10
OG0004281	7	1	2	10
OG0004282	3	5	2	10
OG0004283	9	0	1	10
OG0004284	1	2	7	10
OG0004285	1	6	3	10
OG0004286	2	6	2	10
OG0004287	6	2	2	10
OG0004288	2	6	2	10
OG0004289	7	3	0	10
OG0004290	1	3	6	10
OG0004291	5	4	1	10
OG0004292	1	7	2	10
OG0004293	1	7	2	10
OG0004294	0	9	1	10
OG0004295	0	8	2	10
OG0004296	0	4	6	10
OG0004297	3	4	2	9
OG0004298	3	3	3	9
OG0004299	4	4	1	9
OG0004300	1	0	8	9
OG0004301	3	3	3	9
OG0004302	4	3	2	9
OG0004303	3	4	2	9
OG0004304	4	3	2	9
OG0004305	4	2	3	9
OG0004306	4	3	2	9
OG0004307	4	3	2	9
OG0004308	5	2	2	9
OG0004309	3	4	2	9
OG0004310	3	4	2	9
OG0004311	2	4	3	9
OG0004312	4	4	1	9
OG0004313	4	1	4	9
OG0004314	4	3	2	9
OG0004315	3	4	2	9
OG0004316	3	3	3	9
OG0004317	4	3	2	9
OG0004318	4	3	2	9
OG0004319	3	3	3	9
OG0004320	4	3	2	9
OG0004321	3	4	2	9
OG0004322	3	4	2	9
OG0004323	3	3	3	9
OG0004324	3	4	2	9
OG0004325	4	3	2	9
OG0004326	2	2	5	9
OG0004327	4	3	2	9
OG0004328	3	3	3	9
OG0004329	4	3	2	9
OG0004330	3	4	2	9
OG0004331	2	5	2	9
OG0004332	1	6	2	9
OG0004333	4	4	1	9
OG0004334	4	3	2	9
OG0004335	2	4	3	9
OG0004336	3	4	2	9
OG0004337	3	4	2	9
OG0004338	3	3	3	9
OG0004339	4	3	2	9
OG0004340	3	4	2	9
OG0004341	3	4	2	9
OG0004342	3	4	2	9
OG0004343	3	3	3	9
OG0004344	4	3	2	9
OG0004345	2	5	2	9
OG0004346	3	4	2	9
OG0004347	3	0	6	9
OG0004348	6	2	1	9
OG0004349	4	3	2	9
OG0004350	2	5	2	9
OG0004351	2	5	2	9
OG0004352	4	3	2	9
OG0004353	3	4	2	9
OG0004354	4	2	3	9
OG0004355	3	4	2	9
OG0004356	4	4	1	9
OG0004357	4	3	2	9
OG0004358	5	4	0	9
OG0004359	3	4	2	9
OG0004360	3	3	3	9
OG0004361	4	3	2	9
OG0004362	3	4	2	9
OG0004363	3	4	2	9
OG0004364	4	3	2	9
OG0004365	2	5	2	9
OG0004366	4	3	2	9
OG0004367	1	6	2	9
OG0004368	4	3	2	9
OG0004369	4	3	2	9
OG0004370	3	4	2	9
OG0004371	3	2	4	9
OG0004372	4	3	2	9
OG0004373	1	6	2	9
OG0004374	4	3	2	9
OG0004375	3	4	2	9
OG0004376	4	1	4	9
OG0004377	4	3	2	9
OG0004378	4	3	2	9
OG0004379	5	2	2	9
OG0004380	4	3	2	9
OG0004381	3	4	2	9
OG0004382	4	3	2	9
OG0004383	3	4	2	9
OG0004384	4	3	2	9
OG0004385	4	3	2	9
OG0004386	4	2	3	9
OG0004387	2	4	3	9
OG0004388	3	4	2	9
OG0004389	4	3	2	9
OG0004390	3	3	3	9
OG0004391	3	3	3	9
OG0004392	4	3	2	9
OG0004393	4	3	2	9
OG0004394	4	3	2	9
OG0004395	4	3	2	9
OG0004396	2	5	2	9
OG0004397	5	2	2	9
OG0004398	3	4	2	9
OG0004399	3	4	2	9
OG0004400	3	4	2	9
OG0004401	3	4	2	9
OG0004402	5	2	2	9
OG0004403	3	4	2	9
OG0004404	2	3	4	9
OG0004405	4	3	2	9
OG0004406	3	4	2	9
OG0004407	4	3	2	9
OG0004408	5	2	2	9
OG0004409	2	4	3	9
OG0004410	4	3	2	9
OG0004411	4	3	2	9
OG0004412	2	5	2	9
OG0004413	3	4	2	9
OG0004414	3	4	2	9
OG0004415	3	6	0	9
OG0004416	3	4	2	9
OG0004417	3	3	3	9
OG0004418	2	3	4	9
OG0004419	4	3	2	9
OG0004420	2	5	2	9
OG0004421	4	3	2	9
OG0004422	3	4	2	9
OG0004423	5	2	2	9
OG0004424	3	4	2	9
OG0004425	3	3	3	9
OG0004426	3	4	2	9
OG0004427	3	3	3	9
OG0004428	4	3	2	9
OG0004429	3	4	2	9
OG0004430	3	4	2	9
OG0004431	3	3	3	9
OG0004432	5	2	2	9
OG0004433	2	5	2	9
OG0004434	6	3	0	9
OG0004435	6	1	2	9
OG0004436	3	4	2	9
OG0004437	6	1	2	9
OG0004438	4	3	2	9
OG0004439	4	3	2	9
OG0004440	3	4	2	9
OG0004441	4	3	2	9
OG0004442	4	3	2	9
OG0004443	3	3	3	9
OG0004444	4	3	2	9
OG0004445	4	3	2	9
OG0004446	4	3	2	9
OG0004447	4	4	1	9
OG0004448	5	2	2	9
OG0004449	4	3	2	9
OG0004450	5	2	2	9
OG0004451	5	2	2	9
OG0004452	3	5	1	9
OG0004453	4	3	2	9
OG0004454	3	3	3	9
OG0004455	3	3	3	9
OG0004456	1	6	2	9
OG0004457	1	4	4	9
OG0004458	2	3	4	9
OG0004459	3	4	2	9
OG0004460	2	4	3	9
OG0004461	4	3	2	9
OG0004462	3	3	3	9
OG0004463	4	3	2	9
OG0004464	2	5	2	9
OG0004465	3	2	4	9
OG0004466	4	3	2	9
OG0004467	3	4	2	9
OG0004468	4	3	2	9
OG0004469	2	5	2	9
OG0004470	3	4	2	9
OG0004471	3	4	2	9
OG0004472	4	3	2	9
OG0004473	4	3	2	9
OG0004474	3	4	2	9
OG0004475	3	3	3	9
OG0004476	3	4	2	9
OG0004477	4	3	2	9
OG0004478	1	7	1	9
OG0004479	5	2	2	9
OG0004480	2	5	2	9
OG0004481	4	1	4	9
OG0004482	3	4	2	9
OG0004483	4	3	2	9
OG0004484	4	3	2	9
OG0004485	3	4	2	9
OG0004486	3	3	3	9
OG0004487	2	4	3	9
OG0004488	5	2	2	9
OG0004489	3	4	2	9
OG0004490	2	5	2	9
OG0004491	4	3	2	9
OG0004492	4	3	2	9
OG0004493	3	4	2	9
OG0004494	3	3	3	9
OG0004495	2	5	2	9
OG0004496	2	5	2	9
OG0004497	3	6	0	9
OG0004498	3	3	3	9
OG0004499	4	3	2	9
OG0004500	5	2	2	9
OG0004501	5	2	2	9
OG0004502	3	4	2	9
OG0004503	4	3	2	9
OG0004504	3	4	2	9
OG0004505	3	2	4	9
OG0004506	3	3	3	9
OG0004507	4	3	2	9
OG0004508	4	3	2	9
OG0004509	4	3	2	9
OG0004510	1	1	7	9
OG0004511	3	4	2	9
OG0004512	3	4	2	9
OG0004513	3	2	4	9
OG0004514	3	2	4	9
OG0004515	4	1	4	9
OG0004516	4	3	2	9
OG0004517	4	3	2	9
OG0004518	3	4	2	9
OG0004519	5	2	2	9
OG0004520	3	4	2	9
OG0004521	4	3	2	9
OG0004522	5	2	2	9
OG0004523	7	0	2	9
OG0004524	3	4	2	9
OG0004525	3	4	2	9
OG0004526	3	3	3	9
OG0004527	3	2	4	9
OG0004528	5	2	2	9
OG0004529	2	5	2	9
OG0004530	3	4	2	9
OG0004531	3	4	2	9
OG0004532	4	3	2	9
OG0004533	4	3	2	9
OG0004534	3	4	2	9
OG0004535	4	3	2	9
OG0004536	3	4	2	9
OG0004537	3	4	2	9
OG0004538	3	4	2	9
OG0004539	4	3	2	9
OG0004540	3	4	2	9
OG0004541	4	3	2	9
OG0004542	4	3	2	9
OG0004543	3	3	3	9
OG0004544	3	4	2	9
OG0004545	5	2	2	9
OG0004546	5	2	2	9
OG0004547	5	2	2	9
OG0004548	3	2	4	9
OG0004549	5	2	2	9
OG0004550	3	4	2	9
OG0004551	3	4	2	9
OG0004552	4	3	2	9
OG0004553	3	4	2	9
OG0004554	4	3	2	9
OG0004555	3	4	2	9
OG0004556	2	5	2	9
OG0004557	3	4	2	9
OG0004558	3	4	2	9
OG0004559	4	3	2	9
OG0004560	2	5	2	9
OG0004561	4	3	2	9
OG0004562	5	2	2	9
OG0004563	3	4	2	9
OG0004564	4	3	2	9
OG0004565	4	3	2	9
OG0004566	4	3	2	9
OG0004567	3	4	2	9
OG0004568	3	5	1	9
OG0004569	3	4	2	9
OG0004570	2	5	2	9
OG0004571	5	2	2	9
OG0004572	4	3	2	9
OG0004573	3	4	2	9
OG0004574	3	4	2	9
OG0004575	3	3	3	9
OG0004576	3	4	2	9
OG0004577	2	5	2	9
OG0004578	4	3	2	9
OG0004579	4	3	2	9
OG0004580	4	3	2	9
OG0004581	4	3	2	9
OG0004582	5	2	2	9
OG0004583	4	3	2	9
OG0004584	4	3	2	9
OG0004585	3	4	2	9
OG0004586	5	2	2	9
OG0004587	5	2	2	9
OG0004588	4	3	2	9
OG0004589	3	4	2	9
OG0004590	3	4	2	9
OG0004591	5	2	2	9
OG0004592	6	1	2	9
OG0004593	3	3	3	9
OG0004594	2	4	3	9
OG0004595	4	3	2	9
OG0004596	3	4	2	9
OG0004597	3	4	2	9
OG0004598	2	5	2	9
OG0004599	3	4	2	9
OG0004600	1	6	2	9
OG0004601	3	3	3	9
OG0004602	5	2	2	9
OG0004603	3	4	2	9
OG0004604	2	5	2	9
OG0004605	4	3	2	9
OG0004606	2	3	4	9
OG0004607	5	2	2	9
OG0004608	3	3	3	9
OG0004609	3	4	2	9
OG0004610	5	2	2	9
OG0004611	3	4	2	9
OG0004612	4	3	2	9
OG0004613	4	3	2	9
OG0004614	2	5	2	9
OG0004615	3	4	2	9
OG0004616	3	4	2	9
OG0004617	4	3	2	9
OG0004618	2	5	2	9
OG0004619	3	4	2	9
OG0004620	5	3	1	9
OG0004621	4	3	2	9
OG0004622	3	4	2	9
OG0004623	3	4	2	9
OG0004624	3	4	2	9
OG0004625	5	2	2	9
OG0004626	2	5	2	9
OG0004627	3	3	3	9
OG0004628	3	4	2	9
OG0004629	3	4	2	9
OG0004630	3	4	2	9
OG0004631	5	2	2	9
OG0004632	4	3	2	9
OG0004633	5	2	2	9
OG0004634	3	4	2	9
OG0004635	4	3	2	9
OG0004636	4	3	2	9
OG0004637	3	3	3	9
OG0004638	6	1	2	9
OG0004639	3	4	2	9
OG0004640	3	4	2	9
OG0004641	4	5	0	9
OG0004642	3	3	3	9
OG0004643	4	3	2	9
OG0004644	3	4	2	9
OG0004645	3	4	2	9
OG0004646	3	4	2	9
OG0004647	5	2	2	9
OG0004648	2	4	3	9
OG0004649	5	2	2	9
OG0004650	3	4	2	9
OG0004651	3	4	2	9
OG0004652	4	3	2	9
OG0004653	5	2	2	9
OG0004654	5	2	2	9
OG0004655	4	3	2	9
OG0004656	5	2	2	9
OG0004657	4	3	2	9
OG0004658	2	1	6	9
OG0004659	3	4	2	9
OG0004660	5	2	2	9
OG0004661	2	4	3	9
OG0004662	4	3	2	9
OG0004663	3	4	2	9
OG0004664	3	4	2	9
OG0004665	7	0	2	9
OG0004666	3	4	2	9
OG0004667	2	3	4	9
OG0004668	5	2	2	9
OG0004669	3	3	3	9
OG0004670	4	3	2	9
OG0004671	3	4	2	9
OG0004672	3	4	2	9
OG0004673	4	3	2	9
OG0004674	3	4	2	9
OG0004675	5	2	2	9
OG0004676	3	4	2	9
OG0004677	4	3	2	9
OG0004678	4	3	2	9
OG0004679	5	2	2	9
OG0004680	5	3	1	9
OG0004681	2	4	3	9
OG0004682	3	3	3	9
OG0004683	5	3	1	9
OG0004684	5	3	1	9
OG0004685	3	2	4	9
OG0004686	3	4	2	9
OG0004687	4	3	2	9
OG0004688	2	5	2	9
OG0004689	1	6	2	9
OG0004690	2	5	2	9
OG0004691	5	4	0	9
OG0004692	3	5	1	9
OG0004693	2	3	4	9
OG0004694	3	4	2	9
OG0004695	4	3	2	9
OG0004696	3	4	2	9
OG0004697	4	3	2	9
OG0004698	3	4	2	9
OG0004699	5	2	2	9
OG0004700	4	3	2	9
OG0004701	1	6	2	9
OG0004702	2	5	2	9
OG0004703	4	3	2	9
OG0004704	3	4	2	9
OG0004705	3	4	2	9
OG0004706	5	2	2	9
OG0004707	5	2	2	9
OG0004708	2	3	4	9
OG0004709	4	3	2	9
OG0004710	3	4	2	9
OG0004711	3	4	2	9
OG0004712	3	4	2	9
OG0004713	4	3	2	9
OG0004714	4	3	2	9
OG0004715	4	3	2	9
OG0004716	3	4	2	9
OG0004717	8	0	1	9
OG0004718	3	3	3	9
OG0004719	2	5	2	9
OG0004720	4	3	2	9
OG0004721	2	5	2	9
OG0004722	4	3	2	9
OG0004723	2	5	2	9
OG0004724	4	3	2	9
OG0004725	3	3	3	9
OG0004726	5	2	2	9
OG0004727	2	5	2	9
OG0004728	2	7	0	9
OG0004729	3	4	2	9
OG0004730	4	4	1	9
OG0004731	3	2	4	9
OG0004732	5	2	2	9
OG0004733	3	4	2	9
OG0004734	6	1	2	9
OG0004735	3	3	3	9
OG0004736	4	3	2	9
OG0004737	3	4	2	9
OG0004738	6	1	2	9
OG0004739	3	3	3	9
OG0004740	2	4	3	9
OG0004741	3	3	3	9
OG0004742	7	1	1	9
OG0004743	4	1	4	9
OG0004744	2	5	2	9
OG0004745	3	3	3	9
OG0004746	4	3	2	9
OG0004747	8	1	0	9
OG0004748	3	3	3	9
OG0004749	4	3	2	9
OG0004750	3	4	2	9
OG0004751	3	5	1	9
OG0004752	2	5	2	9
OG0004753	4	3	2	9
OG0004754	3	4	2	9
OG0004755	3	4	2	9
OG0004756	4	3	2	9
OG0004757	6	2	1	9
OG0004758	4	3	2	9
OG0004759	4	3	2	9
OG0004760	4	3	2	9
OG0004761	2	3	4	9
OG0004762	4	3	2	9
OG0004763	2	5	2	9
OG0004764	3	4	2	9
OG0004765	4	3	2	9
OG0004766	4	3	2	9
OG0004767	3	3	3	9
OG0004768	4	3	2	9
OG0004769	4	3	2	9
OG0004770	4	3	2	9
OG0004771	4	3	2	9
OG0004772	3	4	2	9
OG0004773	5	2	2	9
OG0004774	4	3	2	9
OG0004775	4	3	2	9
OG0004776	5	2	2	9
OG0004777	4	3	2	9
OG0004778	4	3	2	9
OG0004779	3	1	5	9
OG0004780	4	3	2	9
OG0004781	4	3	2	9
OG0004782	3	4	2	9
OG0004783	3	4	2	9
OG0004784	4	3	2	9
OG0004785	5	2	2	9
OG0004786	5	2	2	9
OG0004787	4	3	2	9
OG0004788	2	4	3	9
OG0004789	5	2	2	9
OG0004790	4	3	2	9
OG0004791	3	3	3	9
OG0004792	2	4	3	9
OG0004793	3	3	3	9
OG0004794	4	3	2	9
OG0004795	2	5	2	9
OG0004796	4	3	2	9
OG0004797	2	3	4	9
OG0004798	4	3	2	9
OG0004799	2	3	4	9
OG0004800	2	5	2	9
OG0004801	5	2	2	9
OG0004802	3	4	2	9
OG0004803	5	2	2	9
OG0004804	1	2	6	9
OG0004805	3	4	2	9
OG0004806	4	4	1	9
OG0004807	4	3	2	9
OG0004808	3	4	2	9
OG0004809	5	2	2	9
OG0004810	3	4	2	9
OG0004811	3	4	2	9
OG0004812	4	3	2	9
OG0004813	3	3	3	9
OG0004814	4	3	2	9
OG0004815	3	4	2	9
OG0004816	4	3	2	9
OG0004817	4	4	1	9
OG0004818	3	4	2	9
OG0004819	3	4	2	9
OG0004820	4	3	2	9
OG0004821	5	2	2	9
OG0004822	3	5	1	9
OG0004823	4	3	2	9
OG0004824	4	3	2	9
OG0004825	3	3	3	9
OG0004826	3	4	2	9
OG0004827	2	3	4	9
OG0004828	4	3	2	9
OG0004829	1	6	2	9
OG0004830	3	4	2	9
OG0004831	2	3	4	9
OG0004832	2	4	3	9
OG0004833	4	3	2	9
OG0004834	3	4	2	9
OG0004835	3	4	2	9
OG0004836	4	3	2	9
OG0004837	4	3	2	9
OG0004838	3	4	2	9
OG0004839	2	5	2	9
OG0004840	3	3	3	9
OG0004841	2	5	2	9
OG0004842	2	5	2	9
OG0004843	4	3	2	9
OG0004844	3	4	2	9
OG0004845	3	4	2	9
OG0004846	4	3	2	9
OG0004847	3	3	3	9
OG0004848	4	3	2	9
OG0004849	4	5	0	9
OG0004850	4	3	2	9
OG0004851	4	3	2	9
OG0004852	4	3	2	9
OG0004853	3	4	2	9
OG0004854	3	3	3	9
OG0004855	3	4	2	9
OG0004856	3	4	2	9
OG0004857	3	4	2	9
OG0004858	3	4	2	9
OG0004859	4	3	2	9
OG0004860	2	5	2	9
OG0004861	4	3	2	9
OG0004862	2	5	2	9
OG0004863	3	4	2	9
OG0004864	3	4	2	9
OG0004865	5	2	2	9
OG0004866	3	2	4	9
OG0004867	4	3	2	9
OG0004868	3	6	0	9
OG0004869	4	3	2	9
OG0004870	3	5	1	9
OG0004871	4	3	2	9
OG0004872	4	3	2	9
OG0004873	3	4	2	9
OG0004874	3	4	2	9
OG0004875	2	5	2	9
OG0004876	4	4	1	9
OG0004877	3	4	2	9
OG0004878	5	2	2	9
OG0004879	4	3	2	9
OG0004880	5	2	2	9
OG0004881	3	4	2	9
OG0004882	3	3	3	9
OG0004883	3	4	2	9
OG0004884	3	3	3	9
OG0004885	3	3	3	9
OG0004886	3	4	2	9
OG0004887	4	3	2	9
OG0004888	2	5	2	9
OG0004889	3	4	2	9
OG0004890	4	3	2	9
OG0004891	2	5	2	9
OG0004892	4	3	2	9
OG0004893	3	4	2	9
OG0004894	3	4	2	9
OG0004895	2	3	4	9
OG0004896	2	3	4	9
OG0004897	3	4	2	9
OG0004898	4	3	2	9
OG0004899	4	3	2	9
OG0004900	3	3	3	9
OG0004901	3	4	2	9
OG0004902	3	4	2	9
OG0004903	3	4	2	9
OG0004904	2	4	3	9
OG0004905	3	3	3	9
OG0004906	2	5	2	9
OG0004907	1	6	2	9
OG0004908	3	4	2	9
OG0004909	4	3	2	9
OG0004910	3	3	3	9
OG0004911	4	3	2	9
OG0004912	4	3	2	9
OG0004913	4	3	2	9
OG0004914	4	3	2	9
OG0004915	4	3	2	9
OG0004916	3	2	4	9
OG0004917	3	4	2	9
OG0004918	3	3	3	9
OG0004919	4	3	2	9
OG0004920	5	2	2	9
OG0004921	3	6	0	9
OG0004922	3	4	2	9
OG0004923	4	3	2	9
OG0004924	4	3	2	9
OG0004925	3	4	2	9
OG0004926	3	4	2	9
OG0004927	5	2	2	9
OG0004928	2	4	3	9
OG0004929	3	3	3	9
OG0004930	6	3	0	9
OG0004931	3	4	2	9
OG0004932	4	3	2	9
OG0004933	3	3	3	9
OG0004934	3	4	2	9
OG0004935	2	4	3	9
OG0004936	4	3	2	9
OG0004937	5	2	2	9
OG0004938	3	4	2	9
OG0004939	4	3	2	9
OG0004940	4	3	2	9
OG0004941	5	2	2	9
OG0004942	3	4	2	9
OG0004943	3	3	3	9
OG0004944	2	5	2	9
OG0004945	2	5	2	9
OG0004946	3	4	2	9
OG0004947	3	4	2	9
OG0004948	5	2	2	9
OG0004949	4	3	2	9
OG0004950	5	2	2	9
OG0004951	3	4	2	9
OG0004952	3	4	2	9
OG0004953	5	2	2	9
OG0004954	3	4	2	9
OG0004955	3	4	2	9
OG0004956	4	4	1	9
OG0004957	4	4	1	9
OG0004958	3	4	2	9
OG0004959	5	3	1	9
OG0004960	4	3	2	9
OG0004961	4	3	2	9
OG0004962	3	4	2	9
OG0004963	4	3	2	9
OG0004964	4	3	2	9
OG0004965	3	4	2	9
OG0004966	5	2	2	9
OG0004967	2	4	3	9
OG0004968	3	4	2	9
OG0004969	3	4	2	9
OG0004970	2	3	4	9
OG0004971	3	4	2	9
OG0004972	3	3	3	9
OG0004973	7	1	1	9
OG0004974	4	3	2	9
OG0004975	4	1	4	9
OG0004976	3	4	2	9
OG0004977	3	4	2	9
OG0004978	5	2	2	9
OG0004979	4	3	2	9
OG0004980	4	4	1	9
OG0004981	5	4	0	9
OG0004982	5	2	2	9
OG0004983	3	4	2	9
OG0004984	4	3	2	9
OG0004985	3	2	4	9
OG0004986	3	3	3	9
OG0004987	4	3	2	9
OG0004988	3	4	2	9
OG0004989	4	3	2	9
OG0004990	5	2	2	9
OG0004991	3	4	2	9
OG0004992	4	3	2	9
OG0004993	3	4	2	9
OG0004994	3	1	5	9
OG0004995	1	6	2	9
OG0004996	2	3	4	9
OG0004997	4	3	2	9
OG0004998	3	4	2	9
OG0004999	4	3	2	9
OG0005000	1	6	2	9
OG0005001	3	4	2	9
OG0005002	3	4	2	9
OG0005003	4	3	2	9
OG0005004	3	4	2	9
OG0005005	3	4	2	9
OG0005006	2	4	3	9
OG0005007	4	3	2	9
OG0005008	4	3	2	9
OG0005009	4	4	1	9
OG0005010	3	3	3	9
OG0005011	4	3	2	9
OG0005012	3	2	4	9
OG0005013	3	4	2	9
OG0005014	6	1	2	9
OG0005015	3	4	2	9
OG0005016	3	4	2	9
OG0005017	5	2	2	9
OG0005018	3	4	2	9
OG0005019	4	3	2	9
OG0005020	3	4	2	9
OG0005021	4	3	2	9
OG0005022	4	4	1	9
OG0005023	5	2	2	9
OG0005024	4	3	2	9
OG0005025	5	2	2	9
OG0005026	4	3	2	9
OG0005027	3	4	2	9
OG0005028	3	4	2	9
OG0005029	4	4	1	9
OG0005030	5	2	2	9
OG0005031	5	2	2	9
OG0005032	3	4	2	9
OG0005033	4	3	2	9
OG0005034	5	2	2	9
OG0005035	3	3	3	9
OG0005036	3	3	3	9
OG0005037	3	4	2	9
OG0005038	5	2	2	9
OG0005039	3	4	2	9
OG0005040	2	4	3	9
OG0005041	4	3	2	9
OG0005042	5	2	2	9
OG0005043	2	5	2	9
OG0005044	4	3	2	9
OG0005045	4	2	3	9
OG0005046	3	3	3	9
OG0005047	4	3	2	9
OG0005048	4	3	2	9
OG0005049	7	0	2	9
OG0005050	4	3	2	9
OG0005051	4	3	2	9
OG0005052	4	3	2	9
OG0005053	3	4	2	9
OG0005054	4	3	2	9
OG0005055	4	3	2	9
OG0005056	3	4	2	9
OG0005057	4	3	2	9
OG0005058	2	5	2	9
OG0005059	5	2	2	9
OG0005060	5	2	2	9
OG0005061	3	3	3	9
OG0005062	3	2	4	9
OG0005063	2	5	2	9
OG0005064	4	4	1	9
OG0005065	4	3	2	9
OG0005066	3	4	2	9
OG0005067	5	2	2	9
OG0005068	2	5	2	9
OG0005069	2	6	1	9
OG0005070	3	4	2	9
OG0005071	3	5	1	9
OG0005072	4	3	2	9
OG0005073	3	3	3	9
OG0005074	4	3	2	9
OG0005075	3	4	2	9
OG0005076	3	3	3	9
OG0005077	4	3	2	9
OG0005078	7	2	0	9
OG0005079	4	3	2	9
OG0005080	3	4	2	9
OG0005081	3	4	2	9
OG0005082	3	4	2	9
OG0005083	3	4	2	9
OG0005084	4	1	4	9
OG0005085	3	4	2	9
OG0005086	5	2	2	9
OG0005087	4	3	2	9
OG0005088	3	4	2	9
OG0005089	5	2	2	9
OG0005090	4	3	2	9
OG0005091	4	3	2	9
OG0005092	3	4	2	9
OG0005093	3	4	2	9
OG0005094	3	4	2	9
OG0005095	3	4	2	9
OG0005096	4	3	2	9
OG0005097	4	3	2	9
OG0005098	2	5	2	9
OG0005099	6	1	2	9
OG0005100	5	2	2	9
OG0005101	5	2	2	9
OG0005102	5	2	2	9
OG0005103	3	4	2	9
OG0005104	3	4	2	9
OG0005105	3	4	2	9
OG0005106	4	2	3	9
OG0005107	3	4	2	9
OG0005108	6	1	2	9
OG0005109	4	3	2	9
OG0005110	4	3	2	9
OG0005111	2	5	2	9
OG0005112	5	2	2	9
OG0005113	4	3	2	9
OG0005114	3	3	3	9
OG0005115	3	3	3	9
OG0005116	4	3	2	9
OG0005117	3	5	1	9
OG0005118	3	4	2	9
OG0005119	1	6	2	9
OG0005120	4	3	2	9
OG0005121	3	4	2	9
OG0005122	5	2	2	9
OG0005123	4	3	2	9
OG0005124	4	3	2	9
OG0005125	1	6	2	9
OG0005126	5	3	1	9
OG0005127	3	4	2	9
OG0005128	3	4	2	9
OG0005129	3	4	2	9
OG0005130	4	3	2	9
OG0005131	3	4	2	9
OG0005132	2	5	2	9
OG0005133	4	3	2	9
OG0005134	4	3	2	9
OG0005135	3	4	2	9
OG0005136	4	3	2	9
OG0005137	4	3	2	9
OG0005138	4	3	2	9
OG0005139	4	3	2	9
OG0005140	4	3	2	9
OG0005141	3	4	2	9
OG0005142	4	3	2	9
OG0005143	1	6	2	9
OG0005144	3	4	2	9
OG0005145	2	5	2	9
OG0005146	3	4	2	9
OG0005147	3	3	3	9
OG0005148	3	4	2	9
OG0005149	5	2	2	9
OG0005150	2	5	2	9
OG0005151	5	2	2	9
OG0005152	3	4	2	9
OG0005153	5	2	2	9
OG0005154	4	3	2	9
OG0005155	4	3	2	9
OG0005156	5	2	2	9
OG0005157	3	3	3	9
OG0005158	2	5	2	9
OG0005159	3	4	2	9
OG0005160	2	5	2	9
OG0005161	3	3	3	9
OG0005162	1	5	3	9
OG0005163	4	3	2	9
OG0005164	3	5	1	9
OG0005165	5	2	2	9
OG0005166	2	5	2	9
OG0005167	2	3	4	9
OG0005168	3	4	2	9
OG0005169	3	4	2	9
OG0005170	5	2	2	9
OG0005171	4	3	2	9
OG0005172	4	1	4	9
OG0005173	2	4	3	9
OG0005174	1	5	3	9
OG0005175	2	5	2	9
OG0005176	3	4	2	9
OG0005177	1	6	2	9
OG0005178	3	3	3	9
OG0005179	6	1	2	9
OG0005180	5	2	2	9
OG0005181	3	4	2	9
OG0005182	5	3	1	9
OG0005183	4	3	2	9
OG0005184	5	3	1	9
OG0005185	3	3	3	9
OG0005186	4	3	2	9
OG0005187	3	4	2	9
OG0005188	3	3	3	9
OG0005189	4	3	2	9
OG0005190	3	4	2	9
OG0005191	5	3	1	9
OG0005192	4	3	2	9
OG0005193	4	3	2	9
OG0005194	3	5	1	9
OG0005195	4	3	2	9
OG0005196	3	4	2	9
OG0005197	2	5	2	9
OG0005198	2	5	2	9
OG0005199	4	3	2	9
OG0005200	3	4	2	9
OG0005201	3	4	2	9
OG0005202	4	3	2	9
OG0005203	5	2	2	9
OG0005204	4	3	2	9
OG0005205	3	4	2	9
OG0005206	4	3	2	9
OG0005207	4	3	2	9
OG0005208	3	4	2	9
OG0005209	3	3	3	9
OG0005210	3	4	2	9
OG0005211	3	4	2	9
OG0005212	4	3	2	9
OG0005213	4	3	2	9
OG0005214	3	4	2	9
OG0005215	3	4	2	9
OG0005216	4	3	2	9
OG0005217	2	5	2	9
OG0005218	2	5	2	9
OG0005219	4	3	2	9
OG0005220	4	3	2	9
OG0005221	3	4	2	9
OG0005222	3	3	3	9
OG0005223	3	4	2	9
OG0005224	3	4	2	9
OG0005225	5	2	2	9
OG0005226	1	5	3	9
OG0005227	5	2	2	9
OG0005228	4	3	2	9
OG0005229	4	3	2	9
OG0005230	5	2	2	9
OG0005231	2	5	2	9
OG0005232	3	5	1	9
OG0005233	4	3	2	9
OG0005234	4	3	2	9
OG0005235	3	4	2	9
OG0005236	5	2	2	9
OG0005237	3	4	2	9
OG0005238	3	4	2	9
OG0005239	1	4	4	9
OG0005240	3	4	2	9
OG0005241	3	4	2	9
OG0005242	4	3	2	9
OG0005243	5	2	2	9
OG0005244	3	4	2	9
OG0005245	3	3	3	9
OG0005246	4	3	2	9
OG0005247	5	2	2	9
OG0005248	3	3	3	9
OG0005249	2	5	2	9
OG0005250	3	3	3	9
OG0005251	4	3	2	9
OG0005252	2	5	2	9
OG0005253	3	4	2	9
OG0005254	5	2	2	9
OG0005255	4	3	2	9
OG0005256	5	3	1	9
OG0005257	4	3	2	9
OG0005258	4	3	2	9
OG0005259	3	4	2	9
OG0005260	4	3	2	9
OG0005261	4	3	2	9
OG0005262	5	2	2	9
OG0005263	3	4	2	9
OG0005264	1	6	2	9
OG0005265	2	5	2	9
OG0005266	4	3	2	9
OG0005267	4	3	2	9
OG0005268	3	3	3	9
OG0005269	5	3	1	9
OG0005270	3	4	2	9
OG0005271	4	3	2	9
OG0005272	5	2	2	9
OG0005273	3	3	3	9
OG0005274	3	4	2	9
OG0005275	3	4	2	9
OG0005276	3	1	5	9
OG0005277	2	3	4	9
OG0005278	4	4	1	9
OG0005279	3	4	2	9
OG0005280	3	4	2	9
OG0005281	3	4	2	9
OG0005282	2	5	2	9
OG0005283	3	4	2	9
OG0005284	4	3	2	9
OG0005285	4	4	1	9
OG0005286	1	6	2	9
OG0005287	3	4	2	9
OG0005288	7	1	1	9
OG0005289	2	4	3	9
OG0005290	2	1	6	9
OG0005291	6	1	2	9
OG0005292	2	5	2	9
OG0005293	4	3	2	9
OG0005294	2	5	2	9
OG0005295	3	4	2	9
OG0005296	3	6	0	9
OG0005297	5	2	2	9
OG0005298	1	6	2	9
OG0005299	1	1	7	9
OG0005300	3	5	1	9
OG0005301	5	2	2	9
OG0005302	3	4	2	9
OG0005303	4	3	2	9
OG0005304	7	2	0	9
OG0005305	5	2	2	9
OG0005306	2	4	3	9
OG0005307	1	7	1	9
OG0005308	3	4	2	9
OG0005309	3	4	2	9
OG0005310	1	6	2	9
OG0005311	2	5	2	9
OG0005312	1	6	2	9
OG0005313	5	2	2	9
OG0005314	3	4	2	9
OG0005315	3	4	2	9
OG0005316	3	4	2	9
OG0005317	2	5	2	9
OG0005318	2	5	2	9
OG0005319	5	2	2	9
OG0005320	1	6	2	9
OG0005321	4	3	2	9
OG0005322	3	4	2	9
OG0005323	2	0	7	9
OG0005324	5	1	3	9
OG0005325	1	3	5	9
OG0005326	2	5	2	9
OG0005327	4	4	1	9
OG0005328	3	4	2	9
OG0005329	3	4	2	9
OG0005330	6	2	1	9
OG0005331	3	2	4	9
OG0005332	2	5	2	9
OG0005333	3	5	1	9
OG0005334	1	0	8	9
OG0005335	4	3	2	9
OG0005336	1	6	2	9
OG0005337	4	3	2	9
OG0005338	1	4	4	9
OG0005339	1	6	2	9
OG0005340	5	2	2	9
OG0005341	3	4	2	9
OG0005342	4	4	1	9
OG0005343	1	6	2	9
OG0005344	5	3	1	9
OG0005345	3	4	2	9
OG0005346	2	5	2	9
OG0005347	3	4	2	9
OG0005348	4	4	1	9
OG0005349	2	3	4	9
OG0005350	3	5	1	9
OG0005351	2	5	2	9
OG0005352	2	5	2	9
OG0005353	3	4	2	9
OG0005354	3	4	2	9
OG0005355	3	5	1	9
OG0005356	2	5	2	9
OG0005357	4	3	2	9
OG0005358	2	6	1	9
OG0005359	3	4	2	9
OG0005360	2	5	2	9
OG0005361	3	4	2	9
OG0005362	3	4	2	9
OG0005363	3	4	2	9
OG0005364	3	4	2	9
OG0005365	2	5	2	9
OG0005366	5	2	2	9
OG0005367	1	4	4	9
OG0005368	2	5	2	9
OG0005369	8	0	1	9
OG0005370	4	4	1	9
OG0005371	1	4	4	9
OG0005372	4	5	0	9
OG0005373	3	4	2	9
OG0005374	0	6	3	9
OG0005375	0	7	2	9
OG0005376	0	3	6	9
OG0005377	0	2	7	9
OG0005378	0	1	8	9
OG0005379	2	3	3	8
OG0005380	3	3	2	8
OG0005381	3	3	2	8
OG0005382	3	3	2	8
OG0005383	3	3	2	8
OG0005384	3	3	2	8
OG0005385	2	3	3	8
OG0005386	2	3	3	8
OG0005387	3	3	2	8
OG0005388	4	2	2	8
OG0005389	3	3	2	8
OG0005390	3	2	3	8
OG0005391	4	2	2	8
OG0005392	4	2	2	8
OG0005393	1	1	6	8
OG0005394	4	2	2	8
OG0005395	2	2	4	8
OG0005396	4	2	2	8
OG0005397	3	3	2	8
OG0005398	2	4	2	8
OG0005399	2	2	4	8
OG0005400	3	3	2	8
OG0005401	3	3	2	8
OG0005402	2	2	4	8
OG0005403	3	3	2	8
OG0005404	4	2	2	8
OG0005405	3	3	2	8
OG0005406	4	2	2	8
OG0005407	3	3	2	8
OG0005408	2	4	2	8
OG0005409	3	2	3	8
OG0005410	2	4	2	8
OG0005411	3	3	2	8
OG0005412	3	3	2	8
OG0005413	3	3	2	8
OG0005414	3	3	2	8
OG0005415	3	3	2	8
OG0005416	3	3	2	8
OG0005417	3	3	2	8
OG0005418	2	5	1	8
OG0005419	4	2	2	8
OG0005420	4	2	2	8
OG0005421	3	2	3	8
OG0005422	4	2	2	8
OG0005423	2	4	2	8
OG0005424	4	2	2	8
OG0005425	3	3	2	8
OG0005426	3	3	2	8
OG0005427	5	2	1	8
OG0005428	2	3	3	8
OG0005429	2	4	2	8
OG0005430	2	4	2	8
OG0005431	3	3	2	8
OG0005432	3	3	2	8
OG0005433	3	3	2	8
OG0005434	3	3	2	8
OG0005435	2	4	2	8
OG0005436	3	3	2	8
OG0005437	3	3	2	8
OG0005438	2	4	2	8
OG0005439	1	5	2	8
OG0005440	2	4	2	8
OG0005441	6	2	0	8
OG0005442	3	3	2	8
OG0005443	3	3	2	8
OG0005444	3	3	2	8
OG0005445	3	2	3	8
OG0005446	3	3	2	8
OG0005447	3	3	2	8
OG0005448	3	3	2	8
OG0005449	4	2	2	8
OG0005450	3	3	2	8
OG0005451	3	3	2	8
OG0005452	4	2	2	8
OG0005453	3	3	2	8
OG0005454	4	2	2	8
OG0005455	2	4	2	8
OG0005456	4	2	2	8
OG0005457	3	3	2	8
OG0005458	3	3	2	8
OG0005459	3	3	2	8
OG0005460	3	3	2	8
OG0005461	1	5	2	8
OG0005462	5	1	2	8
OG0005463	3	3	2	8
OG0005464	3	3	2	8
OG0005465	2	4	2	8
OG0005466	3	2	3	8
OG0005467	3	2	3	8
OG0005468	2	4	2	8
OG0005469	3	3	2	8
OG0005470	3	3	2	8
OG0005471	3	3	2	8
OG0005472	4	2	2	8
OG0005473	2	3	3	8
OG0005474	3	3	2	8
OG0005475	4	2	2	8
OG0005476	2	4	2	8
OG0005477	3	3	2	8
OG0005478	3	3	2	8
OG0005479	2	4	2	8
OG0005480	3	4	1	8
OG0005481	3	3	2	8
OG0005482	3	3	2	8
OG0005483	3	3	2	8
OG0005484	3	3	2	8
OG0005485	4	2	2	8
OG0005486	2	4	2	8
OG0005487	3	3	2	8
OG0005488	3	3	2	8
OG0005489	3	3	2	8
OG0005490	2	4	2	8
OG0005491	3	3	2	8
OG0005492	4	2	2	8
OG0005493	2	4	2	8
OG0005494	2	4	2	8
OG0005495	3	3	2	8
OG0005496	3	3	2	8
OG0005497	3	3	2	8
OG0005498	4	3	1	8
OG0005499	3	3	2	8
OG0005500	5	1	2	8
OG0005501	3	3	2	8
OG0005502	2	3	3	8
OG0005503	4	2	2	8
OG0005504	3	3	2	8
OG0005505	3	3	2	8
OG0005506	2	4	2	8
OG0005507	4	2	2	8
OG0005508	3	3	2	8
OG0005509	3	3	2	8
OG0005510	2	2	4	8
OG0005511	2	4	2	8
OG0005512	3	3	2	8
OG0005513	3	3	2	8
OG0005514	2	4	2	8
OG0005515	3	3	2	8
OG0005516	3	4	1	8
OG0005517	3	3	2	8
OG0005518	3	3	2	8
OG0005519	5	2	1	8
OG0005520	3	1	4	8
OG0005521	3	3	2	8
OG0005522	1	0	7	8
OG0005523	2	1	5	8
OG0005524	5	1	2	8
OG0005525	3	3	2	8
OG0005526	2	4	2	8
OG0005527	3	4	1	8
OG0005528	4	2	2	8
OG0005529	4	2	2	8
OG0005530	2	4	2	8
OG0005531	3	3	2	8
OG0005532	3	3	2	8
OG0005533	4	2	2	8
OG0005534	4	2	2	8
OG0005535	4	3	1	8
OG0005536	3	3	2	8
OG0005537	2	4	2	8
OG0005538	4	2	2	8
OG0005539	3	3	2	8
OG0005540	3	3	2	8
OG0005541	2	4	2	8
OG0005542	2	2	4	8
OG0005543	2	4	2	8
OG0005544	3	3	2	8
OG0005545	4	2	2	8
OG0005546	3	3	2	8
OG0005547	3	3	2	8
OG0005548	3	3	2	8
OG0005549	3	3	2	8
OG0005550	3	3	2	8
OG0005551	3	3	2	8
OG0005552	3	3	2	8
OG0005553	3	3	2	8
OG0005554	3	3	2	8
OG0005555	4	2	2	8
OG0005556	3	3	2	8
OG0005557	3	3	2	8
OG0005558	2	3	3	8
OG0005559	2	4	2	8
OG0005560	3	3	2	8
OG0005561	3	3	2	8
OG0005562	4	2	2	8
OG0005563	3	3	2	8
OG0005564	3	3	2	8
OG0005565	1	5	2	8
OG0005566	6	0	2	8
OG0005567	4	2	2	8
OG0005568	3	3	2	8
OG0005569	3	3	2	8
OG0005570	3	3	2	8
OG0005571	3	3	2	8
OG0005572	4	2	2	8
OG0005573	2	4	2	8
OG0005574	2	4	2	8
OG0005575	3	3	2	8
OG0005576	2	4	2	8
OG0005577	1	5	2	8
OG0005578	2	4	2	8
OG0005579	3	3	2	8
OG0005580	4	2	2	8
OG0005581	2	4	2	8
OG0005582	2	3	3	8
OG0005583	3	3	2	8
OG0005584	4	2	2	8
OG0005585	3	3	2	8
OG0005586	3	3	2	8
OG0005587	3	3	2	8
OG0005588	3	3	2	8
OG0005589	4	2	2	8
OG0005590	3	4	1	8
OG0005591	2	4	2	8
OG0005592	2	4	2	8
OG0005593	3	3	2	8
OG0005594	3	3	2	8
OG0005595	3	3	2	8
OG0005596	4	2	2	8
OG0005597	3	3	2	8
OG0005598	4	2	2	8
OG0005599	2	4	2	8
OG0005600	2	4	2	8
OG0005601	3	3	2	8
OG0005602	2	4	2	8
OG0005603	3	3	2	8
OG0005604	6	1	1	8
OG0005605	4	2	2	8
OG0005606	5	1	2	8
OG0005607	2	4	2	8
OG0005608	2	4	2	8
OG0005609	4	2	2	8
OG0005610	3	3	2	8
OG0005611	3	3	2	8
OG0005612	3	3	2	8
OG0005613	2	4	2	8
OG0005614	3	2	3	8
OG0005615	3	3	2	8
OG0005616	3	2	3	8
OG0005617	4	2	2	8
OG0005618	3	3	2	8
OG0005619	2	4	2	8
OG0005620	4	2	2	8
OG0005621	2	4	2	8
OG0005622	3	3	2	8
OG0005623	4	2	2	8
OG0005624	3	3	2	8
OG0005625	4	2	2	8
OG0005626	5	1	2	8
OG0005627	3	3	2	8
OG0005628	3	3	2	8
OG0005629	3	3	2	8
OG0005630	2	4	2	8
OG0005631	3	3	2	8
OG0005632	3	3	2	8
OG0005633	3	3	2	8
OG0005634	2	3	3	8
OG0005635	3	3	2	8
OG0005636	3	3	2	8
OG0005637	3	3	2	8
OG0005638	2	3	3	8
OG0005639	3	3	2	8
OG0005640	3	3	2	8
OG0005641	3	3	2	8
OG0005642	2	4	2	8
OG0005643	4	2	2	8
OG0005644	3	3	2	8
OG0005645	3	3	2	8
OG0005646	3	3	2	8
OG0005647	2	2	4	8
OG0005648	4	2	2	8
OG0005649	2	4	2	8
OG0005650	3	3	2	8
OG0005651	5	2	1	8
OG0005652	3	2	3	8
OG0005653	2	4	2	8
OG0005654	3	3	2	8
OG0005655	4	2	2	8
OG0005656	3	3	2	8
OG0005657	2	4	2	8
OG0005658	3	3	2	8
OG0005659	3	3	2	8
OG0005660	3	3	2	8
OG0005661	4	2	2	8
OG0005662	2	4	2	8
OG0005663	3	3	2	8
OG0005664	3	3	2	8
OG0005665	4	2	2	8
OG0005666	4	2	2	8
OG0005667	3	0	5	8
OG0005668	3	3	2	8
OG0005669	2	4	2	8
OG0005670	3	3	2	8
OG0005671	3	3	2	8
OG0005672	4	2	2	8
OG0005673	1	5	2	8
OG0005674	2	4	2	8
OG0005675	2	3	3	8
OG0005676	4	2	2	8
OG0005677	3	3	2	8
OG0005678	2	2	4	8
OG0005679	3	3	2	8
OG0005680	3	3	2	8
OG0005681	2	4	2	8
OG0005682	3	3	2	8
OG0005683	4	2	2	8
OG0005684	3	3	2	8
OG0005685	2	3	3	8
OG0005686	2	3	3	8
OG0005687	3	3	2	8
OG0005688	4	2	2	8
OG0005689	3	3	2	8
OG0005690	3	2	3	8
OG0005691	4	2	2	8
OG0005692	3	3	2	8
OG0005693	2	4	2	8
OG0005694	4	2	2	8
OG0005695	4	2	2	8
OG0005696	4	2	2	8
OG0005697	2	4	2	8
OG0005698	3	3	2	8
OG0005699	4	2	2	8
OG0005700	3	3	2	8
OG0005701	2	4	2	8
OG0005702	4	2	2	8
OG0005703	2	4	2	8
OG0005704	4	2	2	8
OG0005705	4	3	1	8
OG0005706	2	4	2	8
OG0005707	2	3	3	8
OG0005708	4	2	2	8
OG0005709	4	2	2	8
OG0005710	3	3	2	8
OG0005711	5	1	2	8
OG0005712	3	3	2	8
OG0005713	2	4	2	8
OG0005714	4	2	2	8
OG0005715	3	3	2	8
OG0005716	3	3	2	8
OG0005717	4	2	2	8
OG0005718	3	3	2	8
OG0005719	4	2	2	8
OG0005720	3	3	2	8
OG0005721	3	2	3	8
OG0005722	4	2	2	8
OG0005723	2	3	3	8
OG0005724	2	4	2	8
OG0005725	2	3	3	8
OG0005726	3	3	2	8
OG0005727	4	2	2	8
OG0005728	3	3	2	8
OG0005729	4	2	2	8
OG0005730	3	3	2	8
OG0005731	3	3	2	8
OG0005732	3	2	3	8
OG0005733	3	3	2	8
OG0005734	3	3	2	8
OG0005735	3	3	2	8
OG0005736	3	3	2	8
OG0005737	2	4	2	8
OG0005738	4	2	2	8
OG0005739	3	3	2	8
OG0005740	4	2	2	8
OG0005741	3	3	2	8
OG0005742	3	3	2	8
OG0005743	3	3	2	8
OG0005744	2	4	2	8
OG0005745	2	2	4	8
OG0005746	5	1	2	8
OG0005747	4	2	2	8
OG0005748	3	3	2	8
OG0005749	2	4	2	8
OG0005750	3	3	2	8
OG0005751	1	5	2	8
OG0005752	4	2	2	8
OG0005753	3	3	2	8
OG0005754	3	3	2	8
OG0005755	2	4	2	8
OG0005756	3	3	2	8
OG0005757	2	4	2	8
OG0005758	4	2	2	8
OG0005759	2	4	2	8
OG0005760	2	4	2	8
OG0005761	4	2	2	8
OG0005762	3	3	2	8
OG0005763	3	3	2	8
OG0005764	3	3	2	8
OG0005765	3	3	2	8
OG0005766	4	2	2	8
OG0005767	3	3	2	8
OG0005768	3	3	2	8
OG0005769	2	4	2	8
OG0005770	2	4	2	8
OG0005771	3	3	2	8
OG0005772	3	3	2	8
OG0005773	3	3	2	8
OG0005774	3	3	2	8
OG0005775	3	2	3	8
OG0005776	2	4	2	8
OG0005777	2	4	2	8
OG0005778	3	3	2	8
OG0005779	4	2	2	8
OG0005780	4	2	2	8
OG0005781	4	2	2	8
OG0005782	3	3	2	8
OG0005783	4	2	2	8
OG0005784	2	3	3	8
OG0005785	3	3	2	8
OG0005786	2	4	2	8
OG0005787	3	3	2	8
OG0005788	2	4	2	8
OG0005789	3	3	2	8
OG0005790	4	3	1	8
OG0005791	3	3	2	8
OG0005792	2	3	3	8
OG0005793	3	3	2	8
OG0005794	3	3	2	8
OG0005795	4	2	2	8
OG0005796	2	4	2	8
OG0005797	3	3	2	8
OG0005798	3	3	2	8
OG0005799	2	4	2	8
OG0005800	4	2	2	8
OG0005801	3	3	2	8
OG0005802	3	3	2	8
OG0005803	2	4	2	8
OG0005804	4	3	1	8
OG0005805	3	3	2	8
OG0005806	1	5	2	8
OG0005807	3	3	2	8
OG0005808	2	4	2	8
OG0005809	2	4	2	8
OG0005810	4	2	2	8
OG0005811	3	3	2	8
OG0005812	4	2	2	8
OG0005813	3	3	2	8
OG0005814	3	2	3	8
OG0005815	3	3	2	8
OG0005816	2	4	2	8
OG0005817	3	3	2	8
OG0005818	6	2	0	8
OG0005819	3	2	3	8
OG0005820	3	3	2	8
OG0005821	2	4	2	8
OG0005822	3	3	2	8
OG0005823	2	6	0	8
OG0005824	3	3	2	8
OG0005825	4	2	2	8
OG0005826	2	4	2	8
OG0005827	4	3	1	8
OG0005828	3	3	2	8
OG0005829	3	2	3	8
OG0005830	3	3	2	8
OG0005831	3	3	2	8
OG0005832	5	1	2	8
OG0005833	2	3	3	8
OG0005834	3	3	2	8
OG0005835	3	3	2	8
OG0005836	2	3	3	8
OG0005837	3	3	2	8
OG0005838	2	4	2	8
OG0005839	3	3	2	8
OG0005840	3	3	2	8
OG0005841	4	2	2	8
OG0005842	2	4	2	8
OG0005843	3	3	2	8
OG0005844	3	3	2	8
OG0005845	2	4	2	8
OG0005846	3	3	2	8
OG0005847	3	3	2	8
OG0005848	2	4	2	8
OG0005849	2	3	3	8
OG0005850	3	3	2	8
OG0005851	2	4	2	8
OG0005852	4	2	2	8
OG0005853	4	2	2	8
OG0005854	3	3	2	8
OG0005855	4	2	2	8
OG0005856	3	3	2	8
OG0005857	3	3	2	8
OG0005858	3	3	2	8
OG0005859	2	4	2	8
OG0005860	4	2	2	8
OG0005861	4	2	2	8
OG0005862	2	4	2	8
OG0005863	3	3	2	8
OG0005864	3	3	2	8
OG0005865	4	2	2	8
OG0005866	2	3	3	8
OG0005867	4	2	2	8
OG0005868	3	3	2	8
OG0005869	2	4	2	8
OG0005870	4	2	2	8
OG0005871	3	3	2	8
OG0005872	2	4	2	8
OG0005873	3	3	2	8
OG0005874	2	4	2	8
OG0005875	3	3	2	8
OG0005876	2	4	2	8
OG0005877	3	3	2	8
OG0005878	2	3	3	8
OG0005879	3	3	2	8
OG0005880	3	3	2	8
OG0005881	3	3	2	8
OG0005882	3	3	2	8
OG0005883	2	4	2	8
OG0005884	4	2	2	8
OG0005885	4	2	2	8
OG0005886	4	0	4	8
OG0005887	2	4	2	8
OG0005888	4	2	2	8
OG0005889	3	3	2	8
OG0005890	3	3	2	8
OG0005891	2	4	2	8
OG0005892	2	4	2	8
OG0005893	2	4	2	8
OG0005894	2	3	3	8
OG0005895	2	4	2	8
OG0005896	2	4	2	8
OG0005897	1	5	2	8
OG0005898	3	2	3	8
OG0005899	3	2	3	8
OG0005900	4	2	2	8
OG0005901	1	5	2	8
OG0005902	3	3	2	8
OG0005903	4	3	1	8
OG0005904	5	0	3	8
OG0005905	7	1	0	8
OG0005906	3	3	2	8
OG0005907	7	0	1	8
OG0005908	3	3	2	8
OG0005909	3	3	2	8
OG0005910	3	2	3	8
OG0005911	3	3	2	8
OG0005912	3	3	2	8
OG0005913	1	5	2	8
OG0005914	2	4	2	8
OG0005915	2	3	3	8
OG0005916	4	2	2	8
OG0005917	3	3	2	8
OG0005918	4	4	0	8
OG0005919	3	3	2	8
OG0005920	3	3	2	8
OG0005921	3	3	2	8
OG0005922	3	3	2	8
OG0005923	3	3	2	8
OG0005924	3	3	2	8
OG0005925	7	1	0	8
OG0005926	5	1	2	8
OG0005927	3	3	2	8
OG0005928	2	4	2	8
OG0005929	1	5	2	8
OG0005930	3	3	2	8
OG0005931	4	2	2	8
OG0005932	5	2	1	8
OG0005933	5	2	1	8
OG0005934	3	3	2	8
OG0005935	3	3	2	8
OG0005936	3	3	2	8
OG0005937	2	4	2	8
OG0005938	4	2	2	8
OG0005939	3	3	2	8
OG0005940	4	2	2	8
OG0005941	4	2	2	8
OG0005942	2	4	2	8
OG0005943	2	4	2	8
OG0005944	4	3	1	8
OG0005945	3	3	2	8
OG0005946	3	3	2	8
OG0005947	3	3	2	8
OG0005948	3	3	2	8
OG0005949	3	3	2	8
OG0005950	3	3	2	8
OG0005951	3	3	2	8
OG0005952	3	3	2	8
OG0005953	2	3	3	8
OG0005954	4	2	2	8
OG0005955	4	2	2	8
OG0005956	4	2	2	8
OG0005957	3	3	2	8
OG0005958	4	2	2	8
OG0005959	2	3	3	8
OG0005960	3	3	2	8
OG0005961	2	4	2	8
OG0005962	2	4	2	8
OG0005963	2	4	2	8
OG0005964	4	2	2	8
OG0005965	4	2	2	8
OG0005966	2	3	3	8
OG0005967	3	3	2	8
OG0005968	3	3	2	8
OG0005969	3	3	2	8
OG0005970	2	4	2	8
OG0005971	3	3	2	8
OG0005972	2	4	2	8
OG0005973	2	4	2	8
OG0005974	3	2	3	8
OG0005975	3	3	2	8
OG0005976	3	3	2	8
OG0005977	3	3	2	8
OG0005978	1	5	2	8
OG0005979	2	3	3	8
OG0005980	3	3	2	8
OG0005981	3	2	3	8
OG0005982	2	3	3	8
OG0005983	4	2	2	8
OG0005984	4	2	2	8
OG0005985	2	4	2	8
OG0005986	3	3	2	8
OG0005987	2	4	2	8
OG0005988	1	5	2	8
OG0005989	3	3	2	8
OG0005990	2	4	2	8
OG0005991	2	4	2	8
OG0005992	2	4	2	8
OG0005993	2	2	4	8
OG0005994	2	4	2	8
OG0005995	7	0	1	8
OG0005996	4	2	2	8
OG0005997	3	3	2	8
OG0005998	4	3	1	8
OG0005999	3	3	2	8
OG0006000	4	2	2	8
OG0006001	4	2	2	8
OG0006002	3	3	2	8
OG0006003	3	4	1	8
OG0006004	4	3	1	8
OG0006005	2	4	2	8
OG0006006	3	3	2	8
OG0006007	3	3	2	8
OG0006008	3	3	2	8
OG0006009	3	2	3	8
OG0006010	3	3	2	8
OG0006011	3	3	2	8
OG0006012	2	4	2	8
OG0006013	4	2	2	8
OG0006014	3	3	2	8
OG0006015	3	3	2	8
OG0006016	3	3	2	8
OG0006017	4	3	1	8
OG0006018	3	3	2	8
OG0006019	2	4	2	8
OG0006020	2	4	2	8
OG0006021	4	2	2	8
OG0006022	3	3	2	8
OG0006023	3	3	2	8
OG0006024	4	3	1	8
OG0006025	3	2	3	8
OG0006026	3	4	1	8
OG0006027	3	3	2	8
OG0006028	3	3	2	8
OG0006029	4	0	4	8
OG0006030	3	3	2	8
OG0006031	4	2	2	8
OG0006032	4	2	2	8
OG0006033	4	2	2	8
OG0006034	3	3	2	8
OG0006035	3	3	2	8
OG0006036	3	3	2	8
OG0006037	2	4	2	8
OG0006038	2	4	2	8
OG0006039	2	4	2	8
OG0006040	3	3	2	8
OG0006041	2	4	2	8
OG0006042	2	4	2	8
OG0006043	3	3	2	8
OG0006044	4	2	2	8
OG0006045	3	3	2	8
OG0006046	3	3	2	8
OG0006047	2	4	2	8
OG0006048	3	3	2	8
OG0006049	2	5	1	8
OG0006050	3	3	2	8
OG0006051	4	4	0	8
OG0006052	2	4	2	8
OG0006053	3	3	2	8
OG0006054	4	2	2	8
OG0006055	3	3	2	8
OG0006056	3	3	2	8
OG0006057	3	2	3	8
OG0006058	3	3	2	8
OG0006059	3	1	4	8
OG0006060	3	3	2	8
OG0006061	4	2	2	8
OG0006062	2	3	3	8
OG0006063	3	3	2	8
OG0006064	4	2	2	8
OG0006065	3	3	2	8
OG0006066	3	3	2	8
OG0006067	2	4	2	8
OG0006068	3	3	2	8
OG0006069	3	4	1	8
OG0006070	5	3	0	8
OG0006071	2	4	2	8
OG0006072	3	3	2	8
OG0006073	2	4	2	8
OG0006074	4	2	2	8
OG0006075	3	3	2	8
OG0006076	3	3	2	8
OG0006077	4	2	2	8
OG0006078	4	2	2	8
OG0006079	2	4	2	8
OG0006080	3	3	2	8
OG0006081	5	3	0	8
OG0006082	3	2	3	8
OG0006083	5	1	2	8
OG0006084	5	1	2	8
OG0006085	4	4	0	8
OG0006086	4	3	1	8
OG0006087	4	2	2	8
OG0006088	4	2	2	8
OG0006089	3	3	2	8
OG0006090	3	3	2	8
OG0006091	3	3	2	8
OG0006092	3	4	1	8
OG0006093	3	3	2	8
OG0006094	4	2	2	8
OG0006095	3	3	2	8
OG0006096	1	5	2	8
OG0006097	3	3	2	8
OG0006098	3	3	2	8
OG0006099	3	3	2	8
OG0006100	4	2	2	8
OG0006101	3	2	3	8
OG0006102	4	2	2	8
OG0006103	3	3	2	8
OG0006104	2	4	2	8
OG0006105	4	2	2	8
OG0006106	2	3	3	8
OG0006107	3	3	2	8
OG0006108	3	3	2	8
OG0006109	3	3	2	8
OG0006110	2	4	2	8
OG0006111	2	4	2	8
OG0006112	3	3	2	8
OG0006113	2	4	2	8
OG0006114	3	3	2	8
OG0006115	3	3	2	8
OG0006116	4	4	0	8
OG0006117	3	3	2	8
OG0006118	5	1	2	8
OG0006119	3	3	2	8
OG0006120	3	3	2	8
OG0006121	2	4	2	8
OG0006122	3	3	2	8
OG0006123	3	3	2	8
OG0006124	3	3	2	8
OG0006125	4	2	2	8
OG0006126	3	3	2	8
OG0006127	4	2	2	8
OG0006128	3	3	2	8
OG0006129	4	2	2	8
OG0006130	2	4	2	8
OG0006131	3	3	2	8
OG0006132	2	3	3	8
OG0006133	4	2	2	8
OG0006134	3	3	2	8
OG0006135	4	2	2	8
OG0006136	2	4	2	8
OG0006137	2	4	2	8
OG0006138	3	3	2	8
OG0006139	3	3	2	8
OG0006140	4	2	2	8
OG0006141	4	2	2	8
OG0006142	2	4	2	8
OG0006143	4	2	2	8
OG0006144	3	4	1	8
OG0006145	3	2	3	8
OG0006146	3	4	1	8
OG0006147	3	3	2	8
OG0006148	3	3	2	8
OG0006149	2	3	3	8
OG0006150	3	3	2	8
OG0006151	2	4	2	8
OG0006152	3	3	2	8
OG0006153	5	1	2	8
OG0006154	3	3	2	8
OG0006155	3	3	2	8
OG0006156	3	3	2	8
OG0006157	4	2	2	8
OG0006158	2	4	2	8
OG0006159	3	3	2	8
OG0006160	3	3	2	8
OG0006161	3	3	2	8
OG0006162	3	3	2	8
OG0006163	3	3	2	8
OG0006164	2	4	2	8
OG0006165	3	3	2	8
OG0006166	3	3	2	8
OG0006167	3	3	2	8
OG0006168	5	3	0	8
OG0006169	3	3	2	8
OG0006170	3	3	2	8
OG0006171	3	3	2	8
OG0006172	3	3	2	8
OG0006173	3	3	2	8
OG0006174	3	3	2	8
OG0006175	3	3	2	8
OG0006176	3	2	3	8
OG0006177	3	3	2	8
OG0006178	3	4	1	8
OG0006179	4	2	2	8
OG0006180	2	4	2	8
OG0006181	2	4	2	8
OG0006182	4	2	2	8
OG0006183	4	2	2	8
OG0006184	2	6	0	8
OG0006185	2	4	2	8
OG0006186	3	3	2	8
OG0006187	3	3	2	8
OG0006188	3	3	2	8
OG0006189	3	3	2	8
OG0006190	3	3	2	8
OG0006191	4	2	2	8
OG0006192	3	3	2	8
OG0006193	4	2	2	8
OG0006194	4	2	2	8
OG0006195	3	3	2	8
OG0006196	3	3	2	8
OG0006197	2	4	2	8
OG0006198	5	2	1	8
OG0006199	2	4	2	8
OG0006200	3	3	2	8
OG0006201	3	3	2	8
OG0006202	3	3	2	8
OG0006203	4	2	2	8
OG0006204	2	4	2	8
OG0006205	2	4	2	8
OG0006206	3	3	2	8
OG0006207	4	2	2	8
OG0006208	5	2	1	8
OG0006209	4	2	2	8
OG0006210	3	3	2	8
OG0006211	2	1	5	8
OG0006212	3	3	2	8
OG0006213	3	3	2	8
OG0006214	3	2	3	8
OG0006215	3	3	2	8
OG0006216	3	3	2	8
OG0006217	3	3	2	8
OG0006218	3	3	2	8
OG0006219	3	3	2	8
OG0006220	2	4	2	8
OG0006221	2	4	2	8
OG0006222	3	3	2	8
OG0006223	4	2	2	8
OG0006224	2	3	3	8
OG0006225	3	3	2	8
OG0006226	2	4	2	8
OG0006227	2	4	2	8
OG0006228	3	3	2	8
OG0006229	3	2	3	8
OG0006230	3	3	2	8
OG0006231	4	2	2	8
OG0006232	3	3	2	8
OG0006233	2	4	2	8
OG0006234	3	2	3	8
OG0006235	3	3	2	8
OG0006236	2	4	2	8
OG0006237	2	3	3	8
OG0006238	3	2	3	8
OG0006239	3	3	2	8
OG0006240	4	2	2	8
OG0006241	4	3	1	8
OG0006242	4	2	2	8
OG0006243	3	3	2	8
OG0006244	3	3	2	8
OG0006245	3	3	2	8
OG0006246	1	0	7	8
OG0006247	3	3	2	8
OG0006248	3	3	2	8
OG0006249	2	3	3	8
OG0006250	5	1	2	8
OG0006251	3	3	2	8
OG0006252	4	2	2	8
OG0006253	3	3	2	8
OG0006254	2	4	2	8
OG0006255	3	3	2	8
OG0006256	2	3	3	8
OG0006257	3	3	2	8
OG0006258	4	4	0	8
OG0006259	2	3	3	8
OG0006260	2	4	2	8
OG0006261	3	4	1	8
OG0006262	3	3	2	8
OG0006263	2	2	4	8
OG0006264	2	4	2	8
OG0006265	3	3	2	8
OG0006266	3	3	2	8
OG0006267	3	4	1	8
OG0006268	3	3	2	8
OG0006269	3	3	2	8
OG0006270	4	2	2	8
OG0006271	4	2	2	8
OG0006272	4	2	2	8
OG0006273	3	3	2	8
OG0006274	2	3	3	8
OG0006275	3	3	2	8
OG0006276	3	3	2	8
OG0006277	3	3	2	8
OG0006278	3	3	2	8
OG0006279	3	3	2	8
OG0006280	3	3	2	8
OG0006281	3	3	2	8
OG0006282	3	3	2	8
OG0006283	3	3	2	8
OG0006284	4	2	2	8
OG0006285	4	2	2	8
OG0006286	3	3	2	8
OG0006287	3	3	2	8
OG0006288	2	3	3	8
OG0006289	3	3	2	8
OG0006290	5	1	2	8
OG0006291	3	2	3	8
OG0006292	3	3	2	8
OG0006293	2	4	2	8
OG0006294	5	1	2	8
OG0006295	2	3	3	8
OG0006296	4	2	2	8
OG0006297	4	4	0	8
OG0006298	3	3	2	8
OG0006299	3	3	2	8
OG0006300	2	4	2	8
OG0006301	3	3	2	8
OG0006302	5	2	1	8
OG0006303	3	3	2	8
OG0006304	1	1	6	8
OG0006305	4	2	2	8
OG0006306	4	2	2	8
OG0006307	4	2	2	8
OG0006308	4	2	2	8
OG0006309	3	3	2	8
OG0006310	4	3	1	8
OG0006311	2	4	2	8
OG0006312	2	4	2	8
OG0006313	2	4	2	8
OG0006314	3	3	2	8
OG0006315	3	3	2	8
OG0006316	3	3	2	8
OG0006317	6	1	1	8
OG0006318	2	4	2	8
OG0006319	2	4	2	8
OG0006320	4	2	2	8
OG0006321	3	3	2	8
OG0006322	4	2	2	8
OG0006323	3	3	2	8
OG0006324	3	3	2	8
OG0006325	3	3	2	8
OG0006326	3	3	2	8
OG0006327	2	4	2	8
OG0006328	3	4	1	8
OG0006329	3	3	2	8
OG0006330	1	3	4	8
OG0006331	3	3	2	8
OG0006332	3	3	2	8
OG0006333	3	3	2	8
OG0006334	3	3	2	8
OG0006335	2	3	3	8
OG0006336	2	4	2	8
OG0006337	3	3	2	8
OG0006338	3	3	2	8
OG0006339	2	4	2	8
OG0006340	5	2	1	8
OG0006341	2	4	2	8
OG0006342	2	4	2	8
OG0006343	4	2	2	8
OG0006344	2	3	3	8
OG0006345	3	3	2	8
OG0006346	4	2	2	8
OG0006347	3	3	2	8
OG0006348	3	3	2	8
OG0006349	4	2	2	8
OG0006350	2	3	3	8
OG0006351	3	3	2	8
OG0006352	3	4	1	8
OG0006353	3	3	2	8
OG0006354	4	3	1	8
OG0006355	3	3	2	8
OG0006356	1	5	2	8
OG0006357	2	4	2	8
OG0006358	3	3	2	8
OG0006359	5	1	2	8
OG0006360	1	3	4	8
OG0006361	4	2	2	8
OG0006362	2	4	2	8
OG0006363	3	3	2	8
OG0006364	4	2	2	8
OG0006365	2	4	2	8
OG0006366	2	4	2	8
OG0006367	2	4	2	8
OG0006368	3	3	2	8
OG0006369	4	2	2	8
OG0006370	4	2	2	8
OG0006371	2	3	3	8
OG0006372	4	2	2	8
OG0006373	2	4	2	8
OG0006374	3	3	2	8
OG0006375	2	4	2	8
OG0006376	3	3	2	8
OG0006377	2	4	2	8
OG0006378	3	3	2	8
OG0006379	3	3	2	8
OG0006380	4	2	2	8
OG0006381	3	3	2	8
OG0006382	2	4	2	8
OG0006383	3	2	3	8
OG0006384	4	2	2	8
OG0006385	4	2	2	8
OG0006386	2	4	2	8
OG0006387	2	4	2	8
OG0006388	3	3	2	8
OG0006389	3	3	2	8
OG0006390	3	3	2	8
OG0006391	1	5	2	8
OG0006392	3	3	2	8
OG0006393	4	2	2	8
OG0006394	3	3	2	8
OG0006395	2	4	2	8
OG0006396	3	3	2	8
OG0006397	2	4	2	8
OG0006398	3	3	2	8
OG0006399	3	3	2	8
OG0006400	4	2	2	8
OG0006401	4	2	2	8
OG0006402	2	4	2	8
OG0006403	3	3	2	8
OG0006404	3	3	2	8
OG0006405	3	3	2	8
OG0006406	2	4	2	8
OG0006407	3	3	2	8
OG0006408	3	3	2	8
OG0006409	3	3	2	8
OG0006410	2	4	2	8
OG0006411	3	3	2	8
OG0006412	3	3	2	8
OG0006413	4	2	2	8
OG0006414	3	3	2	8
OG0006415	2	4	2	8
OG0006416	3	3	2	8
OG0006417	3	3	2	8
OG0006418	3	3	2	8
OG0006419	3	3	2	8
OG0006420	3	3	2	8
OG0006421	4	2	2	8
OG0006422	5	2	1	8
OG0006423	5	2	1	8
OG0006424	2	4	2	8
OG0006425	6	1	1	8
OG0006426	5	2	1	8
OG0006427	4	2	2	8
OG0006428	4	2	2	8
OG0006429	3	3	2	8
OG0006430	3	3	2	8
OG0006431	4	2	2	8
OG0006432	4	2	2	8
OG0006433	4	2	2	8
OG0006434	2	4	2	8
OG0006435	2	4	2	8
OG0006436	3	3	2	8
OG0006437	3	3	2	8
OG0006438	4	2	2	8
OG0006439	4	2	2	8
OG0006440	3	3	2	8
OG0006441	3	3	2	8
OG0006442	3	3	2	8
OG0006443	3	3	2	8
OG0006444	2	4	2	8
OG0006445	3	3	2	8
OG0006446	3	3	2	8
OG0006447	2	4	2	8
OG0006448	3	3	2	8
OG0006449	3	3	2	8
OG0006450	3	3	2	8
OG0006451	5	0	3	8
OG0006452	3	4	1	8
OG0006453	3	3	2	8
OG0006454	3	3	2	8
OG0006455	2	4	2	8
OG0006456	2	4	2	8
OG0006457	3	3	2	8
OG0006458	3	3	2	8
OG0006459	2	4	2	8
OG0006460	4	2	2	8
OG0006461	2	4	2	8
OG0006462	4	2	2	8
OG0006463	6	1	1	8
OG0006464	2	4	2	8
OG0006465	3	3	2	8
OG0006466	2	4	2	8
OG0006467	3	3	2	8
OG0006468	3	3	2	8
OG0006469	3	3	2	8
OG0006470	2	5	1	8
OG0006471	3	3	2	8
OG0006472	3	3	2	8
OG0006473	4	2	2	8
OG0006474	2	4	2	8
OG0006475	1	5	2	8
OG0006476	1	5	2	8
OG0006477	2	4	2	8
OG0006478	2	4	2	8
OG0006479	1	5	2	8
OG0006480	2	4	2	8
OG0006481	2	3	3	8
OG0006482	4	2	2	8
OG0006483	2	4	2	8
OG0006484	3	3	2	8
OG0006485	3	3	2	8
OG0006486	4	3	1	8
OG0006487	4	4	0	8
OG0006488	3	3	2	8
OG0006489	2	4	2	8
OG0006490	3	3	2	8
OG0006491	3	3	2	8
OG0006492	4	2	2	8
OG0006493	4	2	2	8
OG0006494	3	3	2	8
OG0006495	3	3	2	8
OG0006496	3	3	2	8
OG0006497	2	4	2	8
OG0006498	4	2	2	8
OG0006499	4	2	2	8
OG0006500	3	3	2	8
OG0006501	2	4	2	8
OG0006502	5	2	1	8
OG0006503	3	3	2	8
OG0006504	3	3	2	8
OG0006505	3	3	2	8
OG0006506	3	3	2	8
OG0006507	2	4	2	8
OG0006508	3	3	2	8
OG0006509	3	3	2	8
OG0006510	3	3	2	8
OG0006511	3	3	2	8
OG0006512	3	2	3	8
OG0006513	3	5	0	8
OG0006514	3	3	2	8
OG0006515	3	3	2	8
OG0006516	3	3	2	8
OG0006517	3	3	2	8
OG0006518	2	4	2	8
OG0006519	2	4	2	8
OG0006520	2	4	2	8
OG0006521	3	3	2	8
OG0006522	4	2	2	8
OG0006523	2	3	3	8
OG0006524	3	3	2	8
OG0006525	2	4	2	8
OG0006526	4	2	2	8
OG0006527	3	3	2	8
OG0006528	4	2	2	8
OG0006529	2	4	2	8
OG0006530	3	3	2	8
OG0006531	2	4	2	8
OG0006532	2	4	2	8
OG0006533	3	3	2	8
OG0006534	3	3	2	8
OG0006535	3	3	2	8
OG0006536	2	4	2	8
OG0006537	2	3	3	8
OG0006538	4	2	2	8
OG0006539	3	3	2	8
OG0006540	3	3	2	8
OG0006541	2	4	2	8
OG0006542	2	4	2	8
OG0006543	5	1	2	8
OG0006544	4	2	2	8
OG0006545	3	3	2	8
OG0006546	3	3	2	8
OG0006547	2	4	2	8
OG0006548	1	5	2	8
OG0006549	2	4	2	8
OG0006550	4	2	2	8
OG0006551	3	3	2	8
OG0006552	3	3	2	8
OG0006553	2	3	3	8
OG0006554	3	3	2	8
OG0006555	4	2	2	8
OG0006556	2	4	2	8
OG0006557	2	4	2	8
OG0006558	3	3	2	8
OG0006559	2	4	2	8
OG0006560	3	3	2	8
OG0006561	2	4	2	8
OG0006562	2	4	2	8
OG0006563	5	1	2	8
OG0006564	4	2	2	8
OG0006565	3	3	2	8
OG0006566	4	2	2	8
OG0006567	2	4	2	8
OG0006568	4	2	2	8
OG0006569	3	3	2	8
OG0006570	4	2	2	8
OG0006571	4	2	2	8
OG0006572	2	4	2	8
OG0006573	3	3	2	8
OG0006574	2	4	2	8
OG0006575	3	3	2	8
OG0006576	4	2	2	8
OG0006577	2	4	2	8
OG0006578	2	4	2	8
OG0006579	4	2	2	8
OG0006580	1	5	2	8
OG0006581	4	2	2	8
OG0006582	4	2	2	8
OG0006583	3	5	0	8
OG0006584	3	3	2	8
OG0006585	2	3	3	8
OG0006586	2	3	3	8
OG0006587	3	3	2	8
OG0006588	2	4	2	8
OG0006589	3	3	2	8
OG0006590	2	4	2	8
OG0006591	3	3	2	8
OG0006592	3	3	2	8
OG0006593	3	3	2	8
OG0006594	1	5	2	8
OG0006595	3	3	2	8
OG0006596	2	4	2	8
OG0006597	3	3	2	8
OG0006598	3	4	1	8
OG0006599	4	4	0	8
OG0006600	2	3	3	8
OG0006601	3	4	1	8
OG0006602	5	2	1	8
OG0006603	2	4	2	8
OG0006604	2	4	2	8
OG0006605	2	3	3	8
OG0006606	2	4	2	8
OG0006607	4	2	2	8
OG0006608	2	4	2	8
OG0006609	1	5	2	8
OG0006610	3	3	2	8
OG0006611	2	3	3	8
OG0006612	3	3	2	8
OG0006613	3	3	2	8
OG0006614	2	4	2	8
OG0006615	4	2	2	8
OG0006616	4	2	2	8
OG0006617	3	3	2	8
OG0006618	3	3	2	8
OG0006619	3	5	0	8
OG0006620	4	2	2	8
OG0006621	3	3	2	8
OG0006622	3	3	2	8
OG0006623	3	3	2	8
OG0006624	3	3	2	8
OG0006625	2	4	2	8
OG0006626	4	2	2	8
OG0006627	6	1	1	8
OG0006628	3	3	2	8
OG0006629	3	3	2	8
OG0006630	3	3	2	8
OG0006631	3	3	2	8
OG0006632	1	5	2	8
OG0006633	3	3	2	8
OG0006634	3	3	2	8
OG0006635	4	2	2	8
OG0006636	4	2	2	8
OG0006637	3	3	2	8
OG0006638	4	2	2	8
OG0006639	3	3	2	8
OG0006640	3	3	2	8
OG0006641	4	2	2	8
OG0006642	4	2	2	8
OG0006643	5	3	0	8
OG0006644	2	4	2	8
OG0006645	4	2	2	8
OG0006646	5	3	0	8
OG0006647	2	4	2	8
OG0006648	3	3	2	8
OG0006649	3	3	2	8
OG0006650	3	3	2	8
OG0006651	2	4	2	8
OG0006652	3	3	2	8
OG0006653	3	3	2	8
OG0006654	3	3	2	8
OG0006655	2	4	2	8
OG0006656	3	3	2	8
OG0006657	4	2	2	8
OG0006658	4	2	2	8
OG0006659	1	5	2	8
OG0006660	3	3	2	8
OG0006661	3	3	2	8
OG0006662	3	3	2	8
OG0006663	4	2	2	8
OG0006664	3	3	2	8
OG0006665	4	2	2	8
OG0006666	2	4	2	8
OG0006667	2	4	2	8
OG0006668	2	3	3	8
OG0006669	3	4	1	8
OG0006670	2	4	2	8
OG0006671	3	4	1	8
OG0006672	3	3	2	8
OG0006673	3	3	2	8
OG0006674	3	3	2	8
OG0006675	4	2	2	8
OG0006676	3	3	2	8
OG0006677	4	2	2	8
OG0006678	2	4	2	8
OG0006679	3	3	2	8
OG0006680	2	4	2	8
OG0006681	3	3	2	8
OG0006682	4	3	1	8
OG0006683	3	3	2	8
OG0006684	3	3	2	8
OG0006685	3	3	2	8
OG0006686	3	3	2	8
OG0006687	2	4	2	8
OG0006688	5	2	1	8
OG0006689	3	3	2	8
OG0006690	4	2	2	8
OG0006691	2	4	2	8
OG0006692	3	3	2	8
OG0006693	3	3	2	8
OG0006694	3	3	2	8
OG0006695	3	3	2	8
OG0006696	2	4	2	8
OG0006697	3	3	2	8
OG0006698	2	3	3	8
OG0006699	2	4	2	8
OG0006700	3	3	2	8
OG0006701	5	1	2	8
OG0006702	3	4	1	8
OG0006703	3	3	2	8
OG0006704	4	2	2	8
OG0006705	3	3	2	8
OG0006706	2	4	2	8
OG0006707	2	4	2	8
OG0006708	2	4	2	8
OG0006709	4	2	2	8
OG0006710	4	2	2	8
OG0006711	2	4	2	8
OG0006712	3	3	2	8
OG0006713	3	3	2	8
OG0006714	3	3	2	8
OG0006715	4	2	2	8
OG0006716	3	3	2	8
OG0006717	3	3	2	8
OG0006718	3	3	2	8
OG0006719	4	2	2	8
OG0006720	4	2	2	8
OG0006721	4	2	2	8
OG0006722	3	3	2	8
OG0006723	5	2	1	8
OG0006724	3	4	1	8
OG0006725	1	5	2	8
OG0006726	2	4	2	8
OG0006727	3	3	2	8
OG0006728	7	0	1	8
OG0006729	4	2	2	8
OG0006730	3	3	2	8
OG0006731	3	3	2	8
OG0006732	3	3	2	8
OG0006733	3	3	2	8
OG0006734	3	3	2	8
OG0006735	3	3	2	8
OG0006736	3	3	2	8
OG0006737	5	2	1	8
OG0006738	2	4	2	8
OG0006739	2	4	2	8
OG0006740	3	3	2	8
OG0006741	1	5	2	8
OG0006742	3	3	2	8
OG0006743	5	2	1	8
OG0006744	3	3	2	8
OG0006745	3	3	2	8
OG0006746	2	4	2	8
OG0006747	2	4	2	8
OG0006748	3	3	2	8
OG0006749	3	2	3	8
OG0006750	4	2	2	8
OG0006751	5	1	2	8
OG0006752	4	3	1	8
OG0006753	3	3	2	8
OG0006754	3	3	2	8
OG0006755	3	3	2	8
OG0006756	1	5	2	8
OG0006757	4	3	1	8
OG0006758	3	3	2	8
OG0006759	3	2	3	8
OG0006760	3	2	3	8
OG0006761	2	4	2	8
OG0006762	2	4	2	8
OG0006763	4	2	2	8
OG0006764	3	3	2	8
OG0006765	3	2	3	8
OG0006766	3	3	2	8
OG0006767	3	3	2	8
OG0006768	4	4	0	8
OG0006769	3	3	2	8
OG0006770	3	2	3	8
OG0006771	3	3	2	8
OG0006772	4	2	2	8
OG0006773	2	4	2	8
OG0006774	3	3	2	8
OG0006775	3	3	2	8
OG0006776	3	3	2	8
OG0006777	2	3	3	8
OG0006778	2	4	2	8
OG0006779	2	4	2	8
OG0006780	1	5	2	8
OG0006781	3	3	2	8
OG0006782	3	3	2	8
OG0006783	2	3	3	8
OG0006784	2	4	2	8
OG0006785	2	4	2	8
OG0006786	7	0	1	8
OG0006787	5	2	1	8
OG0006788	2	4	2	8
OG0006789	2	4	2	8
OG0006790	2	4	2	8
OG0006791	2	3	3	8
OG0006792	3	3	2	8
OG0006793	2	4	2	8
OG0006794	1	3	4	8
OG0006795	5	2	1	8
OG0006796	4	2	2	8
OG0006797	1	5	2	8
OG0006798	2	4	2	8
OG0006799	4	2	2	8
OG0006800	3	4	1	8
OG0006801	1	3	4	8
OG0006802	5	2	1	8
OG0006803	2	4	2	8
OG0006804	4	2	2	8
OG0006805	6	1	1	8
OG0006806	4	3	1	8
OG0006807	1	5	2	8
OG0006808	2	4	2	8
OG0006809	5	2	1	8
OG0006810	1	5	2	8
OG0006811	2	3	3	8
OG0006812	2	4	2	8
OG0006813	1	5	2	8
OG0006814	2	4	2	8
OG0006815	2	3	3	8
OG0006816	4	2	2	8
OG0006817	3	3	2	8
OG0006818	3	3	2	8
OG0006819	3	3	2	8
OG0006820	3	3	2	8
OG0006821	3	3	2	8
OG0006822	6	2	0	8
OG0006823	2	4	2	8
OG0006824	1	0	7	8
OG0006825	4	3	1	8
OG0006826	3	3	2	8
OG0006827	4	2	2	8
OG0006828	3	4	1	8
OG0006829	3	3	2	8
OG0006830	1	1	6	8
OG0006831	1	5	2	8
OG0006832	2	4	2	8
OG0006833	1	4	3	8
OG0006834	1	5	2	8
OG0006835	2	3	3	8
OG0006836	2	4	2	8
OG0006837	1	4	3	8
OG0006838	6	1	1	8
OG0006839	6	1	1	8
OG0006840	2	4	2	8
OG0006841	1	4	3	8
OG0006842	6	1	1	8
OG0006843	6	1	1	8
OG0006844	4	3	1	8
OG0006845	1	0	7	8
OG0006846	2	4	2	8
OG0006847	1	5	2	8
OG0006848	2	4	2	8
OG0006849	2	4	2	8
OG0006850	4	3	1	8
OG0006851	4	3	1	8
OG0006852	2	4	2	8
OG0006853	4	3	1	8
OG0006854	3	3	2	8
OG0006855	2	4	2	8
OG0006856	3	3	2	8
OG0006857	2	4	2	8
OG0006858	3	3	2	8
OG0006859	4	3	1	8
OG0006860	2	6	0	8
OG0006861	2	4	2	8
OG0006862	3	3	2	8
OG0006863	3	3	2	8
OG0006864	3	4	1	8
OG0006865	1	5	2	8
OG0006866	2	4	2	8
OG0006867	2	4	2	8
OG0006868	3	3	2	8
OG0006869	5	3	0	8
OG0006870	2	4	2	8
OG0006871	3	3	2	8
OG0006872	1	5	2	8
OG0006873	1	5	2	8
OG0006874	1	4	3	8
OG0006875	1	5	2	8
OG0006876	2	4	2	8
OG0006877	4	2	2	8
OG0006878	2	4	2	8
OG0006879	2	4	2	8
OG0006880	1	4	3	8
OG0006881	3	3	2	8
OG0006882	3	4	1	8
OG0006883	1	5	2	8
OG0006884	5	1	2	8
OG0006885	3	3	2	8
OG0006886	2	3	3	8
OG0006887	3	3	2	8
OG0006888	2	3	3	8
OG0006889	3	3	2	8
OG0006890	1	5	2	8
OG0006891	2	4	2	8
OG0006892	4	3	1	8
OG0006893	2	4	2	8
OG0006894	2	4	2	8
OG0006895	7	0	1	8
OG0006896	1	2	5	8
OG0006897	2	4	2	8
OG0006898	2	4	2	8
OG0006899	3	3	2	8
OG0006900	2	4	2	8
OG0006901	1	5	2	8
OG0006902	3	3	2	8
OG0006903	2	4	2	8
OG0006904	1	0	7	8
OG0006905	2	4	2	8
OG0006906	2	4	2	8
OG0006907	1	6	1	8
OG0006908	1	5	2	8
OG0006909	2	4	2	8
OG0006910	2	4	2	8
OG0006911	2	2	4	8
OG0006912	4	3	1	8
OG0006913	3	3	2	8
OG0006914	3	3	2	8
OG0006915	2	4	2	8
OG0006916	2	4	2	8
OG0006917	4	2	2	8
OG0006918	3	3	2	8
OG0006919	2	4	2	8
OG0006920	4	3	1	8
OG0006921	2	4	2	8
OG0006922	2	4	2	8
OG0006923	2	4	2	8
OG0006924	2	3	3	8
OG0006925	7	0	1	8
OG0006926	4	3	1	8
OG0006927	2	4	2	8
OG0006928	4	4	0	8
OG0006929	4	3	1	8
OG0006930	4	3	1	8
OG0006931	2	4	2	8
OG0006932	2	4	2	8
OG0006933	4	2	2	8
OG0006934	3	4	1	8
OG0006935	2	4	2	8
OG0006936	3	3	2	8
OG0006937	1	5	2	8
OG0006938	2	4	2	8
OG0006939	2	4	2	8
OG0006940	6	1	1	8
OG0006941	3	4	1	8
OG0006942	2	0	6	8
OG0006943	4	1	3	8
OG0006944	2	4	2	8
OG0006945	2	4	2	8
OG0006946	5	1	2	8
OG0006947	2	4	2	8
OG0006948	3	3	2	8
OG0006949	3	3	2	8
OG0006950	2	4	2	8
OG0006951	3	3	2	8
OG0006952	2	3	3	8
OG0006953	1	5	2	8
OG0006954	3	5	0	8
OG0006955	4	2	2	8
OG0006956	2	4	2	8
OG0006957	3	3	2	8
OG0006958	3	3	2	8
OG0006959	3	3	2	8
OG0006960	0	4	4	8
OG0006961	0	6	2	8
OG0006962	0	3	5	8
OG0006963	0	7	1	8
OG0006964	0	4	4	8
OG0006965	0	6	2	8
OG0006966	0	6	2	8
OG0006967	4	1	2	7
OG0006968	3	2	2	7
OG0006969	2	3	2	7
OG0006970	2	2	3	7
OG0006971	2	3	2	7
OG0006972	2	3	2	7
OG0006973	1	4	2	7
OG0006974	2	3	2	7
OG0006975	3	2	2	7
OG0006976	2	3	2	7
OG0006977	2	3	2	7
OG0006978	2	3	2	7
OG0006979	2	3	2	7
OG0006980	2	3	2	7
OG0006981	3	2	2	7
OG0006982	2	3	2	7
OG0006983	2	3	2	7
OG0006984	3	2	2	7
OG0006985	2	3	2	7
OG0006986	3	2	2	7
OG0006987	3	2	2	7
OG0006988	2	3	2	7
OG0006989	3	2	2	7
OG0006990	2	3	2	7
OG0006991	1	4	2	7
OG0006992	2	3	2	7
OG0006993	3	2	2	7
OG0006994	2	3	2	7
OG0006995	3	2	2	7
OG0006996	3	2	2	7
OG0006997	2	3	2	7
OG0006998	2	3	2	7
OG0006999	7	0	0	7
OG0007000	3	2	2	7
OG0007001	2	3	2	7
OG0007002	2	3	2	7
OG0007003	2	3	2	7
OG0007004	2	3	2	7
OG0007005	3	2	2	7
OG0007006	3	2	2	7
OG0007007	2	3	2	7
OG0007008	3	2	2	7
OG0007009	2	3	2	7
OG0007010	2	3	2	7
OG0007011	2	3	2	7
OG0007012	3	2	2	7
OG0007013	3	2	2	7
OG0007014	2	3	2	7
OG0007015	2	3	2	7
OG0007016	2	3	2	7
OG0007017	2	3	2	7
OG0007018	2	3	2	7
OG0007019	2	3	2	7
OG0007020	2	3	2	7
OG0007021	2	3	2	7
OG0007022	3	2	2	7
OG0007023	2	3	2	7
OG0007024	3	2	2	7
OG0007025	3	2	2	7
OG0007026	3	2	2	7
OG0007027	3	2	2	7
OG0007028	2	3	2	7
OG0007029	3	2	2	7
OG0007030	3	3	1	7
OG0007031	2	3	2	7
OG0007032	3	2	2	7
OG0007033	3	2	2	7
OG0007034	3	2	2	7
OG0007035	3	2	2	7
OG0007036	4	1	2	7
OG0007037	3	2	2	7
OG0007038	2	3	2	7
OG0007039	1	6	0	7
OG0007040	2	3	2	7
OG0007041	2	3	2	7
OG0007042	2	3	2	7
OG0007043	2	3	2	7
OG0007044	2	3	2	7
OG0007045	2	3	2	7
OG0007046	4	1	2	7
OG0007047	2	3	2	7
OG0007048	2	3	2	7
OG0007049	3	2	2	7
OG0007050	2	3	2	7
OG0007051	3	2	2	7
OG0007052	2	3	2	7
OG0007053	3	2	2	7
OG0007054	3	2	2	7
OG0007055	3	2	2	7
OG0007056	3	2	2	7
OG0007057	3	3	1	7
OG0007058	3	3	1	7
OG0007059	3	3	1	7
OG0007060	2	3	2	7
OG0007061	2	3	2	7
OG0007062	3	2	2	7
OG0007063	4	2	1	7
OG0007064	2	3	2	7
OG0007065	2	3	2	7
OG0007066	3	1	3	7
OG0007067	3	2	2	7
OG0007068	2	2	3	7
OG0007069	3	2	2	7
OG0007070	3	2	2	7
OG0007071	3	2	2	7
OG0007072	2	3	2	7
OG0007073	2	3	2	7
OG0007074	2	3	2	7
OG0007075	3	3	1	7
OG0007076	2	3	2	7
OG0007077	3	2	2	7
OG0007078	2	3	2	7
OG0007079	3	2	2	7
OG0007080	2	3	2	7
OG0007081	2	2	3	7
OG0007082	2	2	3	7
OG0007083	2	3	2	7
OG0007084	2	3	2	7
OG0007085	3	2	2	7
OG0007086	2	3	2	7
OG0007087	2	3	2	7
OG0007088	2	3	2	7
OG0007089	3	2	2	7
OG0007090	2	3	2	7
OG0007091	2	3	2	7
OG0007092	2	3	2	7
OG0007093	2	3	2	7
OG0007094	3	3	1	7
OG0007095	2	3	2	7
OG0007096	2	3	2	7
OG0007097	1	4	2	7
OG0007098	2	3	2	7
OG0007099	3	2	2	7
OG0007100	3	2	2	7
OG0007101	2	3	2	7
OG0007102	3	2	2	7
OG0007103	3	2	2	7
OG0007104	2	0	5	7
OG0007105	2	3	2	7
OG0007106	2	4	1	7
OG0007107	3	2	2	7
OG0007108	2	3	2	7
OG0007109	1	4	2	7
OG0007110	1	3	3	7
OG0007111	2	3	2	7
OG0007112	3	2	2	7
OG0007113	1	3	3	7
OG0007114	2	3	2	7
OG0007115	3	2	2	7
OG0007116	2	3	2	7
OG0007117	4	1	2	7
OG0007118	3	2	2	7
OG0007119	3	2	2	7
OG0007120	2	3	2	7
OG0007121	2	3	2	7
OG0007122	2	3	2	7
OG0007123	3	3	1	7
OG0007124	1	4	2	7
OG0007125	2	3	2	7
OG0007126	3	2	2	7
OG0007127	2	3	2	7
OG0007128	2	3	2	7
OG0007129	2	3	2	7
OG0007130	2	3	2	7
OG0007131	3	2	2	7
OG0007132	3	2	2	7
OG0007133	1	4	2	7
OG0007134	2	3	2	7
OG0007135	3	2	2	7
OG0007136	2	3	2	7
OG0007137	2	3	2	7
OG0007138	2	3	2	7
OG0007139	1	3	3	7
OG0007140	3	2	2	7
OG0007141	2	3	2	7
OG0007142	2	3	2	7
OG0007143	2	3	2	7
OG0007144	5	2	0	7
OG0007145	2	3	2	7
OG0007146	2	3	2	7
OG0007147	3	2	2	7
OG0007148	3	2	2	7
OG0007149	5	1	1	7
OG0007150	3	3	1	7
OG0007151	4	0	3	7
OG0007152	2	3	2	7
OG0007153	2	3	2	7
OG0007154	3	2	2	7
OG0007155	3	2	2	7
OG0007156	3	2	2	7
OG0007157	2	3	2	7
OG0007158	2	3	2	7
OG0007159	2	3	2	7
OG0007160	3	2	2	7
OG0007161	3	2	2	7
OG0007162	2	3	2	7
OG0007163	2	3	2	7
OG0007164	2	3	2	7
OG0007165	3	2	2	7
OG0007166	3	2	2	7
OG0007167	2	3	2	7
OG0007168	3	2	2	7
OG0007169	3	2	2	7
OG0007170	2	3	2	7
OG0007171	2	3	2	7
OG0007172	2	0	5	7
OG0007173	3	2	2	7
OG0007174	2	3	2	7
OG0007175	2	3	2	7
OG0007176	3	2	2	7
OG0007177	3	2	2	7
OG0007178	3	2	2	7
OG0007179	2	3	2	7
OG0007180	4	1	2	7
OG0007181	2	3	2	7
OG0007182	1	4	2	7
OG0007183	2	3	2	7
OG0007184	2	3	2	7
OG0007185	3	2	2	7
OG0007186	2	3	2	7
OG0007187	2	3	2	7
OG0007188	2	3	2	7
OG0007189	3	2	2	7
OG0007190	2	3	2	7
OG0007191	2	3	2	7
OG0007192	2	3	2	7
OG0007193	2	3	2	7
OG0007194	3	2	2	7
OG0007195	2	3	2	7
OG0007196	2	3	2	7
OG0007197	2	3	2	7
OG0007198	2	3	2	7
OG0007199	2	3	2	7
OG0007200	2	3	2	7
OG0007201	3	2	2	7
OG0007202	3	2	2	7
OG0007203	2	3	2	7
OG0007204	3	2	2	7
OG0007205	2	3	2	7
OG0007206	2	3	2	7
OG0007207	3	2	2	7
OG0007208	2	3	2	7
OG0007209	2	3	2	7
OG0007210	3	2	2	7
OG0007211	3	2	2	7
OG0007212	2	2	3	7
OG0007213	4	1	2	7
OG0007214	2	3	2	7
OG0007215	2	3	2	7
OG0007216	3	2	2	7
OG0007217	2	3	2	7
OG0007218	2	3	2	7
OG0007219	2	3	2	7
OG0007220	5	2	0	7
OG0007221	2	3	2	7
OG0007222	4	1	2	7
OG0007223	2	3	2	7
OG0007224	2	3	2	7
OG0007225	3	2	2	7
OG0007226	2	3	2	7
OG0007227	3	2	2	7
OG0007228	3	2	2	7
OG0007229	3	2	2	7
OG0007230	3	2	2	7
OG0007231	2	3	2	7
OG0007232	3	2	2	7
OG0007233	3	2	2	7
OG0007234	3	2	2	7
OG0007235	3	2	2	7
OG0007236	3	1	3	7
OG0007237	2	3	2	7
OG0007238	3	2	2	7
OG0007239	2	3	2	7
OG0007240	2	3	2	7
OG0007241	4	2	1	7
OG0007242	2	3	2	7
OG0007243	3	2	2	7
OG0007244	4	3	0	7
OG0007245	2	3	2	7
OG0007246	3	2	2	7
OG0007247	2	3	2	7
OG0007248	2	3	2	7
OG0007249	2	3	2	7
OG0007250	3	2	2	7
OG0007251	1	4	2	7
OG0007252	2	3	2	7
OG0007253	2	3	2	7
OG0007254	2	3	2	7
OG0007255	2	3	2	7
OG0007256	3	2	2	7
OG0007257	2	3	2	7
OG0007258	3	2	2	7
OG0007259	2	3	2	7
OG0007260	3	2	2	7
OG0007261	3	2	2	7
OG0007262	3	2	2	7
OG0007263	3	2	2	7
OG0007264	3	2	2	7
OG0007265	2	3	2	7
OG0007266	2	3	2	7
OG0007267	3	2	2	7
OG0007268	2	3	2	7
OG0007269	2	3	2	7
OG0007270	1	4	2	7
OG0007271	3	2	2	7
OG0007272	1	4	2	7
OG0007273	2	2	3	7
OG0007274	3	2	2	7
OG0007275	2	3	2	7
OG0007276	2	3	2	7
OG0007277	3	2	2	7
OG0007278	3	2	2	7
OG0007279	2	3	2	7
OG0007280	2	3	2	7
OG0007281	3	2	2	7
OG0007282	2	3	2	7
OG0007283	3	2	2	7
OG0007284	3	3	1	7
OG0007285	3	2	2	7
OG0007286	3	2	2	7
OG0007287	2	3	2	7
OG0007288	3	2	2	7
OG0007289	3	2	2	7
OG0007290	1	4	2	7
OG0007291	2	3	2	7
OG0007292	3	2	2	7
OG0007293	2	3	2	7
OG0007294	2	3	2	7
OG0007295	2	3	2	7
OG0007296	2	3	2	7
OG0007297	2	3	2	7
OG0007298	3	2	2	7
OG0007299	2	3	2	7
OG0007300	3	2	2	7
OG0007301	2	3	2	7
OG0007302	3	2	2	7
OG0007303	2	3	2	7
OG0007304	3	3	1	7
OG0007305	3	2	2	7
OG0007306	2	3	2	7
OG0007307	2	3	2	7
OG0007308	2	3	2	7
OG0007309	1	4	2	7
OG0007310	3	2	2	7
OG0007311	3	2	2	7
OG0007312	2	3	2	7
OG0007313	2	3	2	7
OG0007314	3	2	2	7
OG0007315	3	2	2	7
OG0007316	2	3	2	7
OG0007317	2	3	2	7
OG0007318	3	2	2	7
OG0007319	1	4	2	7
OG0007320	4	1	2	7
OG0007321	2	2	3	7
OG0007322	2	3	2	7
OG0007323	2	3	2	7
OG0007324	4	1	2	7
OG0007325	2	3	2	7
OG0007326	2	3	2	7
OG0007327	3	2	2	7
OG0007328	2	3	2	7
OG0007329	2	3	2	7
OG0007330	2	0	5	7
OG0007331	2	3	2	7
OG0007332	2	3	2	7
OG0007333	1	4	2	7
OG0007334	2	3	2	7
OG0007335	3	2	2	7
OG0007336	3	2	2	7
OG0007337	2	3	2	7
OG0007338	4	3	0	7
OG0007339	3	2	2	7
OG0007340	3	3	1	7
OG0007341	4	2	1	7
OG0007342	3	3	1	7
OG0007343	3	2	2	7
OG0007344	4	3	0	7
OG0007345	3	2	2	7
OG0007346	2	3	2	7
OG0007347	2	3	2	7
OG0007348	3	2	2	7
OG0007349	2	3	2	7
OG0007350	3	2	2	7
OG0007351	2	3	2	7
OG0007352	3	2	2	7
OG0007353	2	3	2	7
OG0007354	3	2	2	7
OG0007355	3	2	2	7
OG0007356	2	3	2	7
OG0007357	1	4	2	7
OG0007358	3	2	2	7
OG0007359	2	3	2	7
OG0007360	3	3	1	7
OG0007361	3	3	1	7
OG0007362	2	3	2	7
OG0007363	4	1	2	7
OG0007364	3	2	2	7
OG0007365	2	3	2	7
OG0007366	2	3	2	7
OG0007367	1	4	2	7
OG0007368	2	3	2	7
OG0007369	2	3	2	7
OG0007370	2	2	3	7
OG0007371	3	2	2	7
OG0007372	3	2	2	7
OG0007373	2	3	2	7
OG0007374	4	3	0	7
OG0007375	4	1	2	7
OG0007376	3	2	2	7
OG0007377	3	2	2	7
OG0007378	3	2	2	7
OG0007379	2	3	2	7
OG0007380	2	3	2	7
OG0007381	2	3	2	7
OG0007382	2	3	2	7
OG0007383	2	3	2	7
OG0007384	2	3	2	7
OG0007385	2	3	2	7
OG0007386	2	3	2	7
OG0007387	3	2	2	7
OG0007388	2	3	2	7
OG0007389	3	2	2	7
OG0007390	3	2	2	7
OG0007391	3	2	2	7
OG0007392	2	3	2	7
OG0007393	2	3	2	7
OG0007394	2	3	2	7
OG0007395	2	3	2	7
OG0007396	2	3	2	7
OG0007397	1	4	2	7
OG0007398	2	3	2	7
OG0007399	5	1	1	7
OG0007400	1	2	4	7
OG0007401	2	3	2	7
OG0007402	3	2	2	7
OG0007403	3	3	1	7
OG0007404	2	3	2	7
OG0007405	3	2	2	7
OG0007406	3	2	2	7
OG0007407	2	3	2	7
OG0007408	2	3	2	7
OG0007409	3	2	2	7
OG0007410	2	3	2	7
OG0007411	3	2	2	7
OG0007412	4	3	0	7
OG0007413	3	2	2	7
OG0007414	3	2	2	7
OG0007415	3	4	0	7
OG0007416	3	2	2	7
OG0007417	2	3	2	7
OG0007418	2	3	2	7
OG0007419	2	3	2	7
OG0007420	3	2	2	7
OG0007421	2	3	2	7
OG0007422	3	2	2	7
OG0007423	2	3	2	7
OG0007424	3	3	1	7
OG0007425	2	3	2	7
OG0007426	2	3	2	7
OG0007427	3	2	2	7
OG0007428	2	3	2	7
OG0007429	2	3	2	7
OG0007430	3	2	2	7
OG0007431	2	3	2	7
OG0007432	4	2	1	7
OG0007433	2	3	2	7
OG0007434	2	2	3	7
OG0007435	2	3	2	7
OG0007436	1	4	2	7
OG0007437	4	0	3	7
OG0007438	3	2	2	7
OG0007439	2	3	2	7
OG0007440	3	2	2	7
OG0007441	3	2	2	7
OG0007442	2	3	2	7
OG0007443	2	3	2	7
OG0007444	3	2	2	7
OG0007445	3	0	4	7
OG0007446	1	4	2	7
OG0007447	2	3	2	7
OG0007448	2	3	2	7
OG0007449	2	3	2	7
OG0007450	3	2	2	7
OG0007451	3	2	2	7
OG0007452	2	3	2	7
OG0007453	1	4	2	7
OG0007454	2	3	2	7
OG0007455	2	3	2	7
OG0007456	2	3	2	7
OG0007457	3	2	2	7
OG0007458	2	3	2	7
OG0007459	2	3	2	7
OG0007460	3	2	2	7
OG0007461	2	3	2	7
OG0007462	2	3	2	7
OG0007463	3	2	2	7
OG0007464	4	2	1	7
OG0007465	2	3	2	7
OG0007466	2	3	2	7
OG0007467	2	3	2	7
OG0007468	2	3	2	7
OG0007469	3	2	2	7
OG0007470	3	3	1	7
OG0007471	3	2	2	7
OG0007472	3	3	1	7
OG0007473	2	3	2	7
OG0007474	1	3	3	7
OG0007475	2	1	4	7
OG0007476	2	3	2	7
OG0007477	2	3	2	7
OG0007478	3	2	2	7
OG0007479	2	3	2	7
OG0007480	2	3	2	7
OG0007481	2	3	2	7
OG0007482	3	2	2	7
OG0007483	2	3	2	7
OG0007484	3	2	2	7
OG0007485	1	4	2	7
OG0007486	2	3	2	7
OG0007487	2	3	2	7
OG0007488	3	2	2	7
OG0007489	3	2	2	7
OG0007490	2	3	2	7
OG0007491	2	3	2	7
OG0007492	2	3	2	7
OG0007493	3	2	2	7
OG0007494	3	2	2	7
OG0007495	2	3	2	7
OG0007496	2	3	2	7
OG0007497	2	3	2	7
OG0007498	2	3	2	7
OG0007499	2	3	2	7
OG0007500	3	2	2	7
OG0007501	3	2	2	7
OG0007502	3	2	2	7
OG0007503	1	4	2	7
OG0007504	3	2	2	7
OG0007505	2	3	2	7
OG0007506	2	3	2	7
OG0007507	1	4	2	7
OG0007508	2	3	2	7
OG0007509	3	2	2	7
OG0007510	1	4	2	7
OG0007511	1	2	4	7
OG0007512	3	2	2	7
OG0007513	3	2	2	7
OG0007514	2	3	2	7
OG0007515	3	2	2	7
OG0007516	2	3	2	7
OG0007517	1	4	2	7
OG0007518	3	2	2	7
OG0007519	2	3	2	7
OG0007520	2	2	3	7
OG0007521	3	2	2	7
OG0007522	2	3	2	7
OG0007523	3	2	2	7
OG0007524	2	3	2	7
OG0007525	3	3	1	7
OG0007526	5	2	0	7
OG0007527	3	2	2	7
OG0007528	3	2	2	7
OG0007529	2	5	0	7
OG0007530	2	3	2	7
OG0007531	2	3	2	7
OG0007532	3	2	2	7
OG0007533	2	3	2	7
OG0007534	4	2	1	7
OG0007535	3	2	2	7
OG0007536	2	3	2	7
OG0007537	2	3	2	7
OG0007538	2	3	2	7
OG0007539	2	3	2	7
OG0007540	3	2	2	7
OG0007541	3	2	2	7
OG0007542	3	3	1	7
OG0007543	3	2	2	7
OG0007544	2	3	2	7
OG0007545	1	6	0	7
OG0007546	2	3	2	7
OG0007547	1	4	2	7
OG0007548	2	3	2	7
OG0007549	3	2	2	7
OG0007550	2	3	2	7
OG0007551	3	2	2	7
OG0007552	2	3	2	7
OG0007553	2	3	2	7
OG0007554	3	2	2	7
OG0007555	2	3	2	7
OG0007556	3	2	2	7
OG0007557	3	2	2	7
OG0007558	2	3	2	7
OG0007559	2	3	2	7
OG0007560	3	2	2	7
OG0007561	2	3	2	7
OG0007562	3	4	0	7
OG0007563	4	3	0	7
OG0007564	4	1	2	7
OG0007565	3	3	1	7
OG0007566	3	3	1	7
OG0007567	3	2	2	7
OG0007568	2	3	2	7
OG0007569	2	3	2	7
OG0007570	3	2	2	7
OG0007571	2	3	2	7
OG0007572	3	2	2	7
OG0007573	2	3	2	7
OG0007574	3	3	1	7
OG0007575	2	3	2	7
OG0007576	2	3	2	7
OG0007577	4	1	2	7
OG0007578	2	3	2	7
OG0007579	2	3	2	7
OG0007580	2	3	2	7
OG0007581	2	3	2	7
OG0007582	3	2	2	7
OG0007583	2	3	2	7
OG0007584	3	2	2	7
OG0007585	2	3	2	7
OG0007586	3	2	2	7
OG0007587	2	3	2	7
OG0007588	2	3	2	7
OG0007589	3	3	1	7
OG0007590	3	2	2	7
OG0007591	2	3	2	7
OG0007592	2	3	2	7
OG0007593	3	2	2	7
OG0007594	3	2	2	7
OG0007595	3	2	2	7
OG0007596	3	2	2	7
OG0007597	3	2	2	7
OG0007598	3	2	2	7
OG0007599	2	3	2	7
OG0007600	2	3	2	7
OG0007601	1	4	2	7
OG0007602	2	0	5	7
OG0007603	2	3	2	7
OG0007604	3	2	2	7
OG0007605	4	3	0	7
OG0007606	3	2	2	7
OG0007607	2	3	2	7
OG0007608	2	3	2	7
OG0007609	2	3	2	7
OG0007610	4	2	1	7
OG0007611	2	3	2	7
OG0007612	2	3	2	7
OG0007613	2	3	2	7
OG0007614	3	2	2	7
OG0007615	2	1	4	7
OG0007616	2	2	3	7
OG0007617	2	0	5	7
OG0007618	2	3	2	7
OG0007619	2	3	2	7
OG0007620	3	2	2	7
OG0007621	3	2	2	7
OG0007622	3	2	2	7
OG0007623	3	3	1	7
OG0007624	2	3	2	7
OG0007625	2	3	2	7
OG0007626	3	2	2	7
OG0007627	1	4	2	7
OG0007628	2	4	1	7
OG0007629	3	2	2	7
OG0007630	2	3	2	7
OG0007631	3	2	2	7
OG0007632	2	3	2	7
OG0007633	2	3	2	7
OG0007634	2	3	2	7
OG0007635	3	3	1	7
OG0007636	2	3	2	7
OG0007637	5	1	1	7
OG0007638	2	3	2	7
OG0007639	2	3	2	7
OG0007640	2	4	1	7
OG0007641	2	3	2	7
OG0007642	3	2	2	7
OG0007643	2	3	2	7
OG0007644	2	1	4	7
OG0007645	2	3	2	7
OG0007646	3	2	2	7
OG0007647	2	3	2	7
OG0007648	2	3	2	7
OG0007649	2	3	2	7
OG0007650	1	4	2	7
OG0007651	2	5	0	7
OG0007652	2	3	2	7
OG0007653	2	0	5	7
OG0007654	3	2	2	7
OG0007655	3	2	2	7
OG0007656	2	3	2	7
OG0007657	3	2	2	7
OG0007658	3	2	2	7
OG0007659	2	3	2	7
OG0007660	2	3	2	7
OG0007661	3	2	2	7
OG0007662	3	2	2	7
OG0007663	2	3	2	7
OG0007664	2	3	2	7
OG0007665	6	1	0	7
OG0007666	3	2	2	7
OG0007667	2	3	2	7
OG0007668	2	1	4	7
OG0007669	3	4	0	7
OG0007670	3	2	2	7
OG0007671	3	4	0	7
OG0007672	3	2	2	7
OG0007673	3	1	3	7
OG0007674	2	3	2	7
OG0007675	2	3	2	7
OG0007676	4	3	0	7
OG0007677	3	2	2	7
OG0007678	2	3	2	7
OG0007679	2	3	2	7
OG0007680	3	2	2	7
OG0007681	3	2	2	7
OG0007682	1	0	6	7
OG0007683	2	2	3	7
OG0007684	2	3	2	7
OG0007685	2	3	2	7
OG0007686	2	3	2	7
OG0007687	3	2	2	7
OG0007688	5	0	2	7
OG0007689	2	3	2	7
OG0007690	2	3	2	7
OG0007691	4	1	2	7
OG0007692	2	3	2	7
OG0007693	2	3	2	7
OG0007694	1	4	2	7
OG0007695	3	2	2	7
OG0007696	3	2	2	7
OG0007697	3	2	2	7
OG0007698	2	3	2	7
OG0007699	2	3	2	7
OG0007700	2	3	2	7
OG0007701	3	2	2	7
OG0007702	3	2	2	7
OG0007703	3	2	2	7
OG0007704	3	2	2	7
OG0007705	3	2	2	7
OG0007706	2	3	2	7
OG0007707	3	2	2	7
OG0007708	2	3	2	7
OG0007709	2	3	2	7
OG0007710	2	3	2	7
OG0007711	3	2	2	7
OG0007712	2	3	2	7
OG0007713	3	2	2	7
OG0007714	3	2	2	7
OG0007715	2	3	2	7
OG0007716	3	2	2	7
OG0007717	2	3	2	7
OG0007718	3	2	2	7
OG0007719	2	3	2	7
OG0007720	3	2	2	7
OG0007721	3	2	2	7
OG0007722	1	4	2	7
OG0007723	1	4	2	7
OG0007724	3	2	2	7
OG0007725	4	2	1	7
OG0007726	3	3	1	7
OG0007727	3	2	2	7
OG0007728	3	4	0	7
OG0007729	1	4	2	7
OG0007730	1	4	2	7
OG0007731	2	3	2	7
OG0007732	1	4	2	7
OG0007733	3	2	2	7
OG0007734	2	3	2	7
OG0007735	1	4	2	7
OG0007736	3	2	2	7
OG0007737	1	2	4	7
OG0007738	2	3	2	7
OG0007739	6	0	1	7
OG0007740	3	3	1	7
OG0007741	2	3	2	7
OG0007742	2	3	2	7
OG0007743	4	1	2	7
OG0007744	1	4	2	7
OG0007745	2	3	2	7
OG0007746	2	3	2	7
OG0007747	6	1	0	7
OG0007748	3	2	2	7
OG0007749	5	1	1	7
OG0007750	4	2	1	7
OG0007751	2	3	2	7
OG0007752	1	4	2	7
OG0007753	1	4	2	7
OG0007754	1	4	2	7
OG0007755	1	4	2	7
OG0007756	5	1	1	7
OG0007757	2	5	0	7
OG0007758	1	3	3	7
OG0007759	1	3	3	7
OG0007760	2	3	2	7
OG0007761	1	4	2	7
OG0007762	4	2	1	7
OG0007763	2	3	2	7
OG0007764	1	3	3	7
OG0007765	1	4	2	7
OG0007766	3	1	3	7
OG0007767	2	3	2	7
OG0007768	4	2	1	7
OG0007769	2	3	2	7
OG0007770	3	2	2	7
OG0007771	2	3	2	7
OG0007772	2	2	3	7
OG0007773	2	3	2	7
OG0007774	3	2	2	7
OG0007775	3	2	2	7
OG0007776	4	3	0	7
OG0007777	2	3	2	7
OG0007778	3	2	2	7
OG0007779	3	2	2	7
OG0007780	2	3	2	7
OG0007781	5	1	1	7
OG0007782	2	3	2	7
OG0007783	2	3	2	7
OG0007784	3	2	2	7
OG0007785	1	4	2	7
OG0007786	2	3	2	7
OG0007787	3	2	2	7
OG0007788	2	3	2	7
OG0007789	3	2	2	7
OG0007790	3	2	2	7
OG0007791	2	3	2	7
OG0007792	4	2	1	7
OG0007793	2	3	2	7
OG0007794	2	3	2	7
OG0007795	2	3	2	7
OG0007796	2	3	2	7
OG0007797	2	3	2	7
OG0007798	2	3	2	7
OG0007799	3	2	2	7
OG0007800	1	4	2	7
OG0007801	3	2	2	7
OG0007802	3	2	2	7
OG0007803	3	2	2	7
OG0007804	2	3	2	7
OG0007805	3	2	2	7
OG0007806	4	1	2	7
OG0007807	4	2	1	7
OG0007808	3	2	2	7
OG0007809	4	1	2	7
OG0007810	2	3	2	7
OG0007811	2	3	2	7
OG0007812	3	2	2	7
OG0007813	2	3	2	7
OG0007814	3	2	2	7
OG0007815	3	2	2	7
OG0007816	3	2	2	7
OG0007817	3	2	2	7
OG0007818	2	3	2	7
OG0007819	2	3	2	7
OG0007820	2	3	2	7
OG0007821	2	3	2	7
OG0007822	1	3	3	7
OG0007823	3	3	1	7
OG0007824	3	2	2	7
OG0007825	2	3	2	7
OG0007826	2	3	2	7
OG0007827	2	3	2	7
OG0007828	2	3	2	7
OG0007829	3	2	2	7
OG0007830	3	2	2	7
OG0007831	2	3	2	7
OG0007832	2	3	2	7
OG0007833	2	3	2	7
OG0007834	2	3	2	7
OG0007835	2	1	4	7
OG0007836	2	3	2	7
OG0007837	2	3	2	7
OG0007838	2	3	2	7
OG0007839	3	2	2	7
OG0007840	3	2	2	7
OG0007841	2	3	2	7
OG0007842	3	2	2	7
OG0007843	3	3	1	7
OG0007844	1	3	3	7
OG0007845	2	3	2	7
OG0007846	2	3	2	7
OG0007847	2	3	2	7
OG0007848	3	2	2	7
OG0007849	2	3	2	7
OG0007850	2	3	2	7
OG0007851	3	2	2	7
OG0007852	2	3	2	7
OG0007853	5	1	1	7
OG0007854	2	3	2	7
OG0007855	2	3	2	7
OG0007856	2	3	2	7
OG0007857	4	1	2	7
OG0007858	5	1	1	7
OG0007859	2	3	2	7
OG0007860	3	2	2	7
OG0007861	5	1	1	7
OG0007862	6	1	0	7
OG0007863	1	4	2	7
OG0007864	5	1	1	7
OG0007865	4	2	1	7
OG0007866	4	2	1	7
OG0007867	2	3	2	7
OG0007868	3	2	2	7
OG0007869	2	3	2	7
OG0007870	2	3	2	7
OG0007871	2	3	2	7
OG0007872	1	4	2	7
OG0007873	2	3	2	7
OG0007874	3	3	1	7
OG0007875	2	3	2	7
OG0007876	2	3	2	7
OG0007877	2	3	2	7
OG0007878	2	2	3	7
OG0007879	2	3	2	7
OG0007880	3	4	0	7
OG0007881	2	3	2	7
OG0007882	4	1	2	7
OG0007883	3	3	1	7
OG0007884	3	2	2	7
OG0007885	2	3	2	7
OG0007886	3	2	2	7
OG0007887	2	3	2	7
OG0007888	3	2	2	7
OG0007889	2	3	2	7
OG0007890	3	4	0	7
OG0007891	2	3	2	7
OG0007892	2	3	2	7
OG0007893	3	2	2	7
OG0007894	3	2	2	7
OG0007895	2	3	2	7
OG0007896	3	2	2	7
OG0007897	2	3	2	7
OG0007898	3	2	2	7
OG0007899	2	3	2	7
OG0007900	2	4	1	7
OG0007901	3	2	2	7
OG0007902	4	1	2	7
OG0007903	4	2	1	7
OG0007904	2	3	2	7
OG0007905	3	2	2	7
OG0007906	2	3	2	7
OG0007907	3	2	2	7
OG0007908	2	3	2	7
OG0007909	3	2	2	7
OG0007910	2	3	2	7
OG0007911	2	3	2	7
OG0007912	3	2	2	7
OG0007913	3	2	2	7
OG0007914	2	3	2	7
OG0007915	2	3	2	7
OG0007916	3	2	2	7
OG0007917	3	2	2	7
OG0007918	2	2	3	7
OG0007919	2	3	2	7
OG0007920	2	3	2	7
OG0007921	2	3	2	7
OG0007922	2	3	2	7
OG0007923	2	3	2	7
OG0007924	2	3	2	7
OG0007925	3	2	2	7
OG0007926	2	3	2	7
OG0007927	3	3	1	7
OG0007928	3	2	2	7
OG0007929	2	3	2	7
OG0007930	2	3	2	7
OG0007931	2	3	2	7
OG0007932	3	2	2	7
OG0007933	2	3	2	7
OG0007934	2	3	2	7
OG0007935	2	3	2	7
OG0007936	3	1	3	7
OG0007937	2	3	2	7
OG0007938	2	3	2	7
OG0007939	1	5	1	7
OG0007940	3	2	2	7
OG0007941	2	3	2	7
OG0007942	2	3	2	7
OG0007943	3	2	2	7
OG0007944	2	3	2	7
OG0007945	3	2	2	7
OG0007946	2	3	2	7
OG0007947	2	3	2	7
OG0007948	2	3	2	7
OG0007949	3	2	2	7
OG0007950	2	3	2	7
OG0007951	2	3	2	7
OG0007952	3	2	2	7
OG0007953	2	3	2	7
OG0007954	2	3	2	7
OG0007955	2	3	2	7
OG0007956	3	2	2	7
OG0007957	2	3	2	7
OG0007958	3	2	2	7
OG0007959	1	4	2	7
OG0007960	3	2	2	7
OG0007961	2	3	2	7
OG0007962	2	3	2	7
OG0007963	2	3	2	7
OG0007964	2	3	2	7
OG0007965	3	2	2	7
OG0007966	3	2	2	7
OG0007967	1	4	2	7
OG0007968	5	1	1	7
OG0007969	3	4	0	7
OG0007970	3	3	1	7
OG0007971	3	2	2	7
OG0007972	3	2	2	7
OG0007973	2	3	2	7
OG0007974	2	3	2	7
OG0007975	2	3	2	7
OG0007976	2	3	2	7
OG0007977	3	2	2	7
OG0007978	2	2	3	7
OG0007979	3	2	2	7
OG0007980	3	2	2	7
OG0007981	3	2	2	7
OG0007982	3	3	1	7
OG0007983	3	2	2	7
OG0007984	3	2	2	7
OG0007985	3	2	2	7
OG0007986	2	3	2	7
OG0007987	3	2	2	7
OG0007988	2	3	2	7
OG0007989	3	2	2	7
OG0007990	3	3	1	7
OG0007991	3	2	2	7
OG0007992	2	3	2	7
OG0007993	3	2	2	7
OG0007994	3	2	2	7
OG0007995	3	2	2	7
OG0007996	3	2	2	7
OG0007997	2	3	2	7
OG0007998	3	2	2	7
OG0007999	2	3	2	7
OG0008000	3	2	2	7
OG0008001	2	3	2	7
OG0008002	3	2	2	7
OG0008003	2	3	2	7
OG0008004	3	2	2	7
OG0008005	1	4	2	7
OG0008006	2	3	2	7
OG0008007	2	3	2	7
OG0008008	3	2	2	7
OG0008009	2	3	2	7
OG0008010	2	3	2	7
OG0008011	2	3	2	7
OG0008012	3	2	2	7
OG0008013	2	3	2	7
OG0008014	3	2	2	7
OG0008015	2	3	2	7
OG0008016	2	3	2	7
OG0008017	2	3	2	7
OG0008018	2	3	2	7
OG0008019	2	3	2	7
OG0008020	2	3	2	7
OG0008021	2	3	2	7
OG0008022	6	1	0	7
OG0008023	2	3	2	7
OG0008024	2	3	2	7
OG0008025	2	3	2	7
OG0008026	2	3	2	7
OG0008027	2	3	2	7
OG0008028	3	3	1	7
OG0008029	3	2	2	7
OG0008030	2	3	2	7
OG0008031	2	3	2	7
OG0008032	3	2	2	7
OG0008033	3	2	2	7
OG0008034	2	3	2	7
OG0008035	3	2	2	7
OG0008036	2	3	2	7
OG0008037	2	3	2	7
OG0008038	2	3	2	7
OG0008039	2	3	2	7
OG0008040	2	3	2	7
OG0008041	3	2	2	7
OG0008042	3	2	2	7
OG0008043	2	3	2	7
OG0008044	3	2	2	7
OG0008045	3	2	2	7
OG0008046	2	4	1	7
OG0008047	2	3	2	7
OG0008048	3	2	2	7
OG0008049	2	3	2	7
OG0008050	2	3	2	7
OG0008051	2	3	2	7
OG0008052	2	3	2	7
OG0008053	2	3	2	7
OG0008054	2	3	2	7
OG0008055	2	3	2	7
OG0008056	2	4	1	7
OG0008057	2	3	2	7
OG0008058	2	3	2	7
OG0008059	3	2	2	7
OG0008060	2	3	2	7
OG0008061	2	3	2	7
OG0008062	3	2	2	7
OG0008063	4	1	2	7
OG0008064	2	3	2	7
OG0008065	2	3	2	7
OG0008066	3	2	2	7
OG0008067	3	2	2	7
OG0008068	1	4	2	7
OG0008069	2	3	2	7
OG0008070	2	3	2	7
OG0008071	2	3	2	7
OG0008072	3	2	2	7
OG0008073	2	3	2	7
OG0008074	2	3	2	7
OG0008075	3	2	2	7
OG0008076	4	1	2	7
OG0008077	1	4	2	7
OG0008078	2	3	2	7
OG0008079	2	3	2	7
OG0008080	2	3	2	7
OG0008081	3	2	2	7
OG0008082	2	3	2	7
OG0008083	2	3	2	7
OG0008084	3	2	2	7
OG0008085	3	2	2	7
OG0008086	2	3	2	7
OG0008087	3	2	2	7
OG0008088	3	2	2	7
OG0008089	2	3	2	7
OG0008090	3	2	2	7
OG0008091	3	2	2	7
OG0008092	2	3	2	7
OG0008093	3	2	2	7
OG0008094	2	3	2	7
OG0008095	2	3	2	7
OG0008096	2	2	3	7
OG0008097	2	3	2	7
OG0008098	2	3	2	7
OG0008099	3	2	2	7
OG0008100	2	3	2	7
OG0008101	2	3	2	7
OG0008102	3	2	2	7
OG0008103	1	2	4	7
OG0008104	3	2	2	7
OG0008105	2	3	2	7
OG0008106	2	3	2	7
OG0008107	3	2	2	7
OG0008108	2	3	2	7
OG0008109	2	3	2	7
OG0008110	2	3	2	7
OG0008111	3	2	2	7
OG0008112	3	4	0	7
OG0008113	3	2	2	7
OG0008114	2	3	2	7
OG0008115	2	3	2	7
OG0008116	2	3	2	7
OG0008117	2	3	2	7
OG0008118	3	2	2	7
OG0008119	2	3	2	7
OG0008120	2	3	2	7
OG0008121	2	3	2	7
OG0008122	2	3	2	7
OG0008123	3	2	2	7
OG0008124	2	3	2	7
OG0008125	2	3	2	7
OG0008126	2	3	2	7
OG0008127	2	3	2	7
OG0008128	2	3	2	7
OG0008129	3	2	2	7
OG0008130	2	3	2	7
OG0008131	2	3	2	7
OG0008132	2	4	1	7
OG0008133	2	3	2	7
OG0008134	3	3	1	7
OG0008135	2	3	2	7
OG0008136	2	3	2	7
OG0008137	2	3	2	7
OG0008138	2	3	2	7
OG0008139	4	3	0	7
OG0008140	2	3	2	7
OG0008141	3	2	2	7
OG0008142	3	2	2	7
OG0008143	3	2	2	7
OG0008144	3	2	2	7
OG0008145	2	3	2	7
OG0008146	3	2	2	7
OG0008147	2	3	2	7
OG0008148	2	3	2	7
OG0008149	2	3	2	7
OG0008150	3	2	2	7
OG0008151	2	3	2	7
OG0008152	2	3	2	7
OG0008153	2	3	2	7
OG0008154	2	3	2	7
OG0008155	2	3	2	7
OG0008156	2	3	2	7
OG0008157	2	3	2	7
OG0008158	2	3	2	7
OG0008159	2	3	2	7
OG0008160	3	2	2	7
OG0008161	2	3	2	7
OG0008162	2	3	2	7
OG0008163	2	3	2	7
OG0008164	2	3	2	7
OG0008165	3	2	2	7
OG0008166	5	1	1	7
OG0008167	2	3	2	7
OG0008168	3	2	2	7
OG0008169	2	3	2	7
OG0008170	3	2	2	7
OG0008171	2	3	2	7
OG0008172	2	3	2	7
OG0008173	2	3	2	7
OG0008174	3	2	2	7
OG0008175	4	2	1	7
OG0008176	1	3	3	7
OG0008177	3	2	2	7
OG0008178	2	3	2	7
OG0008179	2	3	2	7
OG0008180	2	3	2	7
OG0008181	2	3	2	7
OG0008182	2	3	2	7
OG0008183	3	2	2	7
OG0008184	3	2	2	7
OG0008185	3	3	1	7
OG0008186	3	2	2	7
OG0008187	3	2	2	7
OG0008188	3	2	2	7
OG0008189	2	3	2	7
OG0008190	2	3	2	7
OG0008191	2	3	2	7
OG0008192	2	3	2	7
OG0008193	3	2	2	7
OG0008194	2	2	3	7
OG0008195	2	3	2	7
OG0008196	3	4	0	7
OG0008197	2	3	2	7
OG0008198	3	2	2	7
OG0008199	2	3	2	7
OG0008200	4	2	1	7
OG0008201	2	2	3	7
OG0008202	2	3	2	7
OG0008203	3	2	2	7
OG0008204	2	2	3	7
OG0008205	2	2	3	7
OG0008206	2	2	3	7
OG0008207	3	2	2	7
OG0008208	3	2	2	7
OG0008209	3	2	2	7
OG0008210	3	2	2	7
OG0008211	2	3	2	7
OG0008212	2	3	2	7
OG0008213	1	4	2	7
OG0008214	3	2	2	7
OG0008215	2	3	2	7
OG0008216	3	3	1	7
OG0008217	2	3	2	7
OG0008218	2	3	2	7
OG0008219	3	2	2	7
OG0008220	3	2	2	7
OG0008221	3	2	2	7
OG0008222	3	2	2	7
OG0008223	2	3	2	7
OG0008224	3	2	2	7
OG0008225	2	3	2	7
OG0008226	2	3	2	7
OG0008227	2	1	4	7
OG0008228	2	3	2	7
OG0008229	3	2	2	7
OG0008230	2	3	2	7
OG0008231	2	3	2	7
OG0008232	2	3	2	7
OG0008233	3	2	2	7
OG0008234	3	2	2	7
OG0008235	2	3	2	7
OG0008236	3	3	1	7
OG0008237	3	2	2	7
OG0008238	3	2	2	7
OG0008239	3	2	2	7
OG0008240	3	2	2	7
OG0008241	2	3	2	7
OG0008242	2	3	2	7
OG0008243	2	3	2	7
OG0008244	2	3	2	7
OG0008245	2	5	0	7
OG0008246	3	2	2	7
OG0008247	5	1	1	7
OG0008248	1	2	4	7
OG0008249	2	3	2	7
OG0008250	3	3	1	7
OG0008251	3	2	2	7
OG0008252	2	3	2	7
OG0008253	2	3	2	7
OG0008254	3	2	2	7
OG0008255	3	2	2	7
OG0008256	2	3	2	7
OG0008257	3	2	2	7
OG0008258	3	2	2	7
OG0008259	3	2	2	7
OG0008260	3	2	2	7
OG0008261	2	3	2	7
OG0008262	4	1	2	7
OG0008263	2	3	2	7
OG0008264	3	2	2	7
OG0008265	2	3	2	7
OG0008266	1	3	3	7
OG0008267	2	3	2	7
OG0008268	2	3	2	7
OG0008269	3	2	2	7
OG0008270	2	3	2	7
OG0008271	2	3	2	7
OG0008272	2	3	2	7
OG0008273	2	3	2	7
OG0008274	3	2	2	7
OG0008275	2	3	2	7
OG0008276	3	2	2	7
OG0008277	3	2	2	7
OG0008278	2	3	2	7
OG0008279	2	3	2	7
OG0008280	3	2	2	7
OG0008281	3	2	2	7
OG0008282	3	2	2	7
OG0008283	2	3	2	7
OG0008284	2	3	2	7
OG0008285	3	2	2	7
OG0008286	3	2	2	7
OG0008287	4	1	2	7
OG0008288	3	2	2	7
OG0008289	3	2	2	7
OG0008290	4	2	1	7
OG0008291	3	2	2	7
OG0008292	2	3	2	7
OG0008293	3	2	2	7
OG0008294	2	3	2	7
OG0008295	2	3	2	7
OG0008296	2	3	2	7
OG0008297	3	2	2	7
OG0008298	2	3	2	7
OG0008299	2	3	2	7
OG0008300	2	3	2	7
OG0008301	2	3	2	7
OG0008302	2	3	2	7
OG0008303	1	6	0	7
OG0008304	3	2	2	7
OG0008305	2	3	2	7
OG0008306	3	2	2	7
OG0008307	2	3	2	7
OG0008308	3	2	2	7
OG0008309	2	3	2	7
OG0008310	4	2	1	7
OG0008311	2	3	2	7
OG0008312	2	3	2	7
OG0008313	2	3	2	7
OG0008314	2	3	2	7
OG0008315	1	4	2	7
OG0008316	2	3	2	7
OG0008317	3	2	2	7
OG0008318	2	3	2	7
OG0008319	2	3	2	7
OG0008320	2	3	2	7
OG0008321	3	2	2	7
OG0008322	5	2	0	7
OG0008323	2	3	2	7
OG0008324	2	3	2	7
OG0008325	3	2	2	7
OG0008326	1	4	2	7
OG0008327	5	1	1	7
OG0008328	3	2	2	7
OG0008329	2	3	2	7
OG0008330	3	2	2	7
OG0008331	2	3	2	7
OG0008332	3	2	2	7
OG0008333	3	2	2	7
OG0008334	2	3	2	7
OG0008335	3	2	2	7
OG0008336	2	3	2	7
OG0008337	2	3	2	7
OG0008338	2	3	2	7
OG0008339	3	2	2	7
OG0008340	3	2	2	7
OG0008341	2	3	2	7
OG0008342	3	2	2	7
OG0008343	2	3	2	7
OG0008344	2	3	2	7
OG0008345	1	4	2	7
OG0008346	4	2	1	7
OG0008347	2	3	2	7
OG0008348	3	2	2	7
OG0008349	3	2	2	7
OG0008350	3	2	2	7
OG0008351	2	3	2	7
OG0008352	3	2	2	7
OG0008353	2	3	2	7
OG0008354	2	3	2	7
OG0008355	2	3	2	7
OG0008356	3	2	2	7
OG0008357	4	1	2	7
OG0008358	2	3	2	7
OG0008359	2	3	2	7
OG0008360	3	2	2	7
OG0008361	2	3	2	7
OG0008362	3	2	2	7
OG0008363	2	3	2	7
OG0008364	3	2	2	7
OG0008365	2	3	2	7
OG0008366	2	3	2	7
OG0008367	2	3	2	7
OG0008368	3	2	2	7
OG0008369	3	2	2	7
OG0008370	3	2	2	7
OG0008371	3	2	2	7
OG0008372	2	3	2	7
OG0008373	3	2	2	7
OG0008374	2	3	2	7
OG0008375	3	2	2	7
OG0008376	3	2	2	7
OG0008377	4	2	1	7
OG0008378	2	3	2	7
OG0008379	2	3	2	7
OG0008380	3	2	2	7
OG0008381	3	2	2	7
OG0008382	3	2	2	7
OG0008383	2	3	2	7
OG0008384	2	3	2	7
OG0008385	2	3	2	7
OG0008386	2	3	2	7
OG0008387	2	3	2	7
OG0008388	3	2	2	7
OG0008389	2	3	2	7
OG0008390	3	2	2	7
OG0008391	3	2	2	7
OG0008392	2	3	2	7
OG0008393	2	3	2	7
OG0008394	2	3	2	7
OG0008395	3	2	2	7
OG0008396	2	2	3	7
OG0008397	2	2	3	7
OG0008398	3	2	2	7
OG0008399	3	2	2	7
OG0008400	2	3	2	7
OG0008401	2	3	2	7
OG0008402	2	3	2	7
OG0008403	3	2	2	7
OG0008404	2	3	2	7
OG0008405	2	3	2	7
OG0008406	3	2	2	7
OG0008407	2	3	2	7
OG0008408	3	2	2	7
OG0008409	3	2	2	7
OG0008410	2	3	2	7
OG0008411	2	3	2	7
OG0008412	2	3	2	7
OG0008413	2	3	2	7
OG0008414	2	3	2	7
OG0008415	2	3	2	7
OG0008416	2	3	2	7
OG0008417	5	2	0	7
OG0008418	2	3	2	7
OG0008419	2	0	5	7
OG0008420	3	2	2	7
OG0008421	3	2	2	7
OG0008422	3	2	2	7
OG0008423	2	3	2	7
OG0008424	3	2	2	7
OG0008425	2	3	2	7
OG0008426	2	3	2	7
OG0008427	3	2	2	7
OG0008428	2	3	2	7
OG0008429	3	2	2	7
OG0008430	2	3	2	7
OG0008431	2	3	2	7
OG0008432	2	3	2	7
OG0008433	3	2	2	7
OG0008434	3	2	2	7
OG0008435	2	3	2	7
OG0008436	1	4	2	7
OG0008437	3	3	1	7
OG0008438	4	3	0	7
OG0008439	3	2	2	7
OG0008440	3	2	2	7
OG0008441	3	2	2	7
OG0008442	3	2	2	7
OG0008443	3	2	2	7
OG0008444	3	2	2	7
OG0008445	2	3	2	7
OG0008446	2	3	2	7
OG0008447	3	2	2	7
OG0008448	2	3	2	7
OG0008449	3	2	2	7
OG0008450	3	2	2	7
OG0008451	2	3	2	7
OG0008452	2	3	2	7
OG0008453	1	4	2	7
OG0008454	1	4	2	7
OG0008455	2	3	2	7
OG0008456	2	3	2	7
OG0008457	3	2	2	7
OG0008458	3	2	2	7
OG0008459	2	3	2	7
OG0008460	3	2	2	7
OG0008461	4	1	2	7
OG0008462	3	2	2	7
OG0008463	2	3	2	7
OG0008464	3	2	2	7
OG0008465	3	2	2	7
OG0008466	2	3	2	7
OG0008467	3	2	2	7
OG0008468	2	3	2	7
OG0008469	2	3	2	7
OG0008470	3	2	2	7
OG0008471	3	2	2	7
OG0008472	2	3	2	7
OG0008473	2	3	2	7
OG0008474	2	3	2	7
OG0008475	2	3	2	7
OG0008476	2	3	2	7
OG0008477	3	2	2	7
OG0008478	2	3	2	7
OG0008479	4	2	1	7
OG0008480	4	1	2	7
OG0008481	2	3	2	7
OG0008482	2	3	2	7
OG0008483	3	2	2	7
OG0008484	3	2	2	7
OG0008485	3	2	2	7
OG0008486	2	3	2	7
OG0008487	3	2	2	7
OG0008488	4	3	0	7
OG0008489	2	3	2	7
OG0008490	3	2	2	7
OG0008491	2	3	2	7
OG0008492	3	2	2	7
OG0008493	3	2	2	7
OG0008494	3	2	2	7
OG0008495	3	2	2	7
OG0008496	3	2	2	7
OG0008497	3	2	2	7
OG0008498	2	3	2	7
OG0008499	3	2	2	7
OG0008500	2	3	2	7
OG0008501	3	2	2	7
OG0008502	2	3	2	7
OG0008503	1	4	2	7
OG0008504	3	2	2	7
OG0008505	3	2	2	7
OG0008506	1	4	2	7
OG0008507	2	3	2	7
OG0008508	2	3	2	7
OG0008509	3	2	2	7
OG0008510	2	3	2	7
OG0008511	2	3	2	7
OG0008512	2	4	1	7
OG0008513	3	2	2	7
OG0008514	2	3	2	7
OG0008515	3	2	2	7
OG0008516	2	3	2	7
OG0008517	3	2	2	7
OG0008518	3	2	2	7
OG0008519	3	3	1	7
OG0008520	3	2	2	7
OG0008521	4	2	1	7
OG0008522	2	3	2	7
OG0008523	2	3	2	7
OG0008524	5	2	0	7
OG0008525	1	4	2	7
OG0008526	4	3	0	7
OG0008527	4	2	1	7
OG0008528	5	1	1	7
OG0008529	3	0	4	7
OG0008530	4	3	0	7
OG0008531	3	2	2	7
OG0008532	2	3	2	7
OG0008533	4	2	1	7
OG0008534	1	0	6	7
OG0008535	2	3	2	7
OG0008536	4	2	1	7
OG0008537	1	5	1	7
OG0008538	2	3	2	7
OG0008539	1	4	2	7
OG0008540	3	2	2	7
OG0008541	3	2	2	7
OG0008542	3	2	2	7
OG0008543	2	3	2	7
OG0008544	3	3	1	7
OG0008545	3	2	2	7
OG0008546	2	3	2	7
OG0008547	2	3	2	7
OG0008548	2	3	2	7
OG0008549	2	3	2	7
OG0008550	2	3	2	7
OG0008551	2	3	2	7
OG0008552	2	3	2	7
OG0008553	2	3	2	7
OG0008554	2	3	2	7
OG0008555	2	2	3	7
OG0008556	3	2	2	7
OG0008557	2	3	2	7
OG0008558	2	3	2	7
OG0008559	2	3	2	7
OG0008560	1	4	2	7
OG0008561	2	3	2	7
OG0008562	2	3	2	7
OG0008563	2	3	2	7
OG0008564	3	2	2	7
OG0008565	2	3	2	7
OG0008566	3	2	2	7
OG0008567	2	3	2	7
OG0008568	2	3	2	7
OG0008569	3	2	2	7
OG0008570	2	3	2	7
OG0008571	3	2	2	7
OG0008572	3	2	2	7
OG0008573	3	2	2	7
OG0008574	2	3	2	7
OG0008575	4	1	2	7
OG0008576	2	3	2	7
OG0008577	3	2	2	7
OG0008578	2	3	2	7
OG0008579	4	1	2	7
OG0008580	3	3	1	7
OG0008581	3	2	2	7
OG0008582	3	3	1	7
OG0008583	2	3	2	7
OG0008584	2	3	2	7
OG0008585	2	3	2	7
OG0008586	3	2	2	7
OG0008587	2	3	2	7
OG0008588	3	2	2	7
OG0008589	3	2	2	7
OG0008590	3	2	2	7
OG0008591	2	3	2	7
OG0008592	3	2	2	7
OG0008593	3	2	2	7
OG0008594	3	2	2	7
OG0008595	2	3	2	7
OG0008596	3	2	2	7
OG0008597	3	2	2	7
OG0008598	2	3	2	7
OG0008599	2	3	2	7
OG0008600	3	2	2	7
OG0008601	3	2	2	7
OG0008602	3	2	2	7
OG0008603	3	2	2	7
OG0008604	3	2	2	7
OG0008605	2	3	2	7
OG0008606	3	2	2	7
OG0008607	4	1	2	7
OG0008608	2	3	2	7
OG0008609	3	2	2	7
OG0008610	2	3	2	7
OG0008611	2	3	2	7
OG0008612	2	3	2	7
OG0008613	2	3	2	7
OG0008614	2	3	2	7
OG0008615	2	3	2	7
OG0008616	3	2	2	7
OG0008617	2	3	2	7
OG0008618	2	3	2	7
OG0008619	3	3	1	7
OG0008620	2	3	2	7
OG0008621	3	2	2	7
OG0008622	2	3	2	7
OG0008623	2	3	2	7
OG0008624	3	2	2	7
OG0008625	2	3	2	7
OG0008626	2	3	2	7
OG0008627	2	3	2	7
OG0008628	3	2	2	7
OG0008629	2	3	2	7
OG0008630	2	3	2	7
OG0008631	3	2	2	7
OG0008632	2	3	2	7
OG0008633	2	3	2	7
OG0008634	2	3	2	7
OG0008635	1	4	2	7
OG0008636	3	2	2	7
OG0008637	2	3	2	7
OG0008638	3	2	2	7
OG0008639	3	4	0	7
OG0008640	2	3	2	7
OG0008641	2	3	2	7
OG0008642	2	3	2	7
OG0008643	3	2	2	7
OG0008644	2	3	2	7
OG0008645	1	4	2	7
OG0008646	4	1	2	7
OG0008647	6	1	0	7
OG0008648	1	3	3	7
OG0008649	2	3	2	7
OG0008650	3	2	2	7
OG0008651	2	3	2	7
OG0008652	2	3	2	7
OG0008653	2	3	2	7
OG0008654	2	3	2	7
OG0008655	2	3	2	7
OG0008656	2	3	2	7
OG0008657	2	3	2	7
OG0008658	2	3	2	7
OG0008659	2	3	2	7
OG0008660	3	2	2	7
OG0008661	3	2	2	7
OG0008662	3	2	2	7
OG0008663	2	3	2	7
OG0008664	2	3	2	7
OG0008665	2	3	2	7
OG0008666	2	3	2	7
OG0008667	2	3	2	7
OG0008668	3	4	0	7
OG0008669	2	3	2	7
OG0008670	3	2	2	7
OG0008671	2	3	2	7
OG0008672	3	2	2	7
OG0008673	1	4	2	7
OG0008674	2	3	2	7
OG0008675	1	4	2	7
OG0008676	2	3	2	7
OG0008677	3	2	2	7
OG0008678	2	3	2	7
OG0008679	2	3	2	7
OG0008680	3	3	1	7
OG0008681	2	3	2	7
OG0008682	2	3	2	7
OG0008683	3	2	2	7
OG0008684	2	3	2	7
OG0008685	3	2	2	7
OG0008686	4	3	0	7
OG0008687	2	3	2	7
OG0008688	3	2	2	7
OG0008689	2	3	2	7
OG0008690	2	3	2	7
OG0008691	2	3	2	7
OG0008692	3	2	2	7
OG0008693	2	3	2	7
OG0008694	1	4	2	7
OG0008695	1	5	1	7
OG0008696	2	3	2	7
OG0008697	3	2	2	7
OG0008698	2	3	2	7
OG0008699	3	3	1	7
OG0008700	2	3	2	7
OG0008701	3	2	2	7
OG0008702	2	3	2	7
OG0008703	1	4	2	7
OG0008704	3	3	1	7
OG0008705	3	2	2	7
OG0008706	2	3	2	7
OG0008707	2	3	2	7
OG0008708	2	3	2	7
OG0008709	2	3	2	7
OG0008710	2	3	2	7
OG0008711	2	3	2	7
OG0008712	3	2	2	7
OG0008713	2	3	2	7
OG0008714	3	2	2	7
OG0008715	2	3	2	7
OG0008716	2	3	2	7
OG0008717	2	3	2	7
OG0008718	2	3	2	7
OG0008719	3	2	2	7
OG0008720	3	2	2	7
OG0008721	2	3	2	7
OG0008722	3	2	2	7
OG0008723	3	2	2	7
OG0008724	3	2	2	7
OG0008725	2	3	2	7
OG0008726	2	3	2	7
OG0008727	2	5	0	7
OG0008728	3	3	1	7
OG0008729	3	2	2	7
OG0008730	2	3	2	7
OG0008731	3	2	2	7
OG0008732	2	3	2	7
OG0008733	3	2	2	7
OG0008734	2	3	2	7
OG0008735	3	2	2	7
OG0008736	3	2	2	7
OG0008737	4	1	2	7
OG0008738	1	3	3	7
OG0008739	2	3	2	7
OG0008740	2	3	2	7
OG0008741	4	3	0	7
OG0008742	2	3	2	7
OG0008743	3	2	2	7
OG0008744	3	2	2	7
OG0008745	2	3	2	7
OG0008746	2	3	2	7
OG0008747	3	2	2	7
OG0008748	1	4	2	7
OG0008749	3	2	2	7
OG0008750	2	3	2	7
OG0008751	3	2	2	7
OG0008752	2	3	2	7
OG0008753	3	3	1	7
OG0008754	4	1	2	7
OG0008755	3	2	2	7
OG0008756	2	3	2	7
OG0008757	3	2	2	7
OG0008758	3	2	2	7
OG0008759	3	2	2	7
OG0008760	2	3	2	7
OG0008761	2	3	2	7
OG0008762	3	2	2	7
OG0008763	2	3	2	7
OG0008764	2	3	2	7
OG0008765	2	3	2	7
OG0008766	2	3	2	7
OG0008767	3	2	2	7
OG0008768	2	3	2	7
OG0008769	3	2	2	7
OG0008770	4	1	2	7
OG0008771	2	3	2	7
OG0008772	2	3	2	7
OG0008773	3	2	2	7
OG0008774	2	3	2	7
OG0008775	2	3	2	7
OG0008776	3	2	2	7
OG0008777	3	2	2	7
OG0008778	3	2	2	7
OG0008779	2	3	2	7
OG0008780	2	3	2	7
OG0008781	3	2	2	7
OG0008782	2	3	2	7
OG0008783	2	3	2	7
OG0008784	3	2	2	7
OG0008785	3	2	2	7
OG0008786	3	2	2	7
OG0008787	2	3	2	7
OG0008788	2	4	1	7
OG0008789	2	3	2	7
OG0008790	3	2	2	7
OG0008791	2	2	3	7
OG0008792	1	4	2	7
OG0008793	3	3	1	7
OG0008794	3	2	2	7
OG0008795	2	3	2	7
OG0008796	3	2	2	7
OG0008797	2	3	2	7
OG0008798	2	3	2	7
OG0008799	3	2	2	7
OG0008800	2	3	2	7
OG0008801	3	3	1	7
OG0008802	1	3	3	7
OG0008803	2	3	2	7
OG0008804	3	2	2	7
OG0008805	2	3	2	7
OG0008806	3	2	2	7
OG0008807	3	2	2	7
OG0008808	2	3	2	7
OG0008809	2	3	2	7
OG0008810	2	3	2	7
OG0008811	3	2	2	7
OG0008812	3	2	2	7
OG0008813	3	2	2	7
OG0008814	2	3	2	7
OG0008815	2	3	2	7
OG0008816	3	2	2	7
OG0008817	3	2	2	7
OG0008818	2	3	2	7
OG0008819	3	3	1	7
OG0008820	2	3	2	7
OG0008821	2	3	2	7
OG0008822	3	3	1	7
OG0008823	2	3	2	7
OG0008824	3	2	2	7
OG0008825	1	4	2	7
OG0008826	2	3	2	7
OG0008827	2	3	2	7
OG0008828	2	3	2	7
OG0008829	1	2	4	7
OG0008830	3	2	2	7
OG0008831	2	3	2	7
OG0008832	2	3	2	7
OG0008833	2	3	2	7
OG0008834	4	1	2	7
OG0008835	3	2	2	7
OG0008836	2	4	1	7
OG0008837	2	3	2	7
OG0008838	4	1	2	7
OG0008839	2	3	2	7
OG0008840	2	3	2	7
OG0008841	3	2	2	7
OG0008842	2	3	2	7
OG0008843	3	2	2	7
OG0008844	3	2	2	7
OG0008845	3	2	2	7
OG0008846	3	2	2	7
OG0008847	1	3	3	7
OG0008848	2	3	2	7
OG0008849	2	3	2	7
OG0008850	2	3	2	7
OG0008851	2	3	2	7
OG0008852	2	3	2	7
OG0008853	2	3	2	7
OG0008854	3	2	2	7
OG0008855	3	2	2	7
OG0008856	5	1	1	7
OG0008857	2	3	2	7
OG0008858	3	2	2	7
OG0008859	2	3	2	7
OG0008860	2	3	2	7
OG0008861	1	5	1	7
OG0008862	6	1	0	7
OG0008863	3	2	2	7
OG0008864	3	2	2	7
OG0008865	3	2	2	7
OG0008866	2	3	2	7
OG0008867	2	3	2	7
OG0008868	2	3	2	7
OG0008869	3	2	2	7
OG0008870	3	2	2	7
OG0008871	2	3	2	7
OG0008872	3	3	1	7
OG0008873	2	3	2	7
OG0008874	3	2	2	7
OG0008875	4	2	1	7
OG0008876	3	2	2	7
OG0008877	3	2	2	7
OG0008878	2	3	2	7
OG0008879	2	3	2	7
OG0008880	3	2	2	7
OG0008881	2	3	2	7
OG0008882	3	2	2	7
OG0008883	2	3	2	7
OG0008884	2	3	2	7
OG0008885	2	1	4	7
OG0008886	2	3	2	7
OG0008887	2	3	2	7
OG0008888	2	3	2	7
OG0008889	2	3	2	7
OG0008890	2	3	2	7
OG0008891	1	4	2	7
OG0008892	2	3	2	7
OG0008893	2	3	2	7
OG0008894	4	1	2	7
OG0008895	3	2	2	7
OG0008896	3	2	2	7
OG0008897	2	3	2	7
OG0008898	3	2	2	7
OG0008899	2	3	2	7
OG0008900	3	2	2	7
OG0008901	2	3	2	7
OG0008902	2	3	2	7
OG0008903	3	2	2	7
OG0008904	2	3	2	7
OG0008905	3	2	2	7
OG0008906	2	3	2	7
OG0008907	3	2	2	7
OG0008908	3	2	2	7
OG0008909	2	3	2	7
OG0008910	2	3	2	7
OG0008911	2	3	2	7
OG0008912	3	2	2	7
OG0008913	3	2	2	7
OG0008914	2	4	1	7
OG0008915	3	2	2	7
OG0008916	3	2	2	7
OG0008917	6	1	0	7
OG0008918	1	3	3	7
OG0008919	2	3	2	7
OG0008920	6	0	1	7
OG0008921	4	2	1	7
OG0008922	1	3	3	7
OG0008923	2	3	2	7
OG0008924	2	3	2	7
OG0008925	3	2	2	7
OG0008926	2	3	2	7
OG0008927	4	2	1	7
OG0008928	2	5	0	7
OG0008929	3	2	2	7
OG0008930	4	1	2	7
OG0008931	5	1	1	7
OG0008932	3	3	1	7
OG0008933	2	3	2	7
OG0008934	2	3	2	7
OG0008935	2	3	2	7
OG0008936	3	3	1	7
OG0008937	2	3	2	7
OG0008938	4	1	2	7
OG0008939	3	2	2	7
OG0008940	3	2	2	7
OG0008941	3	2	2	7
OG0008942	2	3	2	7
OG0008943	2	3	2	7
OG0008944	2	3	2	7
OG0008945	2	3	2	7
OG0008946	2	3	2	7
OG0008947	2	3	2	7
OG0008948	2	3	2	7
OG0008949	2	3	2	7
OG0008950	3	2	2	7
OG0008951	3	2	2	7
OG0008952	4	1	2	7
OG0008953	3	3	1	7
OG0008954	3	2	2	7
OG0008955	3	3	1	7
OG0008956	2	3	2	7
OG0008957	2	3	2	7
OG0008958	4	1	2	7
OG0008959	3	2	2	7
OG0008960	2	3	2	7
OG0008961	3	2	2	7
OG0008962	2	3	2	7
OG0008963	2	3	2	7
OG0008964	3	2	2	7
OG0008965	3	2	2	7
OG0008966	4	1	2	7
OG0008967	2	3	2	7
OG0008968	2	3	2	7
OG0008969	1	4	2	7
OG0008970	3	2	2	7
OG0008971	1	4	2	7
OG0008972	1	4	2	7
OG0008973	3	4	0	7
OG0008974	3	2	2	7
OG0008975	2	3	2	7
OG0008976	1	5	1	7
OG0008977	3	3	1	7
OG0008978	3	0	4	7
OG0008979	2	3	2	7
OG0008980	2	3	2	7
OG0008981	2	3	2	7
OG0008982	2	3	2	7
OG0008983	2	3	2	7
OG0008984	2	3	2	7
OG0008985	2	3	2	7
OG0008986	1	5	1	7
OG0008987	1	5	1	7
OG0008988	3	2	2	7
OG0008989	1	4	2	7
OG0008990	2	3	2	7
OG0008991	1	4	2	7
OG0008992	3	3	1	7
OG0008993	3	2	2	7
OG0008994	3	2	2	7
OG0008995	1	3	3	7
OG0008996	2	3	2	7
OG0008997	3	3	1	7
OG0008998	3	2	2	7
OG0008999	1	4	2	7
OG0009000	3	2	2	7
OG0009001	3	2	2	7
OG0009002	6	0	1	7
OG0009003	1	3	3	7
OG0009004	2	3	2	7
OG0009005	2	3	2	7
OG0009006	2	3	2	7
OG0009007	1	3	3	7
OG0009008	3	2	2	7
OG0009009	1	4	2	7
OG0009010	1	2	4	7
OG0009011	2	3	2	7
OG0009012	1	4	2	7
OG0009013	1	4	2	7
OG0009014	1	4	2	7
OG0009015	4	2	1	7
OG0009016	1	4	2	7
OG0009017	4	2	1	7
OG0009018	2	3	2	7
OG0009019	2	3	2	7
OG0009020	1	4	2	7
OG0009021	1	4	2	7
OG0009022	6	0	1	7
OG0009023	1	4	2	7
OG0009024	6	0	1	7
OG0009025	1	2	4	7
OG0009026	2	1	4	7
OG0009027	1	4	2	7
OG0009028	2	3	2	7
OG0009029	2	3	2	7
OG0009030	2	3	2	7
OG0009031	5	1	1	7
OG0009032	2	3	2	7
OG0009033	2	3	2	7
OG0009034	2	3	2	7
OG0009035	1	4	2	7
OG0009036	5	1	1	7
OG0009037	2	3	2	7
OG0009038	1	3	3	7
OG0009039	1	3	3	7
OG0009040	2	3	2	7
OG0009041	1	4	2	7
OG0009042	4	3	0	7
OG0009043	4	2	1	7
OG0009044	1	4	2	7
OG0009045	2	3	2	7
OG0009046	2	3	2	7
OG0009047	5	2	0	7
OG0009048	2	3	2	7
OG0009049	3	2	2	7
OG0009050	1	3	3	7
OG0009051	3	3	1	7
OG0009052	1	4	2	7
OG0009053	2	3	2	7
OG0009054	3	2	2	7
OG0009055	2	3	2	7
OG0009056	2	3	2	7
OG0009057	4	3	0	7
OG0009058	1	4	2	7
OG0009059	2	3	2	7
OG0009060	4	2	1	7
OG0009061	3	2	2	7
OG0009062	3	2	2	7
OG0009063	3	2	2	7
OG0009064	2	4	1	7
OG0009065	2	3	2	7
OG0009066	1	4	2	7
OG0009067	5	1	1	7
OG0009068	1	4	2	7
OG0009069	1	4	2	7
OG0009070	1	1	5	7
OG0009071	3	3	1	7
OG0009072	4	2	1	7
OG0009073	1	4	2	7
OG0009074	1	6	0	7
OG0009075	2	3	2	7
OG0009076	3	2	2	7
OG0009077	3	3	1	7
OG0009078	4	2	1	7
OG0009079	2	3	2	7
OG0009080	3	3	1	7
OG0009081	6	1	0	7
OG0009082	1	4	2	7
OG0009083	1	4	2	7
OG0009084	2	3	2	7
OG0009085	2	3	2	7
OG0009086	2	3	2	7
OG0009087	2	3	2	7
OG0009088	4	2	1	7
OG0009089	1	4	2	7
OG0009090	2	3	2	7
OG0009091	4	1	2	7
OG0009092	2	3	2	7
OG0009093	3	2	2	7
OG0009094	1	4	2	7
OG0009095	1	4	2	7
OG0009096	5	2	0	7
OG0009097	2	3	2	7
OG0009098	2	3	2	7
OG0009099	2	3	2	7
OG0009100	2	3	2	7
OG0009101	2	1	4	7
OG0009102	1	4	2	7
OG0009103	4	2	1	7
OG0009104	1	4	2	7
OG0009105	2	3	2	7
OG0009106	5	1	1	7
OG0009107	2	3	2	7
OG0009108	1	4	2	7
OG0009109	2	3	2	7
OG0009110	1	3	3	7
OG0009111	1	4	2	7
OG0009112	1	4	2	7
OG0009113	3	3	1	7
OG0009114	2	3	2	7
OG0009115	2	3	2	7
OG0009116	5	2	0	7
OG0009117	2	3	2	7
OG0009118	2	3	2	7
OG0009119	2	3	2	7
OG0009120	1	4	2	7
OG0009121	1	3	3	7
OG0009122	3	2	2	7
OG0009123	3	3	1	7
OG0009124	1	4	2	7
OG0009125	4	2	1	7
OG0009126	1	4	2	7
OG0009127	2	3	2	7
OG0009128	5	1	1	7
OG0009129	2	3	2	7
OG0009130	6	0	1	7
OG0009131	1	2	4	7
OG0009132	1	4	2	7
OG0009133	4	2	1	7
OG0009134	1	3	3	7
OG0009135	2	2	3	7
OG0009136	2	3	2	7
OG0009137	2	3	2	7
OG0009138	3	1	3	7
OG0009139	2	3	2	7
OG0009140	1	4	2	7
OG0009141	2	3	2	7
OG0009142	3	3	1	7
OG0009143	2	4	1	7
OG0009144	2	3	2	7
OG0009145	1	4	2	7
OG0009146	4	1	2	7
OG0009147	1	4	2	7
OG0009148	5	1	1	7
OG0009149	2	3	2	7
OG0009150	2	3	2	7
OG0009151	2	3	2	7
OG0009152	1	4	2	7
OG0009153	2	3	2	7
OG0009154	1	5	1	7
OG0009155	2	3	2	7
OG0009156	2	3	2	7
OG0009157	1	4	2	7
OG0009158	2	3	2	7
OG0009159	2	3	2	7
OG0009160	2	3	2	7
OG0009161	3	3	1	7
OG0009162	2	3	2	7
OG0009163	1	4	2	7
OG0009164	2	3	2	7
OG0009165	2	3	2	7
OG0009166	5	2	0	7
OG0009167	2	3	2	7
OG0009168	1	4	2	7
OG0009169	2	4	1	7
OG0009170	3	3	1	7
OG0009171	2	3	2	7
OG0009172	4	2	1	7
OG0009173	1	4	2	7
OG0009174	2	2	3	7
OG0009175	2	3	2	7
OG0009176	2	2	3	7
OG0009177	4	2	1	7
OG0009178	2	2	3	7
OG0009179	2	4	1	7
OG0009180	2	4	1	7
OG0009181	2	3	2	7
OG0009182	1	0	6	7
OG0009183	1	0	6	7
OG0009184	5	1	1	7
OG0009185	2	3	2	7
OG0009186	1	0	6	7
OG0009187	1	1	5	7
OG0009188	2	3	2	7
OG0009189	2	3	2	7
OG0009190	3	3	1	7
OG0009191	2	3	2	7
OG0009192	2	3	2	7
OG0009193	4	2	1	7
OG0009194	2	3	2	7
OG0009195	3	3	1	7
OG0009196	2	3	2	7
OG0009197	2	3	2	7
OG0009198	2	3	2	7
OG0009199	4	1	2	7
OG0009200	2	3	2	7
OG0009201	2	3	2	7
OG0009202	2	3	2	7
OG0009203	1	4	2	7
OG0009204	1	1	5	7
OG0009205	3	2	2	7
OG0009206	1	5	1	7
OG0009207	2	3	2	7
OG0009208	2	3	2	7
OG0009209	5	2	0	7
OG0009210	3	2	2	7
OG0009211	3	4	0	7
OG0009212	2	3	2	7
OG0009213	1	4	2	7
OG0009214	2	3	2	7
OG0009215	1	3	3	7
OG0009216	1	4	2	7
OG0009217	6	0	1	7
OG0009218	2	3	2	7
OG0009219	2	3	2	7
OG0009220	2	3	2	7
OG0009221	3	2	2	7
OG0009222	3	2	2	7
OG0009223	5	1	1	7
OG0009224	2	3	2	7
OG0009225	2	3	2	7
OG0009226	1	4	2	7
OG0009227	3	2	2	7
OG0009228	2	3	2	7
OG0009229	1	4	2	7
OG0009230	3	2	2	7
OG0009231	2	3	2	7
OG0009232	4	2	1	7
OG0009233	1	4	2	7
OG0009234	6	0	1	7
OG0009235	2	3	2	7
OG0009236	2	3	2	7
OG0009237	1	4	2	7
OG0009238	1	4	2	7
OG0009239	1	4	2	7
OG0009240	2	3	2	7
OG0009241	2	3	2	7
OG0009242	2	4	1	7
OG0009243	2	3	2	7
OG0009244	1	4	2	7
OG0009245	2	3	2	7
OG0009246	1	4	2	7
OG0009247	6	1	0	7
OG0009248	2	3	2	7
OG0009249	2	3	2	7
OG0009250	1	4	2	7
OG0009251	1	4	2	7
OG0009252	1	4	2	7
OG0009253	2	5	0	7
OG0009254	4	2	1	7
OG0009255	2	3	2	7
OG0009256	2	3	2	7
OG0009257	2	3	2	7
OG0009258	2	3	2	7
OG0009259	1	4	2	7
OG0009260	2	3	2	7
OG0009261	1	5	1	7
OG0009262	2	3	2	7
OG0009263	2	3	2	7
OG0009264	3	2	2	7
OG0009265	2	3	2	7
OG0009266	1	4	2	7
OG0009267	5	1	1	7
OG0009268	2	1	4	7
OG0009269	1	4	2	7
OG0009270	2	3	2	7
OG0009271	1	2	4	7
OG0009272	2	3	2	7
OG0009273	0	5	2	7
OG0009274	0	2	5	7
OG0009275	0	6	1	7
OG0009276	0	5	2	7
OG0009277	0	2	5	7
OG0009278	0	1	6	7
OG0009279	0	2	5	7
OG0009280	0	6	1	7
OG0009281	0	1	6	7
OG0009282	0	3	4	7
OG0009283	0	6	1	7
OG0009284	0	0	7	7
OG0009285	3	0	3	6
OG0009286	2	2	2	6
OG0009287	2	2	2	6
OG0009288	2	2	2	6
OG0009289	2	2	2	6
OG0009290	2	2	2	6
OG0009291	2	2	2	6
OG0009292	2	2	2	6
OG0009293	2	2	2	6
OG0009294	2	2	2	6
OG0009295	3	2	1	6
OG0009296	2	2	2	6
OG0009297	2	2	2	6
OG0009298	2	2	2	6
OG0009299	2	2	2	6
OG0009300	1	3	2	6
OG0009301	2	2	2	6
OG0009302	2	2	2	6
OG0009303	2	2	2	6
OG0009304	2	2	2	6
OG0009305	2	2	2	6
OG0009306	2	2	2	6
OG0009307	2	2	2	6
OG0009308	2	2	2	6
OG0009309	2	2	2	6
OG0009310	2	2	2	6
OG0009311	2	2	2	6
OG0009312	2	2	2	6
OG0009313	2	2	2	6
OG0009314	2	2	2	6
OG0009315	2	2	2	6
OG0009316	2	2	2	6
OG0009317	2	2	2	6
OG0009318	2	2	2	6
OG0009319	2	2	2	6
OG0009320	2	2	2	6
OG0009321	2	2	2	6
OG0009322	2	2	2	6
OG0009323	2	2	2	6
OG0009324	2	2	2	6
OG0009325	2	2	2	6
OG0009326	2	2	2	6
OG0009327	2	2	2	6
OG0009328	2	2	2	6
OG0009329	2	2	2	6
OG0009330	2	2	2	6
OG0009331	2	2	2	6
OG0009332	2	2	2	6
OG0009333	2	2	2	6
OG0009334	2	2	2	6
OG0009335	2	2	2	6
OG0009336	2	2	2	6
OG0009337	2	2	2	6
OG0009338	2	2	2	6
OG0009339	1	3	2	6
OG0009340	2	2	2	6
OG0009341	2	2	2	6
OG0009342	2	2	2	6
OG0009343	2	2	2	6
OG0009344	2	2	2	6
OG0009345	2	2	2	6
OG0009346	2	2	2	6
OG0009347	2	2	2	6
OG0009348	2	2	2	6
OG0009349	2	2	2	6
OG0009350	2	2	2	6
OG0009351	2	2	2	6
OG0009352	2	2	2	6
OG0009353	2	2	2	6
OG0009354	2	2	2	6
OG0009355	2	2	2	6
OG0009356	2	2	2	6
OG0009357	3	3	0	6
OG0009358	2	2	2	6
OG0009359	2	2	2	6
OG0009360	2	2	2	6
OG0009361	2	2	2	6
OG0009362	1	3	2	6
OG0009363	2	2	2	6
OG0009364	2	2	2	6
OG0009365	2	2	2	6
OG0009366	1	3	2	6
OG0009367	2	2	2	6
OG0009368	2	2	2	6
OG0009369	2	2	2	6
OG0009370	2	2	2	6
OG0009371	2	2	2	6
OG0009372	2	2	2	6
OG0009373	3	1	2	6
OG0009374	2	1	3	6
OG0009375	2	2	2	6
OG0009376	2	2	2	6
OG0009377	2	2	2	6
OG0009378	1	3	2	6
OG0009379	2	2	2	6
OG0009380	1	3	2	6
OG0009381	2	2	2	6
OG0009382	2	2	2	6
OG0009383	2	2	2	6
OG0009384	2	2	2	6
OG0009385	2	2	2	6
OG0009386	2	2	2	6
OG0009387	3	2	1	6
OG0009388	2	2	2	6
OG0009389	3	2	1	6
OG0009390	1	3	2	6
OG0009391	2	2	2	6
OG0009392	2	2	2	6
OG0009393	2	2	2	6
OG0009394	2	2	2	6
OG0009395	2	2	2	6
OG0009396	2	2	2	6
OG0009397	2	2	2	6
OG0009398	2	2	2	6
OG0009399	2	2	2	6
OG0009400	2	2	2	6
OG0009401	2	2	2	6
OG0009402	2	2	2	6
OG0009403	2	2	2	6
OG0009404	2	2	2	6
OG0009405	2	2	2	6
OG0009406	2	2	2	6
OG0009407	2	2	2	6
OG0009408	2	2	2	6
OG0009409	2	2	2	6
OG0009410	2	2	2	6
OG0009411	2	2	2	6
OG0009412	2	2	2	6
OG0009413	1	3	2	6
OG0009414	2	2	2	6
OG0009415	2	2	2	6
OG0009416	2	2	2	6
OG0009417	2	2	2	6
OG0009418	2	2	2	6
OG0009419	2	2	2	6
OG0009420	2	2	2	6
OG0009421	2	2	2	6
OG0009422	2	2	2	6
OG0009423	2	2	2	6
OG0009424	2	2	2	6
OG0009425	2	2	2	6
OG0009426	2	2	2	6
OG0009427	2	2	2	6
OG0009428	2	2	2	6
OG0009429	2	2	2	6
OG0009430	2	2	2	6
OG0009431	2	2	2	6
OG0009432	2	2	2	6
OG0009433	2	2	2	6
OG0009434	2	2	2	6
OG0009435	2	2	2	6
OG0009436	2	2	2	6
OG0009437	2	2	2	6
OG0009438	2	2	2	6
OG0009439	2	2	2	6
OG0009440	2	2	2	6
OG0009441	2	2	2	6
OG0009442	2	2	2	6
OG0009443	2	2	2	6
OG0009444	2	2	2	6
OG0009445	2	2	2	6
OG0009446	2	2	2	6
OG0009447	2	2	2	6
OG0009448	2	2	2	6
OG0009449	2	2	2	6
OG0009450	2	2	2	6
OG0009451	2	2	2	6
OG0009452	2	2	2	6
OG0009453	2	2	2	6
OG0009454	2	2	2	6
OG0009455	2	2	2	6
OG0009456	2	2	2	6
OG0009457	2	2	2	6
OG0009458	2	2	2	6
OG0009459	2	2	2	6
OG0009460	2	2	2	6
OG0009461	2	2	2	6
OG0009462	2	2	2	6
OG0009463	2	2	2	6
OG0009464	2	2	2	6
OG0009465	2	2	2	6
OG0009466	2	2	2	6
OG0009467	2	2	2	6
OG0009468	2	2	2	6
OG0009469	2	2	2	6
OG0009470	2	2	2	6
OG0009471	2	2	2	6
OG0009472	2	2	2	6
OG0009473	2	2	2	6
OG0009474	2	2	2	6
OG0009475	2	2	2	6
OG0009476	3	2	1	6
OG0009477	2	2	2	6
OG0009478	3	1	2	6
OG0009479	2	2	2	6
OG0009480	2	2	2	6
OG0009481	2	2	2	6
OG0009482	2	2	2	6
OG0009483	2	2	2	6
OG0009484	2	2	2	6
OG0009485	3	2	1	6
OG0009486	2	2	2	6
OG0009487	2	2	2	6
OG0009488	2	2	2	6
OG0009489	1	3	2	6
OG0009490	2	2	2	6
OG0009491	2	2	2	6
OG0009492	2	2	2	6
OG0009493	2	2	2	6
OG0009494	2	2	2	6
OG0009495	2	2	2	6
OG0009496	2	2	2	6
OG0009497	1	3	2	6
OG0009498	2	3	1	6
OG0009499	2	2	2	6
OG0009500	2	2	2	6
OG0009501	2	2	2	6
OG0009502	2	2	2	6
OG0009503	2	2	2	6
OG0009504	2	2	2	6
OG0009505	2	2	2	6
OG0009506	2	2	2	6
OG0009507	2	2	2	6
OG0009508	2	2	2	6
OG0009509	2	2	2	6
OG0009510	2	2	2	6
OG0009511	2	2	2	6
OG0009512	2	2	2	6
OG0009513	2	2	2	6
OG0009514	2	2	2	6
OG0009515	2	2	2	6
OG0009516	3	1	2	6
OG0009517	2	2	2	6
OG0009518	2	2	2	6
OG0009519	1	3	2	6
OG0009520	4	1	1	6
OG0009521	1	0	5	6
OG0009522	2	2	2	6
OG0009523	2	2	2	6
OG0009524	2	2	2	6
OG0009525	2	2	2	6
OG0009526	2	2	2	6
OG0009527	2	2	2	6
OG0009528	2	2	2	6
OG0009529	2	2	2	6
OG0009530	2	2	2	6
OG0009531	2	2	2	6
OG0009532	2	2	2	6
OG0009533	2	2	2	6
OG0009534	2	2	2	6
OG0009535	2	2	2	6
OG0009536	2	2	2	6
OG0009537	2	2	2	6
OG0009538	2	2	2	6
OG0009539	2	2	2	6
OG0009540	2	2	2	6
OG0009541	2	2	2	6
OG0009542	2	2	2	6
OG0009543	1	3	2	6
OG0009544	2	2	2	6
OG0009545	3	1	2	6
OG0009546	2	2	2	6
OG0009547	2	2	2	6
OG0009548	2	2	2	6
OG0009549	2	2	2	6
OG0009550	2	2	2	6
OG0009551	2	2	2	6
OG0009552	2	2	2	6
OG0009553	2	2	2	6
OG0009554	2	2	2	6
OG0009555	2	2	2	6
OG0009556	6	0	0	6
OG0009557	2	2	2	6
OG0009558	2	2	2	6
OG0009559	2	2	2	6
OG0009560	2	2	2	6
OG0009561	2	2	2	6
OG0009562	2	2	2	6
OG0009563	2	2	2	6
OG0009564	2	2	2	6
OG0009565	2	2	2	6
OG0009566	1	3	2	6
OG0009567	2	2	2	6
OG0009568	2	2	2	6
OG0009569	2	2	2	6
OG0009570	2	2	2	6
OG0009571	1	3	2	6
OG0009572	2	2	2	6
OG0009573	2	2	2	6
OG0009574	2	2	2	6
OG0009575	2	2	2	6
OG0009576	2	2	2	6
OG0009577	2	2	2	6
OG0009578	2	2	2	6
OG0009579	2	2	2	6
OG0009580	2	2	2	6
OG0009581	2	2	2	6
OG0009582	2	2	2	6
OG0009583	2	2	2	6
OG0009584	2	2	2	6
OG0009585	2	2	2	6
OG0009586	2	2	2	6
OG0009587	2	2	2	6
OG0009588	2	2	2	6
OG0009589	2	2	2	6
OG0009590	2	2	2	6
OG0009591	2	2	2	6
OG0009592	2	2	2	6
OG0009593	2	2	2	6
OG0009594	2	2	2	6
OG0009595	2	2	2	6
OG0009596	2	2	2	6
OG0009597	2	2	2	6
OG0009598	2	2	2	6
OG0009599	2	2	2	6
OG0009600	2	2	2	6
OG0009601	2	2	2	6
OG0009602	2	2	2	6
OG0009603	2	2	2	6
OG0009604	4	1	1	6
OG0009605	2	2	2	6
OG0009606	2	2	2	6
OG0009607	2	2	2	6
OG0009608	1	4	1	6
OG0009609	2	2	2	6
OG0009610	2	2	2	6
OG0009611	2	2	2	6
OG0009612	2	2	2	6
OG0009613	2	2	2	6
OG0009614	2	2	2	6
OG0009615	2	2	2	6
OG0009616	2	3	1	6
OG0009617	2	3	1	6
OG0009618	3	2	1	6
OG0009619	2	2	2	6
OG0009620	2	2	2	6
OG0009621	2	2	2	6
OG0009622	2	2	2	6
OG0009623	2	2	2	6
OG0009624	2	2	2	6
OG0009625	2	2	2	6
OG0009626	2	2	2	6
OG0009627	2	2	2	6
OG0009628	2	2	2	6
OG0009629	2	2	2	6
OG0009630	2	2	2	6
OG0009631	2	2	2	6
OG0009632	2	2	2	6
OG0009633	2	2	2	6
OG0009634	2	2	2	6
OG0009635	2	2	2	6
OG0009636	2	0	4	6
OG0009637	2	2	2	6
OG0009638	2	2	2	6
OG0009639	2	2	2	6
OG0009640	3	1	2	6
OG0009641	2	2	2	6
OG0009642	1	3	2	6
OG0009643	2	2	2	6
OG0009644	2	2	2	6
OG0009645	2	2	2	6
OG0009646	2	2	2	6
OG0009647	2	2	2	6
OG0009648	2	2	2	6
OG0009649	2	2	2	6
OG0009650	2	2	2	6
OG0009651	2	2	2	6
OG0009652	2	2	2	6
OG0009653	2	2	2	6
OG0009654	2	2	2	6
OG0009655	2	2	2	6
OG0009656	2	2	2	6
OG0009657	2	2	2	6
OG0009658	3	3	0	6
OG0009659	2	2	2	6
OG0009660	2	2	2	6
OG0009661	2	2	2	6
OG0009662	2	2	2	6
OG0009663	2	2	2	6
OG0009664	2	2	2	6
OG0009665	2	2	2	6
OG0009666	2	3	1	6
OG0009667	2	2	2	6
OG0009668	2	2	2	6
OG0009669	2	2	2	6
OG0009670	2	2	2	6
OG0009671	2	2	2	6
OG0009672	2	2	2	6
OG0009673	2	2	2	6
OG0009674	2	2	2	6
OG0009675	2	2	2	6
OG0009676	2	2	2	6
OG0009677	2	2	2	6
OG0009678	2	2	2	6
OG0009679	2	2	2	6
OG0009680	2	2	2	6
OG0009681	2	2	2	6
OG0009682	2	2	2	6
OG0009683	2	2	2	6
OG0009684	2	2	2	6
OG0009685	2	2	2	6
OG0009686	2	2	2	6
OG0009687	2	2	2	6
OG0009688	2	2	2	6
OG0009689	2	2	2	6
OG0009690	2	2	2	6
OG0009691	2	2	2	6
OG0009692	2	2	2	6
OG0009693	2	2	2	6
OG0009694	2	2	2	6
OG0009695	2	2	2	6
OG0009696	2	2	2	6
OG0009697	2	2	2	6
OG0009698	2	2	2	6
OG0009699	2	2	2	6
OG0009700	2	2	2	6
OG0009701	2	2	2	6
OG0009702	2	2	2	6
OG0009703	2	2	2	6
OG0009704	2	2	2	6
OG0009705	2	2	2	6
OG0009706	2	2	2	6
OG0009707	2	2	2	6
OG0009708	2	4	0	6
OG0009709	2	2	2	6
OG0009710	2	2	2	6
OG0009711	2	3	1	6
OG0009712	2	2	2	6
OG0009713	2	2	2	6
OG0009714	2	2	2	6
OG0009715	2	2	2	6
OG0009716	2	2	2	6
OG0009717	2	2	2	6
OG0009718	2	2	2	6
OG0009719	2	2	2	6
OG0009720	2	2	2	6
OG0009721	1	3	2	6
OG0009722	2	2	2	6
OG0009723	2	2	2	6
OG0009724	2	2	2	6
OG0009725	2	2	2	6
OG0009726	2	2	2	6
OG0009727	2	2	2	6
OG0009728	2	2	2	6
OG0009729	2	2	2	6
OG0009730	2	2	2	6
OG0009731	2	2	2	6
OG0009732	2	2	2	6
OG0009733	2	2	2	6
OG0009734	2	2	2	6
OG0009735	2	2	2	6
OG0009736	2	2	2	6
OG0009737	2	2	2	6
OG0009738	2	2	2	6
OG0009739	2	2	2	6
OG0009740	2	2	2	6
OG0009741	2	2	2	6
OG0009742	2	2	2	6
OG0009743	2	2	2	6
OG0009744	2	2	2	6
OG0009745	2	2	2	6
OG0009746	2	2	2	6
OG0009747	2	2	2	6
OG0009748	2	2	2	6
OG0009749	2	2	2	6
OG0009750	1	3	2	6
OG0009751	2	2	2	6
OG0009752	2	2	2	6
OG0009753	2	2	2	6
OG0009754	2	2	2	6
OG0009755	2	2	2	6
OG0009756	2	2	2	6
OG0009757	1	3	2	6
OG0009758	2	2	2	6
OG0009759	2	2	2	6
OG0009760	2	2	2	6
OG0009761	2	2	2	6
OG0009762	2	2	2	6
OG0009763	2	2	2	6
OG0009764	2	2	2	6
OG0009765	2	2	2	6
OG0009766	2	2	2	6
OG0009767	2	2	2	6
OG0009768	2	2	2	6
OG0009769	2	2	2	6
OG0009770	2	2	2	6
OG0009771	2	2	2	6
OG0009772	2	2	2	6
OG0009773	2	2	2	6
OG0009774	2	2	2	6
OG0009775	4	2	0	6
OG0009776	3	1	2	6
OG0009777	2	2	2	6
OG0009778	2	2	2	6
OG0009779	2	2	2	6
OG0009780	2	2	2	6
OG0009781	2	2	2	6
OG0009782	2	2	2	6
OG0009783	2	2	2	6
OG0009784	2	2	2	6
OG0009785	2	2	2	6
OG0009786	2	2	2	6
OG0009787	2	2	2	6
OG0009788	2	2	2	6
OG0009789	2	2	2	6
OG0009790	2	2	2	6
OG0009791	2	2	2	6
OG0009792	2	2	2	6
OG0009793	2	2	2	6
OG0009794	2	3	1	6
OG0009795	2	2	2	6
OG0009796	2	2	2	6
OG0009797	2	2	2	6
OG0009798	2	2	2	6
OG0009799	1	3	2	6
OG0009800	3	2	1	6
OG0009801	2	2	2	6
OG0009802	2	2	2	6
OG0009803	2	2	2	6
OG0009804	2	2	2	6
OG0009805	2	2	2	6
OG0009806	2	2	2	6
OG0009807	2	2	2	6
OG0009808	2	2	2	6
OG0009809	4	0	2	6
OG0009810	2	2	2	6
OG0009811	2	2	2	6
OG0009812	1	3	2	6
OG0009813	2	2	2	6
OG0009814	2	2	2	6
OG0009815	2	3	1	6
OG0009816	2	2	2	6
OG0009817	2	2	2	6
OG0009818	2	2	2	6
OG0009819	2	2	2	6
OG0009820	2	2	2	6
OG0009821	2	3	1	6
OG0009822	3	2	1	6
OG0009823	2	2	2	6
OG0009824	2	2	2	6
OG0009825	2	2	2	6
OG0009826	2	2	2	6
OG0009827	2	2	2	6
OG0009828	2	2	2	6
OG0009829	2	2	2	6
OG0009830	2	2	2	6
OG0009831	2	2	2	6
OG0009832	2	2	2	6
OG0009833	2	2	2	6
OG0009834	2	2	2	6
OG0009835	1	3	2	6
OG0009836	2	2	2	6
OG0009837	2	3	1	6
OG0009838	2	2	2	6
OG0009839	2	2	2	6
OG0009840	2	1	3	6
OG0009841	2	2	2	6
OG0009842	2	2	2	6
OG0009843	2	2	2	6
OG0009844	3	1	2	6
OG0009845	2	2	2	6
OG0009846	2	2	2	6
OG0009847	2	2	2	6
OG0009848	2	2	2	6
OG0009849	2	2	2	6
OG0009850	2	2	2	6
OG0009851	1	3	2	6
OG0009852	2	2	2	6
OG0009853	2	2	2	6
OG0009854	2	2	2	6
OG0009855	2	2	2	6
OG0009856	2	2	2	6
OG0009857	2	2	2	6
OG0009858	2	2	2	6
OG0009859	2	2	2	6
OG0009860	2	2	2	6
OG0009861	2	2	2	6
OG0009862	4	1	1	6
OG0009863	2	2	2	6
OG0009864	2	2	2	6
OG0009865	2	2	2	6
OG0009866	2	3	1	6
OG0009867	2	2	2	6
OG0009868	2	2	2	6
OG0009869	2	2	2	6
OG0009870	2	2	2	6
OG0009871	2	2	2	6
OG0009872	2	2	2	6
OG0009873	2	2	2	6
OG0009874	2	2	2	6
OG0009875	2	2	2	6
OG0009876	1	3	2	6
OG0009877	1	3	2	6
OG0009878	2	2	2	6
OG0009879	2	2	2	6
OG0009880	2	2	2	6
OG0009881	2	2	2	6
OG0009882	2	2	2	6
OG0009883	2	2	2	6
OG0009884	2	2	2	6
OG0009885	2	2	2	6
OG0009886	2	2	2	6
OG0009887	2	2	2	6
OG0009888	2	2	2	6
OG0009889	2	2	2	6
OG0009890	2	2	2	6
OG0009891	2	2	2	6
OG0009892	2	2	2	6
OG0009893	2	2	2	6
OG0009894	2	2	2	6
OG0009895	2	2	2	6
OG0009896	2	2	2	6
OG0009897	1	3	2	6
OG0009898	2	2	2	6
OG0009899	2	2	2	6
OG0009900	2	2	2	6
OG0009901	2	2	2	6
OG0009902	2	2	2	6
OG0009903	2	2	2	6
OG0009904	2	2	2	6
OG0009905	2	2	2	6
OG0009906	2	2	2	6
OG0009907	2	2	2	6
OG0009908	2	2	2	6
OG0009909	2	2	2	6
OG0009910	2	2	2	6
OG0009911	2	2	2	6
OG0009912	2	2	2	6
OG0009913	2	2	2	6
OG0009914	2	2	2	6
OG0009915	2	2	2	6
OG0009916	2	2	2	6
OG0009917	2	2	2	6
OG0009918	2	2	2	6
OG0009919	2	2	2	6
OG0009920	2	2	2	6
OG0009921	2	2	2	6
OG0009922	2	2	2	6
OG0009923	2	2	2	6
OG0009924	2	2	2	6
OG0009925	2	2	2	6
OG0009926	2	2	2	6
OG0009927	2	2	2	6
OG0009928	2	2	2	6
OG0009929	2	2	2	6
OG0009930	2	2	2	6
OG0009931	2	2	2	6
OG0009932	2	2	2	6
OG0009933	2	2	2	6
OG0009934	2	3	1	6
OG0009935	1	4	1	6
OG0009936	2	2	2	6
OG0009937	2	2	2	6
OG0009938	2	2	2	6
OG0009939	2	2	2	6
OG0009940	2	2	2	6
OG0009941	2	2	2	6
OG0009942	2	2	2	6
OG0009943	2	2	2	6
OG0009944	2	2	2	6
OG0009945	2	2	2	6
OG0009946	2	2	2	6
OG0009947	2	2	2	6
OG0009948	2	2	2	6
OG0009949	1	3	2	6
OG0009950	2	2	2	6
OG0009951	2	2	2	6
OG0009952	2	2	2	6
OG0009953	2	2	2	6
OG0009954	2	2	2	6
OG0009955	2	2	2	6
OG0009956	2	2	2	6
OG0009957	1	3	2	6
OG0009958	2	2	2	6
OG0009959	2	2	2	6
OG0009960	2	2	2	6
OG0009961	2	2	2	6
OG0009962	2	2	2	6
OG0009963	2	2	2	6
OG0009964	2	2	2	6
OG0009965	2	2	2	6
OG0009966	2	2	2	6
OG0009967	2	2	2	6
OG0009968	1	3	2	6
OG0009969	2	2	2	6
OG0009970	2	2	2	6
OG0009971	2	2	2	6
OG0009972	2	2	2	6
OG0009973	2	2	2	6
OG0009974	2	2	2	6
OG0009975	2	2	2	6
OG0009976	2	2	2	6
OG0009977	2	2	2	6
OG0009978	2	2	2	6
OG0009979	2	2	2	6
OG0009980	2	2	2	6
OG0009981	2	2	2	6
OG0009982	2	2	2	6
OG0009983	2	2	2	6
OG0009984	2	2	2	6
OG0009985	2	2	2	6
OG0009986	2	2	2	6
OG0009987	2	2	2	6
OG0009988	2	2	2	6
OG0009989	2	2	2	6
OG0009990	2	2	2	6
OG0009991	2	2	2	6
OG0009992	2	2	2	6
OG0009993	2	2	2	6
OG0009994	2	2	2	6
OG0009995	2	2	2	6
OG0009996	2	2	2	6
OG0009997	2	2	2	6
OG0009998	2	2	2	6
OG0009999	2	2	2	6
OG0010000	2	2	2	6
OG0010001	2	2	2	6
OG0010002	2	2	2	6
OG0010003	2	2	2	6
OG0010004	1	3	2	6
OG0010005	2	2	2	6
OG0010006	1	3	2	6
OG0010007	2	2	2	6
OG0010008	2	2	2	6
OG0010009	2	2	2	6
OG0010010	2	2	2	6
OG0010011	2	2	2	6
OG0010012	2	2	2	6
OG0010013	1	3	2	6
OG0010014	2	2	2	6
OG0010015	2	2	2	6
OG0010016	2	2	2	6
OG0010017	2	2	2	6
OG0010018	2	2	2	6
OG0010019	2	2	2	6
OG0010020	2	2	2	6
OG0010021	2	2	2	6
OG0010022	2	2	2	6
OG0010023	2	2	2	6
OG0010024	3	1	2	6
OG0010025	2	2	2	6
OG0010026	2	2	2	6
OG0010027	2	2	2	6
OG0010028	2	2	2	6
OG0010029	2	2	2	6
OG0010030	2	2	2	6
OG0010031	2	2	2	6
OG0010032	2	2	2	6
OG0010033	2	2	2	6
OG0010034	2	2	2	6
OG0010035	2	2	2	6
OG0010036	2	2	2	6
OG0010037	2	2	2	6
OG0010038	2	2	2	6
OG0010039	2	2	2	6
OG0010040	1	3	2	6
OG0010041	2	2	2	6
OG0010042	2	2	2	6
OG0010043	2	2	2	6
OG0010044	2	2	2	6
OG0010045	2	2	2	6
OG0010046	2	2	2	6
OG0010047	2	2	2	6
OG0010048	2	2	2	6
OG0010049	2	2	2	6
OG0010050	2	2	2	6
OG0010051	2	2	2	6
OG0010052	2	2	2	6
OG0010053	2	2	2	6
OG0010054	2	2	2	6
OG0010055	2	2	2	6
OG0010056	2	2	2	6
OG0010057	2	2	2	6
OG0010058	2	2	2	6
OG0010059	2	2	2	6
OG0010060	3	2	1	6
OG0010061	2	2	2	6
OG0010062	2	2	2	6
OG0010063	2	2	2	6
OG0010064	2	2	2	6
OG0010065	2	2	2	6
OG0010066	2	2	2	6
OG0010067	1	3	2	6
OG0010068	2	2	2	6
OG0010069	2	2	2	6
OG0010070	2	2	2	6
OG0010071	2	2	2	6
OG0010072	2	2	2	6
OG0010073	2	2	2	6
OG0010074	2	2	2	6
OG0010075	2	2	2	6
OG0010076	2	2	2	6
OG0010077	4	1	1	6
OG0010078	2	2	2	6
OG0010079	2	2	2	6
OG0010080	2	2	2	6
OG0010081	2	2	2	6
OG0010082	2	2	2	6
OG0010083	2	2	2	6
OG0010084	2	2	2	6
OG0010085	2	2	2	6
OG0010086	2	2	2	6
OG0010087	2	2	2	6
OG0010088	2	2	2	6
OG0010089	1	4	1	6
OG0010090	2	2	2	6
OG0010091	2	2	2	6
OG0010092	1	3	2	6
OG0010093	2	2	2	6
OG0010094	2	2	2	6
OG0010095	2	2	2	6
OG0010096	2	3	1	6
OG0010097	2	2	2	6
OG0010098	2	2	2	6
OG0010099	2	2	2	6
OG0010100	2	2	2	6
OG0010101	2	2	2	6
OG0010102	2	2	2	6
OG0010103	2	2	2	6
OG0010104	2	2	2	6
OG0010105	2	2	2	6
OG0010106	2	2	2	6
OG0010107	2	2	2	6
OG0010108	2	2	2	6
OG0010109	2	2	2	6
OG0010110	2	2	2	6
OG0010111	2	2	2	6
OG0010112	2	2	2	6
OG0010113	2	2	2	6
OG0010114	2	2	2	6
OG0010115	2	2	2	6
OG0010116	2	2	2	6
OG0010117	2	2	2	6
OG0010118	2	2	2	6
OG0010119	2	2	2	6
OG0010120	2	1	3	6
OG0010121	2	2	2	6
OG0010122	2	2	2	6
OG0010123	2	2	2	6
OG0010124	2	2	2	6
OG0010125	2	2	2	6
OG0010126	2	2	2	6
OG0010127	2	2	2	6
OG0010128	3	2	1	6
OG0010129	2	2	2	6
OG0010130	2	2	2	6
OG0010131	2	2	2	6
OG0010132	1	3	2	6
OG0010133	2	2	2	6
OG0010134	2	2	2	6
OG0010135	2	2	2	6
OG0010136	2	2	2	6
OG0010137	2	2	2	6
OG0010138	2	2	2	6
OG0010139	2	2	2	6
OG0010140	2	2	2	6
OG0010141	2	2	2	6
OG0010142	2	2	2	6
OG0010143	2	2	2	6
OG0010144	2	2	2	6
OG0010145	2	2	2	6
OG0010146	2	2	2	6
OG0010147	2	2	2	6
OG0010148	2	2	2	6
OG0010149	2	2	2	6
OG0010150	2	2	2	6
OG0010151	2	2	2	6
OG0010152	2	2	2	6
OG0010153	1	3	2	6
OG0010154	2	2	2	6
OG0010155	2	2	2	6
OG0010156	2	2	2	6
OG0010157	2	2	2	6
OG0010158	2	2	2	6
OG0010159	1	3	2	6
OG0010160	2	2	2	6
OG0010161	2	2	2	6
OG0010162	2	2	2	6
OG0010163	2	2	2	6
OG0010164	2	2	2	6
OG0010165	2	2	2	6
OG0010166	2	2	2	6
OG0010167	2	2	2	6
OG0010168	4	1	1	6
OG0010169	2	2	2	6
OG0010170	2	2	2	6
OG0010171	2	2	2	6
OG0010172	2	2	2	6
OG0010173	2	2	2	6
OG0010174	2	2	2	6
OG0010175	2	2	2	6
OG0010176	2	2	2	6
OG0010177	2	2	2	6
OG0010178	2	2	2	6
OG0010179	2	2	2	6
OG0010180	2	2	2	6
OG0010181	2	2	2	6
OG0010182	2	2	2	6
OG0010183	2	2	2	6
OG0010184	2	2	2	6
OG0010185	2	2	2	6
OG0010186	2	2	2	6
OG0010187	3	1	2	6
OG0010188	2	2	2	6
OG0010189	1	3	2	6
OG0010190	2	2	2	6
OG0010191	3	0	3	6
OG0010192	2	2	2	6
OG0010193	2	2	2	6
OG0010194	2	2	2	6
OG0010195	2	2	2	6
OG0010196	2	2	2	6
OG0010197	2	3	1	6
OG0010198	2	2	2	6
OG0010199	2	2	2	6
OG0010200	2	2	2	6
OG0010201	2	2	2	6
OG0010202	2	2	2	6
OG0010203	2	2	2	6
OG0010204	2	2	2	6
OG0010205	2	2	2	6
OG0010206	2	2	2	6
OG0010207	2	2	2	6
OG0010208	2	2	2	6
OG0010209	2	2	2	6
OG0010210	2	2	2	6
OG0010211	1	3	2	6
OG0010212	2	2	2	6
OG0010213	2	2	2	6
OG0010214	2	2	2	6
OG0010215	2	2	2	6
OG0010216	2	2	2	6
OG0010217	2	2	2	6
OG0010218	2	2	2	6
OG0010219	2	2	2	6
OG0010220	2	2	2	6
OG0010221	2	2	2	6
OG0010222	2	2	2	6
OG0010223	2	2	2	6
OG0010224	2	2	2	6
OG0010225	2	2	2	6
OG0010226	2	2	2	6
OG0010227	2	2	2	6
OG0010228	2	2	2	6
OG0010229	2	2	2	6
OG0010230	2	2	2	6
OG0010231	2	2	2	6
OG0010232	2	2	2	6
OG0010233	2	2	2	6
OG0010234	2	2	2	6
OG0010235	2	2	2	6
OG0010236	2	2	2	6
OG0010237	2	2	2	6
OG0010238	2	2	2	6
OG0010239	2	2	2	6
OG0010240	2	2	2	6
OG0010241	3	2	1	6
OG0010242	2	2	2	6
OG0010243	1	3	2	6
OG0010244	2	2	2	6
OG0010245	2	2	2	6
OG0010246	2	2	2	6
OG0010247	2	2	2	6
OG0010248	3	1	2	6
OG0010249	2	2	2	6
OG0010250	2	2	2	6
OG0010251	2	2	2	6
OG0010252	2	2	2	6
OG0010253	2	2	2	6
OG0010254	2	2	2	6
OG0010255	2	2	2	6
OG0010256	2	2	2	6
OG0010257	2	2	2	6
OG0010258	2	2	2	6
OG0010259	1	3	2	6
OG0010260	2	2	2	6
OG0010261	2	2	2	6
OG0010262	2	2	2	6
OG0010263	2	2	2	6
OG0010264	2	2	2	6
OG0010265	2	2	2	6
OG0010266	2	2	2	6
OG0010267	2	2	2	6
OG0010268	2	2	2	6
OG0010269	2	2	2	6
OG0010270	2	2	2	6
OG0010271	2	2	2	6
OG0010272	2	2	2	6
OG0010273	2	3	1	6
OG0010274	2	2	2	6
OG0010275	3	2	1	6
OG0010276	2	2	2	6
OG0010277	2	2	2	6
OG0010278	2	2	2	6
OG0010279	2	2	2	6
OG0010280	2	2	2	6
OG0010281	2	2	2	6
OG0010282	2	2	2	6
OG0010283	2	2	2	6
OG0010284	2	2	2	6
OG0010285	2	2	2	6
OG0010286	2	2	2	6
OG0010287	2	2	2	6
OG0010288	2	2	2	6
OG0010289	2	2	2	6
OG0010290	2	2	2	6
OG0010291	2	2	2	6
OG0010292	2	2	2	6
OG0010293	2	2	2	6
OG0010294	2	2	2	6
OG0010295	2	2	2	6
OG0010296	2	2	2	6
OG0010297	2	2	2	6
OG0010298	2	2	2	6
OG0010299	2	2	2	6
OG0010300	2	2	2	6
OG0010301	2	2	2	6
OG0010302	2	2	2	6
OG0010303	2	2	2	6
OG0010304	2	2	2	6
OG0010305	2	2	2	6
OG0010306	2	2	2	6
OG0010307	2	2	2	6
OG0010308	2	2	2	6
OG0010309	2	2	2	6
OG0010310	2	2	2	6
OG0010311	2	2	2	6
OG0010312	2	2	2	6
OG0010313	2	2	2	6
OG0010314	2	2	2	6
OG0010315	2	2	2	6
OG0010316	2	2	2	6
OG0010317	2	2	2	6
OG0010318	2	2	2	6
OG0010319	2	2	2	6
OG0010320	2	2	2	6
OG0010321	2	2	2	6
OG0010322	2	2	2	6
OG0010323	2	2	2	6
OG0010324	2	2	2	6
OG0010325	2	2	2	6
OG0010326	2	2	2	6
OG0010327	2	2	2	6
OG0010328	2	2	2	6
OG0010329	2	2	2	6
OG0010330	2	2	2	6
OG0010331	2	2	2	6
OG0010332	2	2	2	6
OG0010333	2	2	2	6
OG0010334	2	2	2	6
OG0010335	2	2	2	6
OG0010336	2	2	2	6
OG0010337	2	2	2	6
OG0010338	2	2	2	6
OG0010339	2	2	2	6
OG0010340	2	2	2	6
OG0010341	2	2	2	6
OG0010342	2	2	2	6
OG0010343	1	4	1	6
OG0010344	2	2	2	6
OG0010345	2	2	2	6
OG0010346	2	2	2	6
OG0010347	2	2	2	6
OG0010348	2	2	2	6
OG0010349	2	2	2	6
OG0010350	2	2	2	6
OG0010351	2	2	2	6
OG0010352	2	2	2	6
OG0010353	2	2	2	6
OG0010354	2	2	2	6
OG0010355	2	2	2	6
OG0010356	1	3	2	6
OG0010357	5	0	1	6
OG0010358	2	2	2	6
OG0010359	2	2	2	6
OG0010360	2	2	2	6
OG0010361	2	2	2	6
OG0010362	2	2	2	6
OG0010363	2	2	2	6
OG0010364	2	2	2	6
OG0010365	2	2	2	6
OG0010366	2	2	2	6
OG0010367	2	2	2	6
OG0010368	2	2	2	6
OG0010369	2	2	2	6
OG0010370	2	2	2	6
OG0010371	2	2	2	6
OG0010372	2	2	2	6
OG0010373	2	2	2	6
OG0010374	2	2	2	6
OG0010375	2	4	0	6
OG0010376	2	2	2	6
OG0010377	2	2	2	6
OG0010378	2	2	2	6
OG0010379	2	2	2	6
OG0010380	2	2	2	6
OG0010381	2	2	2	6
OG0010382	2	2	2	6
OG0010383	2	2	2	6
OG0010384	2	2	2	6
OG0010385	2	2	2	6
OG0010386	2	2	2	6
OG0010387	2	2	2	6
OG0010388	2	2	2	6
OG0010389	2	2	2	6
OG0010390	2	2	2	6
OG0010391	2	2	2	6
OG0010392	2	2	2	6
OG0010393	2	2	2	6
OG0010394	2	2	2	6
OG0010395	2	2	2	6
OG0010396	2	2	2	6
OG0010397	2	2	2	6
OG0010398	2	2	2	6
OG0010399	2	2	2	6
OG0010400	2	2	2	6
OG0010401	2	2	2	6
OG0010402	1	3	2	6
OG0010403	2	2	2	6
OG0010404	2	2	2	6
OG0010405	2	2	2	6
OG0010406	2	2	2	6
OG0010407	2	2	2	6
OG0010408	2	2	2	6
OG0010409	1	3	2	6
OG0010410	2	2	2	6
OG0010411	2	2	2	6
OG0010412	2	2	2	6
OG0010413	2	2	2	6
OG0010414	2	2	2	6
OG0010415	2	2	2	6
OG0010416	2	2	2	6
OG0010417	2	2	2	6
OG0010418	2	2	2	6
OG0010419	2	2	2	6
OG0010420	2	2	2	6
OG0010421	2	2	2	6
OG0010422	2	2	2	6
OG0010423	2	2	2	6
OG0010424	2	2	2	6
OG0010425	2	2	2	6
OG0010426	2	2	2	6
OG0010427	2	2	2	6
OG0010428	2	2	2	6
OG0010429	2	2	2	6
OG0010430	2	2	2	6
OG0010431	3	1	2	6
OG0010432	2	2	2	6
OG0010433	2	2	2	6
OG0010434	2	2	2	6
OG0010435	2	2	2	6
OG0010436	2	2	2	6
OG0010437	2	2	2	6
OG0010438	2	2	2	6
OG0010439	2	2	2	6
OG0010440	2	2	2	6
OG0010441	2	2	2	6
OG0010442	2	2	2	6
OG0010443	2	2	2	6
OG0010444	2	2	2	6
OG0010445	2	2	2	6
OG0010446	2	2	2	6
OG0010447	2	2	2	6
OG0010448	2	2	2	6
OG0010449	2	2	2	6
OG0010450	2	3	1	6
OG0010451	2	2	2	6
OG0010452	2	2	2	6
OG0010453	2	2	2	6
OG0010454	2	2	2	6
OG0010455	2	2	2	6
OG0010456	2	2	2	6
OG0010457	2	2	2	6
OG0010458	2	2	2	6
OG0010459	2	2	2	6
OG0010460	2	2	2	6
OG0010461	2	2	2	6
OG0010462	2	2	2	6
OG0010463	2	2	2	6
OG0010464	2	2	2	6
OG0010465	2	2	2	6
OG0010466	2	2	2	6
OG0010467	2	2	2	6
OG0010468	2	2	2	6
OG0010469	2	2	2	6
OG0010470	3	2	1	6
OG0010471	2	2	2	6
OG0010472	2	2	2	6
OG0010473	2	2	2	6
OG0010474	2	2	2	6
OG0010475	2	2	2	6
OG0010476	2	2	2	6
OG0010477	2	2	2	6
OG0010478	2	2	2	6
OG0010479	2	2	2	6
OG0010480	1	3	2	6
OG0010481	2	2	2	6
OG0010482	2	2	2	6
OG0010483	2	2	2	6
OG0010484	2	2	2	6
OG0010485	2	2	2	6
OG0010486	2	2	2	6
OG0010487	2	2	2	6
OG0010488	2	2	2	6
OG0010489	2	2	2	6
OG0010490	2	2	2	6
OG0010491	2	2	2	6
OG0010492	2	2	2	6
OG0010493	2	2	2	6
OG0010494	2	2	2	6
OG0010495	2	2	2	6
OG0010496	2	2	2	6
OG0010497	2	2	2	6
OG0010498	2	2	2	6
OG0010499	2	2	2	6
OG0010500	2	2	2	6
OG0010501	2	2	2	6
OG0010502	2	2	2	6
OG0010503	2	2	2	6
OG0010504	2	2	2	6
OG0010505	2	2	2	6
OG0010506	2	2	2	6
OG0010507	2	2	2	6
OG0010508	3	3	0	6
OG0010509	2	2	2	6
OG0010510	2	2	2	6
OG0010511	2	2	2	6
OG0010512	2	2	2	6
OG0010513	2	2	2	6
OG0010514	2	2	2	6
OG0010515	2	2	2	6
OG0010516	2	2	2	6
OG0010517	2	2	2	6
OG0010518	2	2	2	6
OG0010519	2	2	2	6
OG0010520	2	2	2	6
OG0010521	2	2	2	6
OG0010522	2	2	2	6
OG0010523	4	2	0	6
OG0010524	2	2	2	6
OG0010525	2	2	2	6
OG0010526	2	2	2	6
OG0010527	2	2	2	6
OG0010528	2	2	2	6
OG0010529	1	3	2	6
OG0010530	2	2	2	6
OG0010531	2	2	2	6
OG0010532	2	2	2	6
OG0010533	2	2	2	6
OG0010534	2	2	2	6
OG0010535	2	2	2	6
OG0010536	2	2	2	6
OG0010537	2	2	2	6
OG0010538	2	2	2	6
OG0010539	2	2	2	6
OG0010540	2	2	2	6
OG0010541	2	2	2	6
OG0010542	2	2	2	6
OG0010543	2	2	2	6
OG0010544	2	2	2	6
OG0010545	2	2	2	6
OG0010546	2	2	2	6
OG0010547	2	2	2	6
OG0010548	2	2	2	6
OG0010549	2	2	2	6
OG0010550	2	3	1	6
OG0010551	2	2	2	6
OG0010552	2	2	2	6
OG0010553	2	2	2	6
OG0010554	2	2	2	6
OG0010555	2	2	2	6
OG0010556	2	2	2	6
OG0010557	2	2	2	6
OG0010558	1	3	2	6
OG0010559	2	2	2	6
OG0010560	2	2	2	6
OG0010561	2	2	2	6
OG0010562	2	2	2	6
OG0010563	2	2	2	6
OG0010564	2	2	2	6
OG0010565	2	2	2	6
OG0010566	2	2	2	6
OG0010567	2	2	2	6
OG0010568	2	2	2	6
OG0010569	2	2	2	6
OG0010570	2	2	2	6
OG0010571	2	2	2	6
OG0010572	2	2	2	6
OG0010573	2	2	2	6
OG0010574	2	2	2	6
OG0010575	2	2	2	6
OG0010576	2	2	2	6
OG0010577	2	2	2	6
OG0010578	2	2	2	6
OG0010579	2	2	2	6
OG0010580	2	2	2	6
OG0010581	2	2	2	6
OG0010582	2	2	2	6
OG0010583	2	2	2	6
OG0010584	2	2	2	6
OG0010585	2	2	2	6
OG0010586	2	2	2	6
OG0010587	2	2	2	6
OG0010588	2	2	2	6
OG0010589	2	2	2	6
OG0010590	2	2	2	6
OG0010591	2	2	2	6
OG0010592	2	2	2	6
OG0010593	2	2	2	6
OG0010594	2	2	2	6
OG0010595	2	2	2	6
OG0010596	2	2	2	6
OG0010597	2	2	2	6
OG0010598	2	2	2	6
OG0010599	2	2	2	6
OG0010600	2	2	2	6
OG0010601	2	2	2	6
OG0010602	2	2	2	6
OG0010603	2	2	2	6
OG0010604	2	2	2	6
OG0010605	2	2	2	6
OG0010606	2	2	2	6
OG0010607	2	2	2	6
OG0010608	2	2	2	6
OG0010609	2	2	2	6
OG0010610	2	2	2	6
OG0010611	2	2	2	6
OG0010612	2	2	2	6
OG0010613	2	2	2	6
OG0010614	2	2	2	6
OG0010615	2	2	2	6
OG0010616	2	2	2	6
OG0010617	2	2	2	6
OG0010618	2	2	2	6
OG0010619	2	2	2	6
OG0010620	2	2	2	6
OG0010621	2	2	2	6
OG0010622	2	2	2	6
OG0010623	1	3	2	6
OG0010624	2	2	2	6
OG0010625	2	2	2	6
OG0010626	2	2	2	6
OG0010627	2	2	2	6
OG0010628	2	2	2	6
OG0010629	2	2	2	6
OG0010630	2	2	2	6
OG0010631	2	2	2	6
OG0010632	2	2	2	6
OG0010633	2	2	2	6
OG0010634	2	2	2	6
OG0010635	2	2	2	6
OG0010636	2	2	2	6
OG0010637	2	2	2	6
OG0010638	5	0	1	6
OG0010639	2	2	2	6
OG0010640	2	2	2	6
OG0010641	2	2	2	6
OG0010642	2	2	2	6
OG0010643	2	2	2	6
OG0010644	2	2	2	6
OG0010645	3	1	2	6
OG0010646	3	1	2	6
OG0010647	2	2	2	6
OG0010648	2	2	2	6
OG0010649	2	2	2	6
OG0010650	2	2	2	6
OG0010651	2	2	2	6
OG0010652	2	2	2	6
OG0010653	2	2	2	6
OG0010654	3	2	1	6
OG0010655	2	2	2	6
OG0010656	2	2	2	6
OG0010657	2	2	2	6
OG0010658	2	2	2	6
OG0010659	2	2	2	6
OG0010660	2	2	2	6
OG0010661	2	2	2	6
OG0010662	2	2	2	6
OG0010663	2	2	2	6
OG0010664	2	2	2	6
OG0010665	3	1	2	6
OG0010666	2	2	2	6
OG0010667	2	2	2	6
OG0010668	2	2	2	6
OG0010669	2	2	2	6
OG0010670	2	2	2	6
OG0010671	2	2	2	6
OG0010672	2	2	2	6
OG0010673	2	2	2	6
OG0010674	2	2	2	6
OG0010675	3	1	2	6
OG0010676	2	2	2	6
OG0010677	2	2	2	6
OG0010678	1	3	2	6
OG0010679	2	2	2	6
OG0010680	2	2	2	6
OG0010681	2	2	2	6
OG0010682	2	2	2	6
OG0010683	2	2	2	6
OG0010684	2	2	2	6
OG0010685	1	3	2	6
OG0010686	2	2	2	6
OG0010687	2	2	2	6
OG0010688	2	2	2	6
OG0010689	2	2	2	6
OG0010690	2	2	2	6
OG0010691	2	2	2	6
OG0010692	2	2	2	6
OG0010693	2	2	2	6
OG0010694	2	2	2	6
OG0010695	2	2	2	6
OG0010696	2	2	2	6
OG0010697	2	2	2	6
OG0010698	2	2	2	6
OG0010699	2	2	2	6
OG0010700	1	3	2	6
OG0010701	2	2	2	6
OG0010702	2	2	2	6
OG0010703	2	2	2	6
OG0010704	2	2	2	6
OG0010705	2	2	2	6
OG0010706	2	2	2	6
OG0010707	2	2	2	6
OG0010708	2	2	2	6
OG0010709	2	2	2	6
OG0010710	2	2	2	6
OG0010711	2	2	2	6
OG0010712	2	2	2	6
OG0010713	2	2	2	6
OG0010714	2	2	2	6
OG0010715	2	2	2	6
OG0010716	2	2	2	6
OG0010717	2	2	2	6
OG0010718	2	2	2	6
OG0010719	2	2	2	6
OG0010720	1	3	2	6
OG0010721	2	2	2	6
OG0010722	2	2	2	6
OG0010723	2	2	2	6
OG0010724	2	2	2	6
OG0010725	2	2	2	6
OG0010726	4	1	1	6
OG0010727	3	2	1	6
OG0010728	2	2	2	6
OG0010729	2	2	2	6
OG0010730	2	2	2	6
OG0010731	1	3	2	6
OG0010732	2	2	2	6
OG0010733	2	2	2	6
OG0010734	2	2	2	6
OG0010735	2	2	2	6
OG0010736	2	2	2	6
OG0010737	2	2	2	6
OG0010738	2	2	2	6
OG0010739	2	2	2	6
OG0010740	2	2	2	6
OG0010741	2	2	2	6
OG0010742	2	2	2	6
OG0010743	2	2	2	6
OG0010744	2	2	2	6
OG0010745	2	2	2	6
OG0010746	3	1	2	6
OG0010747	2	2	2	6
OG0010748	2	2	2	6
OG0010749	2	2	2	6
OG0010750	2	2	2	6
OG0010751	2	2	2	6
OG0010752	2	2	2	6
OG0010753	2	2	2	6
OG0010754	2	2	2	6
OG0010755	2	2	2	6
OG0010756	2	2	2	6
OG0010757	2	2	2	6
OG0010758	2	2	2	6
OG0010759	2	2	2	6
OG0010760	2	2	2	6
OG0010761	2	2	2	6
OG0010762	2	2	2	6
OG0010763	2	2	2	6
OG0010764	5	0	1	6
OG0010765	2	2	2	6
OG0010766	1	3	2	6
OG0010767	2	2	2	6
OG0010768	3	2	1	6
OG0010769	2	2	2	6
OG0010770	2	1	3	6
OG0010771	2	2	2	6
OG0010772	2	2	2	6
OG0010773	2	2	2	6
OG0010774	2	2	2	6
OG0010775	2	2	2	6
OG0010776	2	2	2	6
OG0010777	2	2	2	6
OG0010778	2	2	2	6
OG0010779	2	2	2	6
OG0010780	2	2	2	6
OG0010781	2	2	2	6
OG0010782	2	2	2	6
OG0010783	2	2	2	6
OG0010784	2	2	2	6
OG0010785	2	2	2	6
OG0010786	2	2	2	6
OG0010787	2	2	2	6
OG0010788	2	2	2	6
OG0010789	2	2	2	6
OG0010790	2	2	2	6
OG0010791	2	2	2	6
OG0010792	2	2	2	6
OG0010793	2	2	2	6
OG0010794	2	2	2	6
OG0010795	2	2	2	6
OG0010796	2	2	2	6
OG0010797	2	2	2	6
OG0010798	2	2	2	6
OG0010799	2	2	2	6
OG0010800	2	2	2	6
OG0010801	2	2	2	6
OG0010802	1	3	2	6
OG0010803	2	2	2	6
OG0010804	2	2	2	6
OG0010805	2	2	2	6
OG0010806	2	2	2	6
OG0010807	2	2	2	6
OG0010808	2	2	2	6
OG0010809	2	2	2	6
OG0010810	2	2	2	6
OG0010811	2	2	2	6
OG0010812	2	2	2	6
OG0010813	2	2	2	6
OG0010814	2	2	2	6
OG0010815	2	2	2	6
OG0010816	2	2	2	6
OG0010817	2	2	2	6
OG0010818	3	3	0	6
OG0010819	2	2	2	6
OG0010820	2	2	2	6
OG0010821	2	2	2	6
OG0010822	2	2	2	6
OG0010823	2	2	2	6
OG0010824	2	2	2	6
OG0010825	2	2	2	6
OG0010826	1	3	2	6
OG0010827	2	2	2	6
OG0010828	2	2	2	6
OG0010829	2	2	2	6
OG0010830	2	2	2	6
OG0010831	2	2	2	6
OG0010832	2	2	2	6
OG0010833	2	2	2	6
OG0010834	2	2	2	6
OG0010835	2	2	2	6
OG0010836	2	2	2	6
OG0010837	2	2	2	6
OG0010838	3	1	2	6
OG0010839	2	2	2	6
OG0010840	2	2	2	6
OG0010841	2	2	2	6
OG0010842	2	2	2	6
OG0010843	2	2	2	6
OG0010844	2	2	2	6
OG0010845	3	0	3	6
OG0010846	2	2	2	6
OG0010847	2	2	2	6
OG0010848	2	2	2	6
OG0010849	2	2	2	6
OG0010850	2	2	2	6
OG0010851	2	2	2	6
OG0010852	2	2	2	6
OG0010853	2	2	2	6
OG0010854	2	2	2	6
OG0010855	2	2	2	6
OG0010856	2	2	2	6
OG0010857	2	2	2	6
OG0010858	2	2	2	6
OG0010859	2	2	2	6
OG0010860	2	2	2	6
OG0010861	2	2	2	6
OG0010862	1	3	2	6
OG0010863	3	0	3	6
OG0010864	2	2	2	6
OG0010865	2	2	2	6
OG0010866	2	2	2	6
OG0010867	2	2	2	6
OG0010868	2	2	2	6
OG0010869	2	2	2	6
OG0010870	2	2	2	6
OG0010871	2	2	2	6
OG0010872	2	2	2	6
OG0010873	4	1	1	6
OG0010874	2	2	2	6
OG0010875	2	2	2	6
OG0010876	2	2	2	6
OG0010877	2	2	2	6
OG0010878	2	2	2	6
OG0010879	2	2	2	6
OG0010880	2	2	2	6
OG0010881	2	2	2	6
OG0010882	2	2	2	6
OG0010883	2	2	2	6
OG0010884	2	2	2	6
OG0010885	2	2	2	6
OG0010886	2	2	2	6
OG0010887	2	2	2	6
OG0010888	2	2	2	6
OG0010889	2	2	2	6
OG0010890	1	3	2	6
OG0010891	2	2	2	6
OG0010892	2	2	2	6
OG0010893	2	2	2	6
OG0010894	2	2	2	6
OG0010895	2	2	2	6
OG0010896	2	2	2	6
OG0010897	2	2	2	6
OG0010898	4	2	0	6
OG0010899	2	2	2	6
OG0010900	2	2	2	6
OG0010901	2	2	2	6
OG0010902	2	2	2	6
OG0010903	2	2	2	6
OG0010904	2	2	2	6
OG0010905	2	2	2	6
OG0010906	2	2	2	6
OG0010907	2	2	2	6
OG0010908	2	2	2	6
OG0010909	2	2	2	6
OG0010910	2	2	2	6
OG0010911	2	2	2	6
OG0010912	2	2	2	6
OG0010913	2	2	2	6
OG0010914	2	2	2	6
OG0010915	2	2	2	6
OG0010916	2	2	2	6
OG0010917	2	2	2	6
OG0010918	2	2	2	6
OG0010919	3	1	2	6
OG0010920	2	2	2	6
OG0010921	2	2	2	6
OG0010922	2	2	2	6
OG0010923	2	2	2	6
OG0010924	2	2	2	6
OG0010925	2	2	2	6
OG0010926	1	3	2	6
OG0010927	2	2	2	6
OG0010928	2	2	2	6
OG0010929	2	2	2	6
OG0010930	2	2	2	6
OG0010931	2	2	2	6
OG0010932	2	2	2	6
OG0010933	2	2	2	6
OG0010934	2	2	2	6
OG0010935	2	3	1	6
OG0010936	2	2	2	6
OG0010937	2	2	2	6
OG0010938	2	2	2	6
OG0010939	2	2	2	6
OG0010940	2	2	2	6
OG0010941	2	2	2	6
OG0010942	2	2	2	6
OG0010943	2	2	2	6
OG0010944	2	2	2	6
OG0010945	2	2	2	6
OG0010946	2	2	2	6
OG0010947	2	2	2	6
OG0010948	2	2	2	6
OG0010949	2	2	2	6
OG0010950	2	3	1	6
OG0010951	2	2	2	6
OG0010952	2	2	2	6
OG0010953	2	2	2	6
OG0010954	1	3	2	6
OG0010955	2	2	2	6
OG0010956	2	2	2	6
OG0010957	4	1	1	6
OG0010958	2	2	2	6
OG0010959	2	2	2	6
OG0010960	2	2	2	6
OG0010961	2	2	2	6
OG0010962	2	2	2	6
OG0010963	2	2	2	6
OG0010964	2	2	2	6
OG0010965	2	2	2	6
OG0010966	2	2	2	6
OG0010967	2	2	2	6
OG0010968	2	2	2	6
OG0010969	2	2	2	6
OG0010970	2	2	2	6
OG0010971	1	3	2	6
OG0010972	2	2	2	6
OG0010973	2	2	2	6
OG0010974	2	2	2	6
OG0010975	2	2	2	6
OG0010976	2	2	2	6
OG0010977	2	2	2	6
OG0010978	2	2	2	6
OG0010979	2	2	2	6
OG0010980	2	2	2	6
OG0010981	2	2	2	6
OG0010982	2	2	2	6
OG0010983	3	1	2	6
OG0010984	2	2	2	6
OG0010985	2	2	2	6
OG0010986	2	2	2	6
OG0010987	2	2	2	6
OG0010988	2	2	2	6
OG0010989	2	2	2	6
OG0010990	2	2	2	6
OG0010991	2	2	2	6
OG0010992	2	2	2	6
OG0010993	2	2	2	6
OG0010994	2	2	2	6
OG0010995	2	2	2	6
OG0010996	2	2	2	6
OG0010997	2	2	2	6
OG0010998	2	2	2	6
OG0010999	2	2	2	6
OG0011000	2	2	2	6
OG0011001	2	2	2	6
OG0011002	2	2	2	6
OG0011003	2	2	2	6
OG0011004	2	2	2	6
OG0011005	2	2	2	6
OG0011006	2	2	2	6
OG0011007	2	2	2	6
OG0011008	2	2	2	6
OG0011009	2	2	2	6
OG0011010	2	2	2	6
OG0011011	2	2	2	6
OG0011012	2	2	2	6
OG0011013	2	2	2	6
OG0011014	2	2	2	6
OG0011015	2	2	2	6
OG0011016	2	2	2	6
OG0011017	1	3	2	6
OG0011018	2	2	2	6
OG0011019	3	2	1	6
OG0011020	2	2	2	6
OG0011021	2	2	2	6
OG0011022	2	2	2	6
OG0011023	2	2	2	6
OG0011024	2	2	2	6
OG0011025	2	2	2	6
OG0011026	2	2	2	6
OG0011027	2	2	2	6
OG0011028	2	2	2	6
OG0011029	2	2	2	6
OG0011030	2	2	2	6
OG0011031	3	1	2	6
OG0011032	2	2	2	6
OG0011033	2	2	2	6
OG0011034	2	2	2	6
OG0011035	2	2	2	6
OG0011036	2	2	2	6
OG0011037	2	2	2	6
OG0011038	2	2	2	6
OG0011039	2	2	2	6
OG0011040	2	2	2	6
OG0011041	2	2	2	6
OG0011042	2	2	2	6
OG0011043	2	2	2	6
OG0011044	2	2	2	6
OG0011045	2	2	2	6
OG0011046	2	2	2	6
OG0011047	2	2	2	6
OG0011048	3	0	3	6
OG0011049	2	2	2	6
OG0011050	2	2	2	6
OG0011051	2	2	2	6
OG0011052	2	2	2	6
OG0011053	2	2	2	6
OG0011054	2	2	2	6
OG0011055	2	2	2	6
OG0011056	2	2	2	6
OG0011057	2	2	2	6
OG0011058	2	2	2	6
OG0011059	2	2	2	6
OG0011060	2	2	2	6
OG0011061	2	2	2	6
OG0011062	2	2	2	6
OG0011063	3	3	0	6
OG0011064	2	2	2	6
OG0011065	2	2	2	6
OG0011066	2	2	2	6
OG0011067	2	2	2	6
OG0011068	2	2	2	6
OG0011069	2	2	2	6
OG0011070	2	2	2	6
OG0011071	2	2	2	6
OG0011072	2	2	2	6
OG0011073	2	2	2	6
OG0011074	2	2	2	6
OG0011075	2	2	2	6
OG0011076	2	2	2	6
OG0011077	2	2	2	6
OG0011078	2	2	2	6
OG0011079	2	2	2	6
OG0011080	2	2	2	6
OG0011081	2	2	2	6
OG0011082	2	2	2	6
OG0011083	2	2	2	6
OG0011084	2	2	2	6
OG0011085	2	2	2	6
OG0011086	2	2	2	6
OG0011087	2	2	2	6
OG0011088	2	2	2	6
OG0011089	2	2	2	6
OG0011090	2	2	2	6
OG0011091	2	2	2	6
OG0011092	2	2	2	6
OG0011093	2	2	2	6
OG0011094	2	2	2	6
OG0011095	2	2	2	6
OG0011096	1	3	2	6
OG0011097	2	2	2	6
OG0011098	2	2	2	6
OG0011099	2	2	2	6
OG0011100	2	2	2	6
OG0011101	2	2	2	6
OG0011102	2	2	2	6
OG0011103	2	2	2	6
OG0011104	2	2	2	6
OG0011105	2	2	2	6
OG0011106	2	2	2	6
OG0011107	2	2	2	6
OG0011108	2	2	2	6
OG0011109	1	3	2	6
OG0011110	2	2	2	6
OG0011111	2	2	2	6
OG0011112	2	2	2	6
OG0011113	2	2	2	6
OG0011114	4	1	1	6
OG0011115	3	1	2	6
OG0011116	2	2	2	6
OG0011117	2	2	2	6
OG0011118	2	2	2	6
OG0011119	2	2	2	6
OG0011120	2	2	2	6
OG0011121	2	2	2	6
OG0011122	2	3	1	6
OG0011123	2	2	2	6
OG0011124	2	2	2	6
OG0011125	2	2	2	6
OG0011126	2	2	2	6
OG0011127	2	2	2	6
OG0011128	2	2	2	6
OG0011129	3	1	2	6
OG0011130	2	2	2	6
OG0011131	2	2	2	6
OG0011132	2	2	2	6
OG0011133	2	2	2	6
OG0011134	2	2	2	6
OG0011135	2	2	2	6
OG0011136	2	2	2	6
OG0011137	2	2	2	6
OG0011138	2	2	2	6
OG0011139	2	2	2	6
OG0011140	2	2	2	6
OG0011141	2	2	2	6
OG0011142	2	2	2	6
OG0011143	2	2	2	6
OG0011144	2	2	2	6
OG0011145	2	2	2	6
OG0011146	1	3	2	6
OG0011147	2	2	2	6
OG0011148	2	2	2	6
OG0011149	2	2	2	6
OG0011150	2	2	2	6
OG0011151	4	1	1	6
OG0011152	2	2	2	6
OG0011153	2	2	2	6
OG0011154	2	2	2	6
OG0011155	2	2	2	6
OG0011156	2	2	2	6
OG0011157	2	2	2	6
OG0011158	2	2	2	6
OG0011159	2	2	2	6
OG0011160	2	2	2	6
OG0011161	2	2	2	6
OG0011162	2	2	2	6
OG0011163	2	2	2	6
OG0011164	2	2	2	6
OG0011165	2	2	2	6
OG0011166	2	2	2	6
OG0011167	2	2	2	6
OG0011168	2	2	2	6
OG0011169	2	2	2	6
OG0011170	2	2	2	6
OG0011171	1	3	2	6
OG0011172	2	2	2	6
OG0011173	5	0	1	6
OG0011174	2	2	2	6
OG0011175	2	2	2	6
OG0011176	4	1	1	6
OG0011177	2	2	2	6
OG0011178	2	2	2	6
OG0011179	2	2	2	6
OG0011180	2	2	2	6
OG0011181	2	2	2	6
OG0011182	2	2	2	6
OG0011183	2	2	2	6
OG0011184	2	2	2	6
OG0011185	2	2	2	6
OG0011186	1	2	3	6
OG0011187	2	2	2	6
OG0011188	2	2	2	6
OG0011189	2	2	2	6
OG0011190	2	2	2	6
OG0011191	2	2	2	6
OG0011192	2	2	2	6
OG0011193	2	2	2	6
OG0011194	2	2	2	6
OG0011195	2	2	2	6
OG0011196	2	2	2	6
OG0011197	2	2	2	6
OG0011198	2	2	2	6
OG0011199	2	2	2	6
OG0011200	2	2	2	6
OG0011201	2	2	2	6
OG0011202	2	2	2	6
OG0011203	2	2	2	6
OG0011204	2	2	2	6
OG0011205	2	2	2	6
OG0011206	3	2	1	6
OG0011207	3	2	1	6
OG0011208	2	2	2	6
OG0011209	3	3	0	6
OG0011210	2	2	2	6
OG0011211	2	2	2	6
OG0011212	2	2	2	6
OG0011213	2	2	2	6
OG0011214	2	2	2	6
OG0011215	2	2	2	6
OG0011216	3	2	1	6
OG0011217	2	2	2	6
OG0011218	2	2	2	6
OG0011219	2	2	2	6
OG0011220	2	2	2	6
OG0011221	2	2	2	6
OG0011222	2	2	2	6
OG0011223	2	2	2	6
OG0011224	2	2	2	6
OG0011225	2	2	2	6
OG0011226	2	2	2	6
OG0011227	2	2	2	6
OG0011228	4	0	2	6
OG0011229	2	2	2	6
OG0011230	2	2	2	6
OG0011231	2	2	2	6
OG0011232	2	2	2	6
OG0011233	2	2	2	6
OG0011234	2	2	2	6
OG0011235	2	2	2	6
OG0011236	2	2	2	6
OG0011237	2	2	2	6
OG0011238	2	2	2	6
OG0011239	2	2	2	6
OG0011240	2	2	2	6
OG0011241	2	2	2	6
OG0011242	2	2	2	6
OG0011243	2	2	2	6
OG0011244	2	2	2	6
OG0011245	2	2	2	6
OG0011246	2	2	2	6
OG0011247	2	2	2	6
OG0011248	2	2	2	6
OG0011249	3	1	2	6
OG0011250	2	2	2	6
OG0011251	2	2	2	6
OG0011252	2	2	2	6
OG0011253	2	2	2	6
OG0011254	3	1	2	6
OG0011255	2	2	2	6
OG0011256	2	2	2	6
OG0011257	2	2	2	6
OG0011258	2	3	1	6
OG0011259	2	3	1	6
OG0011260	2	2	2	6
OG0011261	2	2	2	6
OG0011262	2	2	2	6
OG0011263	3	1	2	6
OG0011264	2	2	2	6
OG0011265	2	2	2	6
OG0011266	2	2	2	6
OG0011267	2	2	2	6
OG0011268	2	2	2	6
OG0011269	2	2	2	6
OG0011270	2	2	2	6
OG0011271	2	2	2	6
OG0011272	2	2	2	6
OG0011273	2	2	2	6
OG0011274	2	2	2	6
OG0011275	2	2	2	6
OG0011276	2	2	2	6
OG0011277	2	2	2	6
OG0011278	2	2	2	6
OG0011279	2	2	2	6
OG0011280	2	2	2	6
OG0011281	2	2	2	6
OG0011282	1	3	2	6
OG0011283	2	2	2	6
OG0011284	2	2	2	6
OG0011285	2	2	2	6
OG0011286	2	2	2	6
OG0011287	2	2	2	6
OG0011288	2	2	2	6
OG0011289	2	2	2	6
OG0011290	2	2	2	6
OG0011291	2	2	2	6
OG0011292	2	2	2	6
OG0011293	2	2	2	6
OG0011294	2	2	2	6
OG0011295	2	2	2	6
OG0011296	1	3	2	6
OG0011297	2	2	2	6
OG0011298	2	2	2	6
OG0011299	2	2	2	6
OG0011300	2	2	2	6
OG0011301	2	2	2	6
OG0011302	2	2	2	6
OG0011303	2	2	2	6
OG0011304	2	2	2	6
OG0011305	2	2	2	6
OG0011306	2	2	2	6
OG0011307	2	2	2	6
OG0011308	2	2	2	6
OG0011309	2	2	2	6
OG0011310	2	2	2	6
OG0011311	2	2	2	6
OG0011312	2	2	2	6
OG0011313	1	3	2	6
OG0011314	2	2	2	6
OG0011315	2	2	2	6
OG0011316	2	2	2	6
OG0011317	2	2	2	6
OG0011318	1	3	2	6
OG0011319	1	3	2	6
OG0011320	2	2	2	6
OG0011321	2	2	2	6
OG0011322	2	2	2	6
OG0011323	2	2	2	6
OG0011324	2	2	2	6
OG0011325	2	2	2	6
OG0011326	2	2	2	6
OG0011327	2	2	2	6
OG0011328	2	2	2	6
OG0011329	2	2	2	6
OG0011330	2	2	2	6
OG0011331	2	2	2	6
OG0011332	2	2	2	6
OG0011333	2	2	2	6
OG0011334	2	2	2	6
OG0011335	2	2	2	6
OG0011336	2	2	2	6
OG0011337	2	2	2	6
OG0011338	2	2	2	6
OG0011339	2	2	2	6
OG0011340	2	2	2	6
OG0011341	2	2	2	6
OG0011342	2	2	2	6
OG0011343	2	2	2	6
OG0011344	2	2	2	6
OG0011345	2	2	2	6
OG0011346	2	2	2	6
OG0011347	2	2	2	6
OG0011348	2	2	2	6
OG0011349	2	2	2	6
OG0011350	2	2	2	6
OG0011351	2	2	2	6
OG0011352	2	2	2	6
OG0011353	2	2	2	6
OG0011354	2	2	2	6
OG0011355	2	2	2	6
OG0011356	2	2	2	6
OG0011357	2	2	2	6
OG0011358	2	2	2	6
OG0011359	2	2	2	6
OG0011360	2	2	2	6
OG0011361	2	2	2	6
OG0011362	2	2	2	6
OG0011363	2	2	2	6
OG0011364	2	2	2	6
OG0011365	2	2	2	6
OG0011366	2	2	2	6
OG0011367	2	3	1	6
OG0011368	2	2	2	6
OG0011369	2	2	2	6
OG0011370	1	3	2	6
OG0011371	2	2	2	6
OG0011372	2	2	2	6
OG0011373	2	2	2	6
OG0011374	2	2	2	6
OG0011375	2	2	2	6
OG0011376	2	2	2	6
OG0011377	2	2	2	6
OG0011378	2	2	2	6
OG0011379	2	2	2	6
OG0011380	2	2	2	6
OG0011381	2	2	2	6
OG0011382	2	2	2	6
OG0011383	2	2	2	6
OG0011384	2	2	2	6
OG0011385	2	2	2	6
OG0011386	2	2	2	6
OG0011387	1	3	2	6
OG0011388	2	2	2	6
OG0011389	2	2	2	6
OG0011390	2	2	2	6
OG0011391	2	2	2	6
OG0011392	1	3	2	6
OG0011393	2	2	2	6
OG0011394	2	2	2	6
OG0011395	2	2	2	6
OG0011396	2	2	2	6
OG0011397	2	2	2	6
OG0011398	2	2	2	6
OG0011399	1	3	2	6
OG0011400	2	2	2	6
OG0011401	2	2	2	6
OG0011402	1	1	4	6
OG0011403	2	2	2	6
OG0011404	2	2	2	6
OG0011405	2	2	2	6
OG0011406	2	2	2	6
OG0011407	2	2	2	6
OG0011408	2	2	2	6
OG0011409	2	2	2	6
OG0011410	2	2	2	6
OG0011411	2	2	2	6
OG0011412	2	2	2	6
OG0011413	2	2	2	6
OG0011414	2	2	2	6
OG0011415	2	2	2	6
OG0011416	2	2	2	6
OG0011417	4	2	0	6
OG0011418	2	2	2	6
OG0011419	2	2	2	6
OG0011420	2	2	2	6
OG0011421	2	2	2	6
OG0011422	2	2	2	6
OG0011423	2	2	2	6
OG0011424	2	2	2	6
OG0011425	2	2	2	6
OG0011426	2	2	2	6
OG0011427	2	2	2	6
OG0011428	2	2	2	6
OG0011429	2	2	2	6
OG0011430	2	2	2	6
OG0011431	2	2	2	6
OG0011432	2	2	2	6
OG0011433	2	2	2	6
OG0011434	2	2	2	6
OG0011435	2	2	2	6
OG0011436	2	2	2	6
OG0011437	2	2	2	6
OG0011438	2	2	2	6
OG0011439	2	2	2	6
OG0011440	2	2	2	6
OG0011441	2	2	2	6
OG0011442	3	1	2	6
OG0011443	2	2	2	6
OG0011444	2	2	2	6
OG0011445	2	2	2	6
OG0011446	2	2	2	6
OG0011447	2	2	2	6
OG0011448	2	2	2	6
OG0011449	2	2	2	6
OG0011450	2	2	2	6
OG0011451	2	2	2	6
OG0011452	2	2	2	6
OG0011453	2	2	2	6
OG0011454	2	2	2	6
OG0011455	2	2	2	6
OG0011456	2	2	2	6
OG0011457	2	2	2	6
OG0011458	2	2	2	6
OG0011459	2	2	2	6
OG0011460	2	2	2	6
OG0011461	2	2	2	6
OG0011462	2	2	2	6
OG0011463	2	2	2	6
OG0011464	2	2	2	6
OG0011465	2	2	2	6
OG0011466	2	2	2	6
OG0011467	2	2	2	6
OG0011468	2	2	2	6
OG0011469	1	4	1	6
OG0011470	2	2	2	6
OG0011471	2	2	2	6
OG0011472	2	2	2	6
OG0011473	2	2	2	6
OG0011474	2	2	2	6
OG0011475	2	2	2	6
OG0011476	2	2	2	6
OG0011477	2	2	2	6
OG0011478	2	2	2	6
OG0011479	2	2	2	6
OG0011480	1	3	2	6
OG0011481	2	2	2	6
OG0011482	3	2	1	6
OG0011483	2	2	2	6
OG0011484	1	3	2	6
OG0011485	2	2	2	6
OG0011486	2	2	2	6
OG0011487	2	2	2	6
OG0011488	2	2	2	6
OG0011489	2	2	2	6
OG0011490	2	2	2	6
OG0011491	2	2	2	6
OG0011492	2	2	2	6
OG0011493	2	2	2	6
OG0011494	2	2	2	6
OG0011495	2	2	2	6
OG0011496	2	2	2	6
OG0011497	2	2	2	6
OG0011498	2	2	2	6
OG0011499	2	2	2	6
OG0011500	2	2	2	6
OG0011501	2	2	2	6
OG0011502	2	2	2	6
OG0011503	2	2	2	6
OG0011504	2	2	2	6
OG0011505	2	2	2	6
OG0011506	2	2	2	6
OG0011507	2	2	2	6
OG0011508	2	2	2	6
OG0011509	2	2	2	6
OG0011510	2	2	2	6
OG0011511	2	2	2	6
OG0011512	2	2	2	6
OG0011513	2	2	2	6
OG0011514	2	2	2	6
OG0011515	2	2	2	6
OG0011516	2	2	2	6
OG0011517	2	2	2	6
OG0011518	2	2	2	6
OG0011519	2	2	2	6
OG0011520	2	2	2	6
OG0011521	4	2	0	6
OG0011522	2	2	2	6
OG0011523	2	2	2	6
OG0011524	2	2	2	6
OG0011525	2	2	2	6
OG0011526	2	2	2	6
OG0011527	2	2	2	6
OG0011528	2	2	2	6
OG0011529	2	2	2	6
OG0011530	2	2	2	6
OG0011531	2	2	2	6
OG0011532	2	2	2	6
OG0011533	2	2	2	6
OG0011534	2	2	2	6
OG0011535	2	2	2	6
OG0011536	2	2	2	6
OG0011537	1	2	3	6
OG0011538	2	2	2	6
OG0011539	3	2	1	6
OG0011540	2	2	2	6
OG0011541	2	2	2	6
OG0011542	2	2	2	6
OG0011543	2	2	2	6
OG0011544	2	2	2	6
OG0011545	2	2	2	6
OG0011546	2	2	2	6
OG0011547	2	2	2	6
OG0011548	2	2	2	6
OG0011549	2	2	2	6
OG0011550	2	2	2	6
OG0011551	2	2	2	6
OG0011552	2	2	2	6
OG0011553	2	2	2	6
OG0011554	2	2	2	6
OG0011555	2	2	2	6
OG0011556	1	3	2	6
OG0011557	2	2	2	6
OG0011558	2	2	2	6
OG0011559	2	2	2	6
OG0011560	2	2	2	6
OG0011561	2	2	2	6
OG0011562	2	2	2	6
OG0011563	2	2	2	6
OG0011564	2	2	2	6
OG0011565	2	2	2	6
OG0011566	2	2	2	6
OG0011567	3	2	1	6
OG0011568	2	2	2	6
OG0011569	2	2	2	6
OG0011570	2	2	2	6
OG0011571	2	2	2	6
OG0011572	2	2	2	6
OG0011573	2	2	2	6
OG0011574	2	2	2	6
OG0011575	2	2	2	6
OG0011576	2	2	2	6
OG0011577	2	2	2	6
OG0011578	1	3	2	6
OG0011579	2	2	2	6
OG0011580	2	2	2	6
OG0011581	2	2	2	6
OG0011582	2	2	2	6
OG0011583	2	2	2	6
OG0011584	2	2	2	6
OG0011585	2	2	2	6
OG0011586	3	3	0	6
OG0011587	2	2	2	6
OG0011588	2	2	2	6
OG0011589	2	2	2	6
OG0011590	2	2	2	6
OG0011591	2	2	2	6
OG0011592	2	2	2	6
OG0011593	2	2	2	6
OG0011594	2	2	2	6
OG0011595	2	2	2	6
OG0011596	2	2	2	6
OG0011597	2	2	2	6
OG0011598	2	2	2	6
OG0011599	2	2	2	6
OG0011600	2	2	2	6
OG0011601	2	2	2	6
OG0011602	2	2	2	6
OG0011603	2	2	2	6
OG0011604	3	0	3	6
OG0011605	2	2	2	6
OG0011606	2	2	2	6
OG0011607	2	2	2	6
OG0011608	2	2	2	6
OG0011609	2	2	2	6
OG0011610	2	2	2	6
OG0011611	2	2	2	6
OG0011612	2	2	2	6
OG0011613	2	2	2	6
OG0011614	3	1	2	6
OG0011615	3	1	2	6
OG0011616	2	2	2	6
OG0011617	2	2	2	6
OG0011618	2	2	2	6
OG0011619	2	2	2	6
OG0011620	2	2	2	6
OG0011621	2	2	2	6
OG0011622	2	2	2	6
OG0011623	2	2	2	6
OG0011624	2	2	2	6
OG0011625	2	2	2	6
OG0011626	2	2	2	6
OG0011627	2	2	2	6
OG0011628	2	2	2	6
OG0011629	2	2	2	6
OG0011630	2	2	2	6
OG0011631	2	2	2	6
OG0011632	2	2	2	6
OG0011633	2	2	2	6
OG0011634	2	2	2	6
OG0011635	2	2	2	6
OG0011636	2	2	2	6
OG0011637	2	2	2	6
OG0011638	2	2	2	6
OG0011639	2	2	2	6
OG0011640	2	2	2	6
OG0011641	3	1	2	6
OG0011642	3	2	1	6
OG0011643	2	2	2	6
OG0011644	2	2	2	6
OG0011645	2	2	2	6
OG0011646	2	2	2	6
OG0011647	2	2	2	6
OG0011648	2	2	2	6
OG0011649	2	2	2	6
OG0011650	2	2	2	6
OG0011651	2	2	2	6
OG0011652	2	2	2	6
OG0011653	2	2	2	6
OG0011654	2	2	2	6
OG0011655	2	2	2	6
OG0011656	2	2	2	6
OG0011657	2	2	2	6
OG0011658	2	2	2	6
OG0011659	2	2	2	6
OG0011660	3	2	1	6
OG0011661	2	2	2	6
OG0011662	2	2	2	6
OG0011663	2	2	2	6
OG0011664	2	2	2	6
OG0011665	2	2	2	6
OG0011666	2	2	2	6
OG0011667	2	2	2	6
OG0011668	2	2	2	6
OG0011669	1	3	2	6
OG0011670	2	2	2	6
OG0011671	2	2	2	6
OG0011672	2	2	2	6
OG0011673	2	2	2	6
OG0011674	2	2	2	6
OG0011675	2	2	2	6
OG0011676	2	2	2	6
OG0011677	1	3	2	6
OG0011678	2	2	2	6
OG0011679	2	2	2	6
OG0011680	2	2	2	6
OG0011681	2	2	2	6
OG0011682	2	2	2	6
OG0011683	2	2	2	6
OG0011684	2	2	2	6
OG0011685	2	2	2	6
OG0011686	2	2	2	6
OG0011687	2	2	2	6
OG0011688	2	2	2	6
OG0011689	2	2	2	6
OG0011690	2	2	2	6
OG0011691	2	2	2	6
OG0011692	2	2	2	6
OG0011693	2	2	2	6
OG0011694	2	2	2	6
OG0011695	2	2	2	6
OG0011696	2	2	2	6
OG0011697	2	2	2	6
OG0011698	2	2	2	6
OG0011699	2	2	2	6
OG0011700	2	2	2	6
OG0011701	2	2	2	6
OG0011702	2	2	2	6
OG0011703	2	2	2	6
OG0011704	2	2	2	6
OG0011705	2	2	2	6
OG0011706	2	2	2	6
OG0011707	2	2	2	6
OG0011708	2	2	2	6
OG0011709	2	2	2	6
OG0011710	2	2	2	6
OG0011711	2	2	2	6
OG0011712	2	2	2	6
OG0011713	2	2	2	6
OG0011714	2	2	2	6
OG0011715	2	2	2	6
OG0011716	2	2	2	6
OG0011717	2	2	2	6
OG0011718	2	2	2	6
OG0011719	2	2	2	6
OG0011720	2	2	2	6
OG0011721	2	2	2	6
OG0011722	2	2	2	6
OG0011723	2	2	2	6
OG0011724	2	2	2	6
OG0011725	2	2	2	6
OG0011726	2	2	2	6
OG0011727	2	2	2	6
OG0011728	2	2	2	6
OG0011729	2	2	2	6
OG0011730	2	2	2	6
OG0011731	2	2	2	6
OG0011732	2	2	2	6
OG0011733	3	3	0	6
OG0011734	2	2	2	6
OG0011735	2	2	2	6
OG0011736	2	2	2	6
OG0011737	2	2	2	6
OG0011738	2	2	2	6
OG0011739	2	2	2	6
OG0011740	2	2	2	6
OG0011741	2	2	2	6
OG0011742	2	2	2	6
OG0011743	2	2	2	6
OG0011744	2	2	2	6
OG0011745	2	2	2	6
OG0011746	2	2	2	6
OG0011747	2	2	2	6
OG0011748	1	3	2	6
OG0011749	1	3	2	6
OG0011750	2	2	2	6
OG0011751	2	2	2	6
OG0011752	2	2	2	6
OG0011753	2	2	2	6
OG0011754	2	2	2	6
OG0011755	2	2	2	6
OG0011756	2	3	1	6
OG0011757	2	2	2	6
OG0011758	2	2	2	6
OG0011759	1	3	2	6
OG0011760	2	2	2	6
OG0011761	2	2	2	6
OG0011762	1	3	2	6
OG0011763	2	2	2	6
OG0011764	2	2	2	6
OG0011765	2	2	2	6
OG0011766	2	2	2	6
OG0011767	2	2	2	6
OG0011768	2	2	2	6
OG0011769	4	1	1	6
OG0011770	2	2	2	6
OG0011771	2	2	2	6
OG0011772	2	2	2	6
OG0011773	2	2	2	6
OG0011774	2	2	2	6
OG0011775	2	2	2	6
OG0011776	2	2	2	6
OG0011777	2	2	2	6
OG0011778	2	2	2	6
OG0011779	2	2	2	6
OG0011780	2	2	2	6
OG0011781	2	2	2	6
OG0011782	2	2	2	6
OG0011783	2	2	2	6
OG0011784	2	2	2	6
OG0011785	2	2	2	6
OG0011786	2	2	2	6
OG0011787	2	2	2	6
OG0011788	2	2	2	6
OG0011789	2	2	2	6
OG0011790	2	2	2	6
OG0011791	2	2	2	6
OG0011792	2	2	2	6
OG0011793	4	1	1	6
OG0011794	2	2	2	6
OG0011795	2	2	2	6
OG0011796	2	2	2	6
OG0011797	2	2	2	6
OG0011798	2	2	2	6
OG0011799	2	2	2	6
OG0011800	2	2	2	6
OG0011801	2	2	2	6
OG0011802	2	2	2	6
OG0011803	2	2	2	6
OG0011804	2	2	2	6
OG0011805	2	2	2	6
OG0011806	2	2	2	6
OG0011807	2	2	2	6
OG0011808	2	2	2	6
OG0011809	2	2	2	6
OG0011810	3	1	2	6
OG0011811	2	2	2	6
OG0011812	3	1	2	6
OG0011813	2	2	2	6
OG0011814	2	2	2	6
OG0011815	2	2	2	6
OG0011816	3	3	0	6
OG0011817	2	2	2	6
OG0011818	2	3	1	6
OG0011819	2	2	2	6
OG0011820	1	3	2	6
OG0011821	2	2	2	6
OG0011822	2	2	2	6
OG0011823	2	2	2	6
OG0011824	2	2	2	6
OG0011825	2	2	2	6
OG0011826	2	2	2	6
OG0011827	2	2	2	6
OG0011828	2	2	2	6
OG0011829	2	2	2	6
OG0011830	2	2	2	6
OG0011831	2	2	2	6
OG0011832	2	2	2	6
OG0011833	2	2	2	6
OG0011834	2	2	2	6
OG0011835	2	2	2	6
OG0011836	1	3	2	6
OG0011837	2	2	2	6
OG0011838	2	2	2	6
OG0011839	2	2	2	6
OG0011840	2	2	2	6
OG0011841	2	2	2	6
OG0011842	2	2	2	6
OG0011843	2	2	2	6
OG0011844	2	2	2	6
OG0011845	2	2	2	6
OG0011846	2	2	2	6
OG0011847	2	2	2	6
OG0011848	2	2	2	6
OG0011849	2	2	2	6
OG0011850	2	2	2	6
OG0011851	2	2	2	6
OG0011852	2	2	2	6
OG0011853	2	2	2	6
OG0011854	2	2	2	6
OG0011855	2	2	2	6
OG0011856	2	2	2	6
OG0011857	2	2	2	6
OG0011858	2	2	2	6
OG0011859	2	2	2	6
OG0011860	2	2	2	6
OG0011861	2	2	2	6
OG0011862	2	2	2	6
OG0011863	2	2	2	6
OG0011864	2	2	2	6
OG0011865	2	2	2	6
OG0011866	2	2	2	6
OG0011867	2	2	2	6
OG0011868	2	2	2	6
OG0011869	2	2	2	6
OG0011870	2	2	2	6
OG0011871	2	2	2	6
OG0011872	2	2	2	6
OG0011873	2	2	2	6
OG0011874	2	2	2	6
OG0011875	2	2	2	6
OG0011876	2	2	2	6
OG0011877	2	2	2	6
OG0011878	2	2	2	6
OG0011879	2	2	2	6
OG0011880	2	2	2	6
OG0011881	2	2	2	6
OG0011882	2	2	2	6
OG0011883	1	3	2	6
OG0011884	2	2	2	6
OG0011885	2	2	2	6
OG0011886	2	2	2	6
OG0011887	1	3	2	6
OG0011888	2	2	2	6
OG0011889	2	2	2	6
OG0011890	2	2	2	6
OG0011891	2	2	2	6
OG0011892	3	1	2	6
OG0011893	3	2	1	6
OG0011894	2	2	2	6
OG0011895	1	1	4	6
OG0011896	2	2	2	6
OG0011897	2	2	2	6
OG0011898	2	2	2	6
OG0011899	2	2	2	6
OG0011900	2	2	2	6
OG0011901	2	2	2	6
OG0011902	2	0	4	6
OG0011903	2	2	2	6
OG0011904	2	2	2	6
OG0011905	2	2	2	6
OG0011906	2	2	2	6
OG0011907	2	2	2	6
OG0011908	2	2	2	6
OG0011909	2	2	2	6
OG0011910	2	2	2	6
OG0011911	2	2	2	6
OG0011912	2	2	2	6
OG0011913	2	2	2	6
OG0011914	2	2	2	6
OG0011915	2	2	2	6
OG0011916	2	2	2	6
OG0011917	2	2	2	6
OG0011918	2	3	1	6
OG0011919	2	2	2	6
OG0011920	2	2	2	6
OG0011921	2	2	2	6
OG0011922	2	2	2	6
OG0011923	2	2	2	6
OG0011924	2	2	2	6
OG0011925	2	2	2	6
OG0011926	2	2	2	6
OG0011927	2	2	2	6
OG0011928	2	2	2	6
OG0011929	2	2	2	6
OG0011930	2	2	2	6
OG0011931	2	2	2	6
OG0011932	1	3	2	6
OG0011933	2	2	2	6
OG0011934	2	2	2	6
OG0011935	2	2	2	6
OG0011936	2	2	2	6
OG0011937	2	2	2	6
OG0011938	2	2	2	6
OG0011939	2	2	2	6
OG0011940	2	4	0	6
OG0011941	2	2	2	6
OG0011942	2	2	2	6
OG0011943	2	2	2	6
OG0011944	2	2	2	6
OG0011945	2	2	2	6
OG0011946	3	1	2	6
OG0011947	2	2	2	6
OG0011948	2	2	2	6
OG0011949	2	2	2	6
OG0011950	2	2	2	6
OG0011951	2	3	1	6
OG0011952	2	2	2	6
OG0011953	2	2	2	6
OG0011954	2	2	2	6
OG0011955	2	2	2	6
OG0011956	2	2	2	6
OG0011957	2	2	2	6
OG0011958	2	2	2	6
OG0011959	2	2	2	6
OG0011960	2	2	2	6
OG0011961	2	3	1	6
OG0011962	2	2	2	6
OG0011963	2	2	2	6
OG0011964	2	2	2	6
OG0011965	2	2	2	6
OG0011966	2	2	2	6
OG0011967	2	2	2	6
OG0011968	1	0	5	6
OG0011969	2	2	2	6
OG0011970	2	2	2	6
OG0011971	2	2	2	6
OG0011972	2	2	2	6
OG0011973	2	2	2	6
OG0011974	2	2	2	6
OG0011975	4	1	1	6
OG0011976	2	2	2	6
OG0011977	2	2	2	6
OG0011978	2	2	2	6
OG0011979	2	2	2	6
OG0011980	2	2	2	6
OG0011981	2	2	2	6
OG0011982	2	2	2	6
OG0011983	2	2	2	6
OG0011984	2	2	2	6
OG0011985	2	2	2	6
OG0011986	2	2	2	6
OG0011987	2	2	2	6
OG0011988	2	2	2	6
OG0011989	2	2	2	6
OG0011990	1	3	2	6
OG0011991	2	2	2	6
OG0011992	2	2	2	6
OG0011993	2	2	2	6
OG0011994	2	2	2	6
OG0011995	2	2	2	6
OG0011996	2	2	2	6
OG0011997	2	2	2	6
OG0011998	2	2	2	6
OG0011999	2	2	2	6
OG0012000	2	2	2	6
OG0012001	2	2	2	6
OG0012002	2	2	2	6
OG0012003	2	2	2	6
OG0012004	2	2	2	6
OG0012005	2	2	2	6
OG0012006	2	2	2	6
OG0012007	1	3	2	6
OG0012008	2	2	2	6
OG0012009	2	2	2	6
OG0012010	2	2	2	6
OG0012011	2	2	2	6
OG0012012	2	2	2	6
OG0012013	2	2	2	6
OG0012014	2	2	2	6
OG0012015	2	2	2	6
OG0012016	1	3	2	6
OG0012017	2	2	2	6
OG0012018	2	2	2	6
OG0012019	2	2	2	6
OG0012020	2	2	2	6
OG0012021	1	3	2	6
OG0012022	2	2	2	6
OG0012023	2	2	2	6
OG0012024	2	2	2	6
OG0012025	1	3	2	6
OG0012026	2	2	2	6
OG0012027	2	2	2	6
OG0012028	2	2	2	6
OG0012029	2	2	2	6
OG0012030	1	3	2	6
OG0012031	2	2	2	6
OG0012032	2	2	2	6
OG0012033	2	2	2	6
OG0012034	2	2	2	6
OG0012035	2	2	2	6
OG0012036	2	2	2	6
OG0012037	2	2	2	6
OG0012038	2	2	2	6
OG0012039	4	1	1	6
OG0012040	2	2	2	6
OG0012041	1	3	2	6
OG0012042	2	2	2	6
OG0012043	2	2	2	6
OG0012044	2	2	2	6
OG0012045	2	2	2	6
OG0012046	2	2	2	6
OG0012047	2	2	2	6
OG0012048	2	2	2	6
OG0012049	2	2	2	6
OG0012050	2	2	2	6
OG0012051	1	3	2	6
OG0012052	2	2	2	6
OG0012053	2	2	2	6
OG0012054	1	3	2	6
OG0012055	2	2	2	6
OG0012056	2	2	2	6
OG0012057	3	2	1	6
OG0012058	2	2	2	6
OG0012059	1	4	1	6
OG0012060	3	1	2	6
OG0012061	2	2	2	6
OG0012062	2	2	2	6
OG0012063	2	2	2	6
OG0012064	2	2	2	6
OG0012065	2	2	2	6
OG0012066	2	2	2	6
OG0012067	2	2	2	6
OG0012068	1	2	3	6
OG0012069	2	2	2	6
OG0012070	2	2	2	6
OG0012071	2	2	2	6
OG0012072	2	1	3	6
OG0012073	2	2	2	6
OG0012074	2	2	2	6
OG0012075	2	2	2	6
OG0012076	2	2	2	6
OG0012077	2	2	2	6
OG0012078	2	2	2	6
OG0012079	2	2	2	6
OG0012080	2	2	2	6
OG0012081	2	2	2	6
OG0012082	2	2	2	6
OG0012083	2	2	2	6
OG0012084	2	2	2	6
OG0012085	2	2	2	6
OG0012086	2	2	2	6
OG0012087	2	2	2	6
OG0012088	2	2	2	6
OG0012089	2	2	2	6
OG0012090	2	2	2	6
OG0012091	2	2	2	6
OG0012092	2	2	2	6
OG0012093	2	2	2	6
OG0012094	2	2	2	6
OG0012095	2	2	2	6
OG0012096	2	2	2	6
OG0012097	2	2	2	6
OG0012098	2	2	2	6
OG0012099	2	2	2	6
OG0012100	2	2	2	6
OG0012101	2	2	2	6
OG0012102	2	2	2	6
OG0012103	2	2	2	6
OG0012104	1	3	2	6
OG0012105	2	2	2	6
OG0012106	2	2	2	6
OG0012107	2	2	2	6
OG0012108	2	2	2	6
OG0012109	2	2	2	6
OG0012110	2	2	2	6
OG0012111	2	2	2	6
OG0012112	2	2	2	6
OG0012113	2	2	2	6
OG0012114	1	3	2	6
OG0012115	2	2	2	6
OG0012116	2	2	2	6
OG0012117	2	2	2	6
OG0012118	2	2	2	6
OG0012119	2	2	2	6
OG0012120	2	2	2	6
OG0012121	2	2	2	6
OG0012122	2	2	2	6
OG0012123	2	2	2	6
OG0012124	2	2	2	6
OG0012125	2	2	2	6
OG0012126	2	2	2	6
OG0012127	2	2	2	6
OG0012128	2	2	2	6
OG0012129	2	2	2	6
OG0012130	2	2	2	6
OG0012131	2	2	2	6
OG0012132	2	2	2	6
OG0012133	2	2	2	6
OG0012134	2	2	2	6
OG0012135	1	3	2	6
OG0012136	2	2	2	6
OG0012137	2	2	2	6
OG0012138	2	2	2	6
OG0012139	2	2	2	6
OG0012140	2	2	2	6
OG0012141	2	2	2	6
OG0012142	2	2	2	6
OG0012143	2	2	2	6
OG0012144	2	2	2	6
OG0012145	2	2	2	6
OG0012146	2	2	2	6
OG0012147	2	2	2	6
OG0012148	1	3	2	6
OG0012149	2	2	2	6
OG0012150	2	2	2	6
OG0012151	3	1	2	6
OG0012152	2	2	2	6
OG0012153	2	2	2	6
OG0012154	2	2	2	6
OG0012155	2	2	2	6
OG0012156	2	2	2	6
OG0012157	2	2	2	6
OG0012158	2	2	2	6
OG0012159	2	2	2	6
OG0012160	1	3	2	6
OG0012161	2	2	2	6
OG0012162	2	2	2	6
OG0012163	2	2	2	6
OG0012164	2	2	2	6
OG0012165	2	2	2	6
OG0012166	2	2	2	6
OG0012167	2	2	2	6
OG0012168	2	2	2	6
OG0012169	2	2	2	6
OG0012170	2	2	2	6
OG0012171	2	2	2	6
OG0012172	2	2	2	6
OG0012173	2	2	2	6
OG0012174	2	2	2	6
OG0012175	2	2	2	6
OG0012176	2	2	2	6
OG0012177	2	2	2	6
OG0012178	2	2	2	6
OG0012179	2	2	2	6
OG0012180	2	2	2	6
OG0012181	2	2	2	6
OG0012182	2	2	2	6
OG0012183	2	2	2	6
OG0012184	2	2	2	6
OG0012185	2	2	2	6
OG0012186	2	2	2	6
OG0012187	2	2	2	6
OG0012188	2	2	2	6
OG0012189	2	2	2	6
OG0012190	2	2	2	6
OG0012191	2	2	2	6
OG0012192	2	2	2	6
OG0012193	2	2	2	6
OG0012194	2	2	2	6
OG0012195	2	2	2	6
OG0012196	2	2	2	6
OG0012197	2	2	2	6
OG0012198	2	2	2	6
OG0012199	2	2	2	6
OG0012200	2	2	2	6
OG0012201	1	3	2	6
OG0012202	1	3	2	6
OG0012203	2	2	2	6
OG0012204	2	2	2	6
OG0012205	2	2	2	6
OG0012206	2	2	2	6
OG0012207	2	2	2	6
OG0012208	2	2	2	6
OG0012209	2	2	2	6
OG0012210	2	2	2	6
OG0012211	2	2	2	6
OG0012212	2	2	2	6
OG0012213	2	2	2	6
OG0012214	2	2	2	6
OG0012215	2	2	2	6
OG0012216	2	2	2	6
OG0012217	3	1	2	6
OG0012218	2	2	2	6
OG0012219	2	2	2	6
OG0012220	2	2	2	6
OG0012221	2	2	2	6
OG0012222	2	2	2	6
OG0012223	2	2	2	6
OG0012224	1	3	2	6
OG0012225	2	2	2	6
OG0012226	2	2	2	6
OG0012227	2	2	2	6
OG0012228	2	2	2	6
OG0012229	4	1	1	6
OG0012230	2	2	2	6
OG0012231	2	2	2	6
OG0012232	1	3	2	6
OG0012233	2	2	2	6
OG0012234	2	2	2	6
OG0012235	2	2	2	6
OG0012236	2	2	2	6
OG0012237	2	2	2	6
OG0012238	2	2	2	6
OG0012239	2	2	2	6
OG0012240	2	2	2	6
OG0012241	2	2	2	6
OG0012242	2	2	2	6
OG0012243	3	3	0	6
OG0012244	2	2	2	6
OG0012245	2	2	2	6
OG0012246	2	2	2	6
OG0012247	2	2	2	6
OG0012248	2	2	2	6
OG0012249	2	2	2	6
OG0012250	2	2	2	6
OG0012251	2	2	2	6
OG0012252	2	2	2	6
OG0012253	2	2	2	6
OG0012254	2	2	2	6
OG0012255	2	2	2	6
OG0012256	2	2	2	6
OG0012257	2	2	2	6
OG0012258	2	2	2	6
OG0012259	2	2	2	6
OG0012260	2	2	2	6
OG0012261	2	2	2	6
OG0012262	2	3	1	6
OG0012263	1	3	2	6
OG0012264	2	2	2	6
OG0012265	2	2	2	6
OG0012266	2	2	2	6
OG0012267	1	3	2	6
OG0012268	5	1	0	6
OG0012269	5	1	0	6
OG0012270	2	2	2	6
OG0012271	1	3	2	6
OG0012272	2	2	2	6
OG0012273	2	2	2	6
OG0012274	2	3	1	6
OG0012275	2	3	1	6
OG0012276	2	2	2	6
OG0012277	1	3	2	6
OG0012278	2	2	2	6
OG0012279	1	3	2	6
OG0012280	2	2	2	6
OG0012281	2	2	2	6
OG0012282	2	2	2	6
OG0012283	2	2	2	6
OG0012284	2	2	2	6
OG0012285	2	2	2	6
OG0012286	2	2	2	6
OG0012287	1	3	2	6
OG0012288	2	0	4	6
OG0012289	4	1	1	6
OG0012290	2	2	2	6
OG0012291	2	2	2	6
OG0012292	1	4	1	6
OG0012293	4	1	1	6
OG0012294	2	2	2	6
OG0012295	1	3	2	6
OG0012296	2	1	3	6
OG0012297	2	2	2	6
OG0012298	1	3	2	6
OG0012299	4	2	0	6
OG0012300	3	3	0	6
OG0012301	3	1	2	6
OG0012302	5	1	0	6
OG0012303	4	1	1	6
OG0012304	3	2	1	6
OG0012305	1	3	2	6
OG0012306	1	5	0	6
OG0012307	2	2	2	6
OG0012308	2	3	1	6
OG0012309	2	2	2	6
OG0012310	1	3	2	6
OG0012311	1	3	2	6
OG0012312	1	3	2	6
OG0012313	2	2	2	6
OG0012314	2	1	3	6
OG0012315	3	1	2	6
OG0012316	2	2	2	6
OG0012317	1	3	2	6
OG0012318	1	3	2	6
OG0012319	1	3	2	6
OG0012320	1	3	2	6
OG0012321	1	3	2	6
OG0012322	1	3	2	6
OG0012323	2	2	2	6
OG0012324	2	2	2	6
OG0012325	2	2	2	6
OG0012326	2	3	1	6
OG0012327	2	2	2	6
OG0012328	2	2	2	6
OG0012329	2	2	2	6
OG0012330	2	2	2	6
OG0012331	2	2	2	6
OG0012332	2	2	2	6
OG0012333	2	2	2	6
OG0012334	2	2	2	6
OG0012335	4	1	1	6
OG0012336	2	2	2	6
OG0012337	2	2	2	6
OG0012338	2	2	2	6
OG0012339	2	2	2	6
OG0012340	2	2	2	6
OG0012341	2	2	2	6
OG0012342	1	0	5	6
OG0012343	2	4	0	6
OG0012344	1	3	2	6
OG0012345	3	2	1	6
OG0012346	2	2	2	6
OG0012347	2	2	2	6
OG0012348	2	2	2	6
OG0012349	2	2	2	6
OG0012350	2	2	2	6
OG0012351	2	2	2	6
OG0012352	2	2	2	6
OG0012353	2	2	2	6
OG0012354	2	2	2	6
OG0012355	2	2	2	6
OG0012356	2	2	2	6
OG0012357	2	2	2	6
OG0012358	2	2	2	6
OG0012359	2	2	2	6
OG0012360	2	2	2	6
OG0012361	2	2	2	6
OG0012362	2	2	2	6
OG0012363	2	2	2	6
OG0012364	3	2	1	6
OG0012365	2	2	2	6
OG0012366	1	3	2	6
OG0012367	2	2	2	6
OG0012368	2	2	2	6
OG0012369	2	2	2	6
OG0012370	2	2	2	6
OG0012371	2	2	2	6
OG0012372	2	2	2	6
OG0012373	2	2	2	6
OG0012374	2	2	2	6
OG0012375	2	2	2	6
OG0012376	2	2	2	6
OG0012377	2	2	2	6
OG0012378	2	2	2	6
OG0012379	2	2	2	6
OG0012380	2	2	2	6
OG0012381	1	3	2	6
OG0012382	2	2	2	6
OG0012383	2	2	2	6
OG0012384	2	2	2	6
OG0012385	2	2	2	6
OG0012386	2	2	2	6
OG0012387	2	2	2	6
OG0012388	2	2	2	6
OG0012389	3	2	1	6
OG0012390	2	2	2	6
OG0012391	2	2	2	6
OG0012392	2	2	2	6
OG0012393	2	2	2	6
OG0012394	2	2	2	6
OG0012395	2	2	2	6
OG0012396	2	2	2	6
OG0012397	2	2	2	6
OG0012398	2	2	2	6
OG0012399	2	2	2	6
OG0012400	2	2	2	6
OG0012401	2	2	2	6
OG0012402	2	2	2	6
OG0012403	3	1	2	6
OG0012404	2	2	2	6
OG0012405	2	2	2	6
OG0012406	2	2	2	6
OG0012407	2	2	2	6
OG0012408	2	2	2	6
OG0012409	2	2	2	6
OG0012410	2	2	2	6
OG0012411	2	2	2	6
OG0012412	2	2	2	6
OG0012413	2	2	2	6
OG0012414	2	2	2	6
OG0012415	2	2	2	6
OG0012416	2	2	2	6
OG0012417	2	2	2	6
OG0012418	2	2	2	6
OG0012419	2	2	2	6
OG0012420	2	3	1	6
OG0012421	2	2	2	6
OG0012422	2	2	2	6
OG0012423	2	2	2	6
OG0012424	2	2	2	6
OG0012425	1	3	2	6
OG0012426	2	2	2	6
OG0012427	2	2	2	6
OG0012428	2	2	2	6
OG0012429	2	2	2	6
OG0012430	2	2	2	6
OG0012431	2	2	2	6
OG0012432	2	2	2	6
OG0012433	2	2	2	6
OG0012434	2	2	2	6
OG0012435	2	2	2	6
OG0012436	2	2	2	6
OG0012437	2	2	2	6
OG0012438	2	2	2	6
OG0012439	2	2	2	6
OG0012440	2	2	2	6
OG0012441	2	2	2	6
OG0012442	2	2	2	6
OG0012443	2	2	2	6
OG0012444	2	2	2	6
OG0012445	2	2	2	6
OG0012446	2	2	2	6
OG0012447	2	2	2	6
OG0012448	2	2	2	6
OG0012449	2	2	2	6
OG0012450	2	2	2	6
OG0012451	2	2	2	6
OG0012452	2	3	1	6
OG0012453	2	2	2	6
OG0012454	2	2	2	6
OG0012455	1	3	2	6
OG0012456	2	2	2	6
OG0012457	2	2	2	6
OG0012458	2	2	2	6
OG0012459	2	2	2	6
OG0012460	2	2	2	6
OG0012461	2	2	2	6
OG0012462	2	3	1	6
OG0012463	2	2	2	6
OG0012464	2	2	2	6
OG0012465	2	2	2	6
OG0012466	2	2	2	6
OG0012467	2	2	2	6
OG0012468	2	2	2	6
OG0012469	2	2	2	6
OG0012470	2	2	2	6
OG0012471	2	2	2	6
OG0012472	2	2	2	6
OG0012473	2	2	2	6
OG0012474	2	2	2	6
OG0012475	2	2	2	6
OG0012476	2	2	2	6
OG0012477	2	2	2	6
OG0012478	2	2	2	6
OG0012479	2	2	2	6
OG0012480	2	2	2	6
OG0012481	2	2	2	6
OG0012482	2	2	2	6
OG0012483	1	3	2	6
OG0012484	2	2	2	6
OG0012485	2	2	2	6
OG0012486	2	2	2	6
OG0012487	2	2	2	6
OG0012488	2	2	2	6
OG0012489	1	3	2	6
OG0012490	2	3	1	6
OG0012491	2	2	2	6
OG0012492	2	2	2	6
OG0012493	1	3	2	6
OG0012494	2	2	2	6
OG0012495	2	2	2	6
OG0012496	2	2	2	6
OG0012497	2	2	2	6
OG0012498	2	2	2	6
OG0012499	2	2	2	6
OG0012500	2	2	2	6
OG0012501	2	2	2	6
OG0012502	2	2	2	6
OG0012503	2	2	2	6
OG0012504	2	2	2	6
OG0012505	2	2	2	6
OG0012506	2	2	2	6
OG0012507	2	2	2	6
OG0012508	2	2	2	6
OG0012509	2	2	2	6
OG0012510	2	2	2	6
OG0012511	2	2	2	6
OG0012512	2	2	2	6
OG0012513	2	2	2	6
OG0012514	2	2	2	6
OG0012515	2	2	2	6
OG0012516	2	2	2	6
OG0012517	5	0	1	6
OG0012518	2	2	2	6
OG0012519	1	3	2	6
OG0012520	2	2	2	6
OG0012521	2	2	2	6
OG0012522	2	2	2	6
OG0012523	2	2	2	6
OG0012524	2	2	2	6
OG0012525	2	2	2	6
OG0012526	2	2	2	6
OG0012527	2	2	2	6
OG0012528	2	2	2	6
OG0012529	2	2	2	6
OG0012530	2	2	2	6
OG0012531	2	2	2	6
OG0012532	2	2	2	6
OG0012533	2	2	2	6
OG0012534	2	2	2	6
OG0012535	2	2	2	6
OG0012536	2	2	2	6
OG0012537	2	2	2	6
OG0012538	2	2	2	6
OG0012539	2	2	2	6
OG0012540	2	2	2	6
OG0012541	2	2	2	6
OG0012542	2	2	2	6
OG0012543	2	2	2	6
OG0012544	2	2	2	6
OG0012545	1	3	2	6
OG0012546	2	2	2	6
OG0012547	2	2	2	6
OG0012548	1	3	2	6
OG0012549	2	2	2	6
OG0012550	2	2	2	6
OG0012551	2	2	2	6
OG0012552	3	1	2	6
OG0012553	2	2	2	6
OG0012554	2	2	2	6
OG0012555	2	2	2	6
OG0012556	2	2	2	6
OG0012557	2	2	2	6
OG0012558	2	2	2	6
OG0012559	2	2	2	6
OG0012560	1	3	2	6
OG0012561	2	2	2	6
OG0012562	2	2	2	6
OG0012563	2	2	2	6
OG0012564	2	2	2	6
OG0012565	2	2	2	6
OG0012566	1	3	2	6
OG0012567	2	2	2	6
OG0012568	2	2	2	6
OG0012569	2	2	2	6
OG0012570	2	2	2	6
OG0012571	2	2	2	6
OG0012572	2	2	2	6
OG0012573	3	2	1	6
OG0012574	2	2	2	6
OG0012575	2	2	2	6
OG0012576	2	2	2	6
OG0012577	2	2	2	6
OG0012578	2	2	2	6
OG0012579	2	2	2	6
OG0012580	2	2	2	6
OG0012581	2	2	2	6
OG0012582	2	2	2	6
OG0012583	2	2	2	6
OG0012584	2	2	2	6
OG0012585	1	3	2	6
OG0012586	2	2	2	6
OG0012587	2	2	2	6
OG0012588	2	2	2	6
OG0012589	2	2	2	6
OG0012590	2	2	2	6
OG0012591	2	2	2	6
OG0012592	2	2	2	6
OG0012593	2	3	1	6
OG0012594	2	2	2	6
OG0012595	2	2	2	6
OG0012596	2	2	2	6
OG0012597	2	2	2	6
OG0012598	4	0	2	6
OG0012599	2	2	2	6
OG0012600	2	2	2	6
OG0012601	2	2	2	6
OG0012602	2	2	2	6
OG0012603	2	2	2	6
OG0012604	2	2	2	6
OG0012605	2	2	2	6
OG0012606	2	2	2	6
OG0012607	2	2	2	6
OG0012608	2	2	2	6
OG0012609	2	2	2	6
OG0012610	2	2	2	6
OG0012611	2	2	2	6
OG0012612	2	3	1	6
OG0012613	2	2	2	6
OG0012614	2	2	2	6
OG0012615	2	2	2	6
OG0012616	1	3	2	6
OG0012617	2	2	2	6
OG0012618	2	2	2	6
OG0012619	2	2	2	6
OG0012620	2	2	2	6
OG0012621	2	2	2	6
OG0012622	2	2	2	6
OG0012623	2	2	2	6
OG0012624	2	2	2	6
OG0012625	2	2	2	6
OG0012626	2	2	2	6
OG0012627	2	2	2	6
OG0012628	2	2	2	6
OG0012629	2	2	2	6
OG0012630	2	2	2	6
OG0012631	2	2	2	6
OG0012632	2	2	2	6
OG0012633	2	2	2	6
OG0012634	2	2	2	6
OG0012635	2	2	2	6
OG0012636	2	2	2	6
OG0012637	2	2	2	6
OG0012638	2	2	2	6
OG0012639	2	2	2	6
OG0012640	2	2	2	6
OG0012641	2	2	2	6
OG0012642	2	2	2	6
OG0012643	1	3	2	6
OG0012644	1	3	2	6
OG0012645	1	3	2	6
OG0012646	1	3	2	6
OG0012647	3	2	1	6
OG0012648	1	3	2	6
OG0012649	1	3	2	6
OG0012650	1	3	2	6
OG0012651	2	2	2	6
OG0012652	1	3	2	6
OG0012653	2	3	1	6
OG0012654	2	2	2	6
OG0012655	1	3	2	6
OG0012656	4	1	1	6
OG0012657	1	3	2	6
OG0012658	1	3	2	6
OG0012659	5	1	0	6
OG0012660	1	3	2	6
OG0012661	1	3	2	6
OG0012662	1	4	1	6
OG0012663	2	2	2	6
OG0012664	2	2	2	6
OG0012665	2	2	2	6
OG0012666	2	2	2	6
OG0012667	2	2	2	6
OG0012668	2	2	2	6
OG0012669	2	2	2	6
OG0012670	2	2	2	6
OG0012671	2	2	2	6
OG0012672	3	1	2	6
OG0012673	2	2	2	6
OG0012674	2	2	2	6
OG0012675	2	2	2	6
OG0012676	2	2	2	6
OG0012677	2	2	2	6
OG0012678	2	2	2	6
OG0012679	2	2	2	6
OG0012680	4	1	1	6
OG0012681	2	2	2	6
OG0012682	2	2	2	6
OG0012683	2	2	2	6
OG0012684	2	2	2	6
OG0012685	2	2	2	6
OG0012686	2	2	2	6
OG0012687	2	2	2	6
OG0012688	2	2	2	6
OG0012689	2	2	2	6
OG0012690	2	2	2	6
OG0012691	2	2	2	6
OG0012692	2	2	2	6
OG0012693	2	2	2	6
OG0012694	2	2	2	6
OG0012695	2	2	2	6
OG0012696	2	2	2	6
OG0012697	2	2	2	6
OG0012698	2	2	2	6
OG0012699	2	2	2	6
OG0012700	2	2	2	6
OG0012701	2	2	2	6
OG0012702	2	2	2	6
OG0012703	2	2	2	6
OG0012704	2	2	2	6
OG0012705	2	2	2	6
OG0012706	2	2	2	6
OG0012707	2	2	2	6
OG0012708	2	2	2	6
OG0012709	2	2	2	6
OG0012710	2	2	2	6
OG0012711	2	2	2	6
OG0012712	2	2	2	6
OG0012713	2	2	2	6
OG0012714	2	2	2	6
OG0012715	2	2	2	6
OG0012716	2	2	2	6
OG0012717	2	2	2	6
OG0012718	2	2	2	6
OG0012719	2	2	2	6
OG0012720	2	2	2	6
OG0012721	2	2	2	6
OG0012722	2	2	2	6
OG0012723	2	2	2	6
OG0012724	2	2	2	6
OG0012725	2	2	2	6
OG0012726	2	2	2	6
OG0012727	2	2	2	6
OG0012728	2	3	1	6
OG0012729	2	2	2	6
OG0012730	2	3	1	6
OG0012731	2	2	2	6
OG0012732	2	2	2	6
OG0012733	2	2	2	6
OG0012734	2	2	2	6
OG0012735	2	2	2	6
OG0012736	2	2	2	6
OG0012737	2	3	1	6
OG0012738	2	2	2	6
OG0012739	2	2	2	6
OG0012740	2	2	2	6
OG0012741	1	3	2	6
OG0012742	5	1	0	6
OG0012743	2	2	2	6
OG0012744	2	2	2	6
OG0012745	2	2	2	6
OG0012746	2	2	2	6
OG0012747	2	2	2	6
OG0012748	2	2	2	6
OG0012749	2	2	2	6
OG0012750	2	2	2	6
OG0012751	2	2	2	6
OG0012752	2	2	2	6
OG0012753	2	2	2	6
OG0012754	2	2	2	6
OG0012755	2	2	2	6
OG0012756	2	2	2	6
OG0012757	2	2	2	6
OG0012758	2	2	2	6
OG0012759	2	2	2	6
OG0012760	2	2	2	6
OG0012761	2	2	2	6
OG0012762	2	2	2	6
OG0012763	2	3	1	6
OG0012764	2	2	2	6
OG0012765	2	2	2	6
OG0012766	2	2	2	6
OG0012767	2	2	2	6
OG0012768	2	2	2	6
OG0012769	2	2	2	6
OG0012770	2	2	2	6
OG0012771	2	2	2	6
OG0012772	2	2	2	6
OG0012773	2	2	2	6
OG0012774	2	2	2	6
OG0012775	2	2	2	6
OG0012776	2	2	2	6
OG0012777	2	2	2	6
OG0012778	2	0	4	6
OG0012779	2	2	2	6
OG0012780	2	2	2	6
OG0012781	2	2	2	6
OG0012782	2	2	2	6
OG0012783	2	2	2	6
OG0012784	2	2	2	6
OG0012785	2	2	2	6
OG0012786	2	2	2	6
OG0012787	2	2	2	6
OG0012788	2	2	2	6
OG0012789	2	2	2	6
OG0012790	2	2	2	6
OG0012791	2	2	2	6
OG0012792	2	2	2	6
OG0012793	2	2	2	6
OG0012794	2	2	2	6
OG0012795	2	2	2	6
OG0012796	2	2	2	6
OG0012797	2	2	2	6
OG0012798	2	2	2	6
OG0012799	2	2	2	6
OG0012800	2	2	2	6
OG0012801	2	2	2	6
OG0012802	2	2	2	6
OG0012803	5	1	0	6
OG0012804	2	2	2	6
OG0012805	2	2	2	6
OG0012806	2	2	2	6
OG0012807	2	2	2	6
OG0012808	2	2	2	6
OG0012809	2	2	2	6
OG0012810	2	2	2	6
OG0012811	2	2	2	6
OG0012812	2	2	2	6
OG0012813	2	2	2	6
OG0012814	2	2	2	6
OG0012815	2	2	2	6
OG0012816	2	2	2	6
OG0012817	2	2	2	6
OG0012818	2	2	2	6
OG0012819	2	2	2	6
OG0012820	2	2	2	6
OG0012821	2	2	2	6
OG0012822	2	2	2	6
OG0012823	2	2	2	6
OG0012824	2	2	2	6
OG0012825	2	2	2	6
OG0012826	2	2	2	6
OG0012827	2	2	2	6
OG0012828	2	2	2	6
OG0012829	2	2	2	6
OG0012830	2	2	2	6
OG0012831	2	2	2	6
OG0012832	2	2	2	6
OG0012833	2	2	2	6
OG0012834	2	2	2	6
OG0012835	2	2	2	6
OG0012836	2	2	2	6
OG0012837	2	2	2	6
OG0012838	2	2	2	6
OG0012839	2	2	2	6
OG0012840	2	2	2	6
OG0012841	2	2	2	6
OG0012842	2	2	2	6
OG0012843	2	2	2	6
OG0012844	2	2	2	6
OG0012845	2	2	2	6
OG0012846	2	2	2	6
OG0012847	2	2	2	6
OG0012848	2	2	2	6
OG0012849	2	2	2	6
OG0012850	2	2	2	6
OG0012851	2	2	2	6
OG0012852	2	2	2	6
OG0012853	2	2	2	6
OG0012854	2	2	2	6
OG0012855	2	2	2	6
OG0012856	2	2	2	6
OG0012857	2	2	2	6
OG0012858	1	3	2	6
OG0012859	2	2	2	6
OG0012860	2	2	2	6
OG0012861	2	2	2	6
OG0012862	2	2	2	6
OG0012863	3	1	2	6
OG0012864	2	2	2	6
OG0012865	2	2	2	6
OG0012866	2	2	2	6
OG0012867	2	2	2	6
OG0012868	2	2	2	6
OG0012869	2	2	2	6
OG0012870	2	2	2	6
OG0012871	2	2	2	6
OG0012872	2	2	2	6
OG0012873	1	1	4	6
OG0012874	2	2	2	6
OG0012875	2	2	2	6
OG0012876	2	2	2	6
OG0012877	2	2	2	6
OG0012878	1	3	2	6
OG0012879	2	2	2	6
OG0012880	2	2	2	6
OG0012881	2	2	2	6
OG0012882	2	2	2	6
OG0012883	2	2	2	6
OG0012884	2	2	2	6
OG0012885	2	2	2	6
OG0012886	2	2	2	6
OG0012887	2	2	2	6
OG0012888	2	2	2	6
OG0012889	2	2	2	6
OG0012890	2	2	2	6
OG0012891	2	2	2	6
OG0012892	2	2	2	6
OG0012893	2	2	2	6
OG0012894	2	2	2	6
OG0012895	1	3	2	6
OG0012896	2	2	2	6
OG0012897	2	2	2	6
OG0012898	2	2	2	6
OG0012899	2	2	2	6
OG0012900	1	3	2	6
OG0012901	2	2	2	6
OG0012902	2	2	2	6
OG0012903	2	2	2	6
OG0012904	2	2	2	6
OG0012905	2	2	2	6
OG0012906	2	2	2	6
OG0012907	2	0	4	6
OG0012908	2	2	2	6
OG0012909	2	2	2	6
OG0012910	2	2	2	6
OG0012911	1	3	2	6
OG0012912	2	2	2	6
OG0012913	2	2	2	6
OG0012914	2	2	2	6
OG0012915	2	2	2	6
OG0012916	2	2	2	6
OG0012917	2	2	2	6
OG0012918	2	2	2	6
OG0012919	2	2	2	6
OG0012920	1	3	2	6
OG0012921	2	2	2	6
OG0012922	2	2	2	6
OG0012923	2	2	2	6
OG0012924	2	2	2	6
OG0012925	2	2	2	6
OG0012926	1	3	2	6
OG0012927	2	2	2	6
OG0012928	2	2	2	6
OG0012929	2	2	2	6
OG0012930	2	2	2	6
OG0012931	2	2	2	6
OG0012932	2	2	2	6
OG0012933	1	3	2	6
OG0012934	2	2	2	6
OG0012935	2	2	2	6
OG0012936	2	2	2	6
OG0012937	2	2	2	6
OG0012938	2	2	2	6
OG0012939	2	2	2	6
OG0012940	2	2	2	6
OG0012941	2	2	2	6
OG0012942	2	2	2	6
OG0012943	2	2	2	6
OG0012944	1	3	2	6
OG0012945	2	2	2	6
OG0012946	2	2	2	6
OG0012947	3	2	1	6
OG0012948	2	3	1	6
OG0012949	2	2	2	6
OG0012950	2	2	2	6
OG0012951	2	2	2	6
OG0012952	2	2	2	6
OG0012953	2	2	2	6
OG0012954	2	2	2	6
OG0012955	2	2	2	6
OG0012956	2	2	2	6
OG0012957	2	2	2	6
OG0012958	2	2	2	6
OG0012959	2	2	2	6
OG0012960	2	2	2	6
OG0012961	2	2	2	6
OG0012962	2	2	2	6
OG0012963	2	2	2	6
OG0012964	2	2	2	6
OG0012965	2	2	2	6
OG0012966	2	2	2	6
OG0012967	2	2	2	6
OG0012968	2	2	2	6
OG0012969	2	2	2	6
OG0012970	1	3	2	6
OG0012971	2	2	2	6
OG0012972	2	2	2	6
OG0012973	2	2	2	6
OG0012974	3	2	1	6
OG0012975	2	2	2	6
OG0012976	2	2	2	6
OG0012977	2	2	2	6
OG0012978	2	2	2	6
OG0012979	3	2	1	6
OG0012980	2	2	2	6
OG0012981	2	2	2	6
OG0012982	2	2	2	6
OG0012983	2	2	2	6
OG0012984	2	2	2	6
OG0012985	2	2	2	6
OG0012986	2	2	2	6
OG0012987	2	2	2	6
OG0012988	2	2	2	6
OG0012989	2	3	1	6
OG0012990	2	2	2	6
OG0012991	2	2	2	6
OG0012992	2	2	2	6
OG0012993	2	2	2	6
OG0012994	2	2	2	6
OG0012995	2	2	2	6
OG0012996	2	2	2	6
OG0012997	2	2	2	6
OG0012998	2	2	2	6
OG0012999	2	2	2	6
OG0013000	2	2	2	6
OG0013001	2	2	2	6
OG0013002	2	2	2	6
OG0013003	2	2	2	6
OG0013004	1	1	4	6
OG0013005	3	2	1	6
OG0013006	3	3	0	6
OG0013007	2	2	2	6
OG0013008	2	2	2	6
OG0013009	2	2	2	6
OG0013010	2	2	2	6
OG0013011	2	2	2	6
OG0013012	2	2	2	6
OG0013013	2	2	2	6
OG0013014	2	2	2	6
OG0013015	2	3	1	6
OG0013016	2	2	2	6
OG0013017	2	2	2	6
OG0013018	2	2	2	6
OG0013019	1	3	2	6
OG0013020	2	2	2	6
OG0013021	2	2	2	6
OG0013022	2	2	2	6
OG0013023	2	2	2	6
OG0013024	1	3	2	6
OG0013025	2	2	2	6
OG0013026	2	2	2	6
OG0013027	2	2	2	6
OG0013028	2	2	2	6
OG0013029	2	2	2	6
OG0013030	2	2	2	6
OG0013031	2	2	2	6
OG0013032	2	2	2	6
OG0013033	3	2	1	6
OG0013034	2	2	2	6
OG0013035	2	2	2	6
OG0013036	3	2	1	6
OG0013037	2	2	2	6
OG0013038	2	2	2	6
OG0013039	2	2	2	6
OG0013040	2	2	2	6
OG0013041	1	3	2	6
OG0013042	2	2	2	6
OG0013043	2	2	2	6
OG0013044	2	2	2	6
OG0013045	2	2	2	6
OG0013046	2	2	2	6
OG0013047	2	2	2	6
OG0013048	2	2	2	6
OG0013049	2	2	2	6
OG0013050	2	2	2	6
OG0013051	2	2	2	6
OG0013052	2	2	2	6
OG0013053	2	2	2	6
OG0013054	2	2	2	6
OG0013055	2	2	2	6
OG0013056	2	2	2	6
OG0013057	2	2	2	6
OG0013058	2	2	2	6
OG0013059	2	2	2	6
OG0013060	2	2	2	6
OG0013061	2	2	2	6
OG0013062	2	2	2	6
OG0013063	2	2	2	6
OG0013064	2	2	2	6
OG0013065	2	2	2	6
OG0013066	2	2	2	6
OG0013067	2	2	2	6
OG0013068	1	3	2	6
OG0013069	2	2	2	6
OG0013070	2	2	2	6
OG0013071	1	3	2	6
OG0013072	2	2	2	6
OG0013073	2	2	2	6
OG0013074	2	2	2	6
OG0013075	2	2	2	6
OG0013076	4	1	1	6
OG0013077	1	3	2	6
OG0013078	2	2	2	6
OG0013079	2	2	2	6
OG0013080	2	2	2	6
OG0013081	2	2	2	6
OG0013082	2	2	2	6
OG0013083	2	2	2	6
OG0013084	2	2	2	6
OG0013085	4	1	1	6
OG0013086	2	2	2	6
OG0013087	2	2	2	6
OG0013088	2	2	2	6
OG0013089	2	2	2	6
OG0013090	2	2	2	6
OG0013091	2	2	2	6
OG0013092	2	2	2	6
OG0013093	2	2	2	6
OG0013094	2	2	2	6
OG0013095	2	2	2	6
OG0013096	2	2	2	6
OG0013097	2	2	2	6
OG0013098	2	2	2	6
OG0013099	2	2	2	6
OG0013100	3	2	1	6
OG0013101	2	2	2	6
OG0013102	2	2	2	6
OG0013103	2	2	2	6
OG0013104	2	2	2	6
OG0013105	2	2	2	6
OG0013106	2	2	2	6
OG0013107	2	2	2	6
OG0013108	2	2	2	6
OG0013109	2	2	2	6
OG0013110	2	2	2	6
OG0013111	2	2	2	6
OG0013112	2	2	2	6
OG0013113	2	2	2	6
OG0013114	2	2	2	6
OG0013115	2	2	2	6
OG0013116	2	2	2	6
OG0013117	2	2	2	6
OG0013118	2	2	2	6
OG0013119	2	2	2	6
OG0013120	2	2	2	6
OG0013121	2	2	2	6
OG0013122	2	2	2	6
OG0013123	2	2	2	6
OG0013124	2	2	2	6
OG0013125	2	2	2	6
OG0013126	2	2	2	6
OG0013127	2	2	2	6
OG0013128	2	2	2	6
OG0013129	2	2	2	6
OG0013130	4	1	1	6
OG0013131	2	2	2	6
OG0013132	2	2	2	6
OG0013133	2	2	2	6
OG0013134	2	2	2	6
OG0013135	3	3	0	6
OG0013136	2	2	2	6
OG0013137	2	2	2	6
OG0013138	2	2	2	6
OG0013139	2	2	2	6
OG0013140	2	2	2	6
OG0013141	1	3	2	6
OG0013142	2	2	2	6
OG0013143	2	2	2	6
OG0013144	2	2	2	6
OG0013145	2	2	2	6
OG0013146	2	2	2	6
OG0013147	2	2	2	6
OG0013148	1	3	2	6
OG0013149	2	2	2	6
OG0013150	2	2	2	6
OG0013151	2	3	1	6
OG0013152	2	3	1	6
OG0013153	2	2	2	6
OG0013154	2	3	1	6
OG0013155	2	2	2	6
OG0013156	2	2	2	6
OG0013157	2	2	2	6
OG0013158	2	2	2	6
OG0013159	2	2	2	6
OG0013160	2	2	2	6
OG0013161	2	2	2	6
OG0013162	2	2	2	6
OG0013163	2	2	2	6
OG0013164	2	2	2	6
OG0013165	2	2	2	6
OG0013166	2	2	2	6
OG0013167	2	2	2	6
OG0013168	2	2	2	6
OG0013169	2	2	2	6
OG0013170	2	2	2	6
OG0013171	1	3	2	6
OG0013172	2	2	2	6
OG0013173	2	2	2	6
OG0013174	2	2	2	6
OG0013175	2	2	2	6
OG0013176	4	1	1	6
OG0013177	2	2	2	6
OG0013178	2	2	2	6
OG0013179	2	2	2	6
OG0013180	2	2	2	6
OG0013181	2	2	2	6
OG0013182	2	2	2	6
OG0013183	2	2	2	6
OG0013184	3	1	2	6
OG0013185	2	2	2	6
OG0013186	2	2	2	6
OG0013187	2	2	2	6
OG0013188	2	2	2	6
OG0013189	2	2	2	6
OG0013190	2	2	2	6
OG0013191	2	2	2	6
OG0013192	2	2	2	6
OG0013193	1	3	2	6
OG0013194	2	2	2	6
OG0013195	2	2	2	6
OG0013196	2	2	2	6
OG0013197	2	2	2	6
OG0013198	2	2	2	6
OG0013199	2	2	2	6
OG0013200	2	2	2	6
OG0013201	2	2	2	6
OG0013202	2	2	2	6
OG0013203	2	2	2	6
OG0013204	2	2	2	6
OG0013205	2	2	2	6
OG0013206	2	2	2	6
OG0013207	2	2	2	6
OG0013208	2	2	2	6
OG0013209	2	2	2	6
OG0013210	2	2	2	6
OG0013211	2	2	2	6
OG0013212	2	2	2	6
OG0013213	2	2	2	6
OG0013214	2	2	2	6
OG0013215	2	2	2	6
OG0013216	2	2	2	6
OG0013217	2	2	2	6
OG0013218	2	2	2	6
OG0013219	2	2	2	6
OG0013220	2	2	2	6
OG0013221	2	2	2	6
OG0013222	2	2	2	6
OG0013223	2	2	2	6
OG0013224	2	2	2	6
OG0013225	2	2	2	6
OG0013226	2	2	2	6
OG0013227	3	1	2	6
OG0013228	2	2	2	6
OG0013229	2	2	2	6
OG0013230	2	2	2	6
OG0013231	2	2	2	6
OG0013232	2	2	2	6
OG0013233	2	2	2	6
OG0013234	2	2	2	6
OG0013235	2	2	2	6
OG0013236	2	2	2	6
OG0013237	2	2	2	6
OG0013238	2	2	2	6
OG0013239	2	2	2	6
OG0013240	2	2	2	6
OG0013241	2	3	1	6
OG0013242	2	2	2	6
OG0013243	2	2	2	6
OG0013244	2	2	2	6
OG0013245	2	2	2	6
OG0013246	1	2	3	6
OG0013247	2	2	2	6
OG0013248	2	2	2	6
OG0013249	2	2	2	6
OG0013250	2	2	2	6
OG0013251	2	2	2	6
OG0013252	2	2	2	6
OG0013253	2	2	2	6
OG0013254	2	2	2	6
OG0013255	2	2	2	6
OG0013256	2	2	2	6
OG0013257	2	2	2	6
OG0013258	2	2	2	6
OG0013259	2	2	2	6
OG0013260	2	2	2	6
OG0013261	2	2	2	6
OG0013262	2	2	2	6
OG0013263	2	2	2	6
OG0013264	2	2	2	6
OG0013265	1	3	2	6
OG0013266	2	2	2	6
OG0013267	2	2	2	6
OG0013268	2	2	2	6
OG0013269	2	2	2	6
OG0013270	2	2	2	6
OG0013271	2	2	2	6
OG0013272	2	2	2	6
OG0013273	2	4	0	6
OG0013274	3	1	2	6
OG0013275	2	2	2	6
OG0013276	2	2	2	6
OG0013277	2	2	2	6
OG0013278	2	2	2	6
OG0013279	1	3	2	6
OG0013280	2	2	2	6
OG0013281	2	2	2	6
OG0013282	2	2	2	6
OG0013283	3	2	1	6
OG0013284	2	2	2	6
OG0013285	2	2	2	6
OG0013286	1	3	2	6
OG0013287	2	2	2	6
OG0013288	2	2	2	6
OG0013289	3	1	2	6
OG0013290	2	2	2	6
OG0013291	2	2	2	6
OG0013292	2	2	2	6
OG0013293	2	2	2	6
OG0013294	2	2	2	6
OG0013295	2	2	2	6
OG0013296	2	2	2	6
OG0013297	2	2	2	6
OG0013298	2	2	2	6
OG0013299	2	2	2	6
OG0013300	2	2	2	6
OG0013301	2	2	2	6
OG0013302	2	2	2	6
OG0013303	2	2	2	6
OG0013304	2	2	2	6
OG0013305	2	2	2	6
OG0013306	2	2	2	6
OG0013307	2	2	2	6
OG0013308	2	2	2	6
OG0013309	2	2	2	6
OG0013310	2	2	2	6
OG0013311	2	2	2	6
OG0013312	2	2	2	6
OG0013313	2	2	2	6
OG0013314	2	2	2	6
OG0013315	2	2	2	6
OG0013316	2	2	2	6
OG0013317	2	2	2	6
OG0013318	2	2	2	6
OG0013319	2	2	2	6
OG0013320	2	2	2	6
OG0013321	2	2	2	6
OG0013322	2	2	2	6
OG0013323	2	2	2	6
OG0013324	2	2	2	6
OG0013325	2	2	2	6
OG0013326	2	2	2	6
OG0013327	2	2	2	6
OG0013328	2	2	2	6
OG0013329	2	2	2	6
OG0013330	2	2	2	6
OG0013331	2	2	2	6
OG0013332	2	2	2	6
OG0013333	2	2	2	6
OG0013334	2	2	2	6
OG0013335	2	2	2	6
OG0013336	2	2	2	6
OG0013337	2	2	2	6
OG0013338	2	2	2	6
OG0013339	2	2	2	6
OG0013340	2	2	2	6
OG0013341	2	2	2	6
OG0013342	2	2	2	6
OG0013343	2	2	2	6
OG0013344	2	2	2	6
OG0013345	2	2	2	6
OG0013346	2	2	2	6
OG0013347	2	2	2	6
OG0013348	2	2	2	6
OG0013349	2	2	2	6
OG0013350	2	2	2	6
OG0013351	2	2	2	6
OG0013352	2	2	2	6
OG0013353	2	2	2	6
OG0013354	2	2	2	6
OG0013355	2	2	2	6
OG0013356	2	2	2	6
OG0013357	2	2	2	6
OG0013358	2	2	2	6
OG0013359	2	2	2	6
OG0013360	2	2	2	6
OG0013361	2	2	2	6
OG0013362	2	2	2	6
OG0013363	2	2	2	6
OG0013364	2	2	2	6
OG0013365	2	2	2	6
OG0013366	2	2	2	6
OG0013367	2	2	2	6
OG0013368	2	2	2	6
OG0013369	2	2	2	6
OG0013370	2	2	2	6
OG0013371	2	2	2	6
OG0013372	2	2	2	6
OG0013373	2	2	2	6
OG0013374	2	3	1	6
OG0013375	2	2	2	6
OG0013376	2	2	2	6
OG0013377	2	2	2	6
OG0013378	2	2	2	6
OG0013379	2	2	2	6
OG0013380	2	2	2	6
OG0013381	3	1	2	6
OG0013382	2	2	2	6
OG0013383	1	3	2	6
OG0013384	2	2	2	6
OG0013385	2	2	2	6
OG0013386	2	2	2	6
OG0013387	2	2	2	6
OG0013388	2	2	2	6
OG0013389	2	2	2	6
OG0013390	2	2	2	6
OG0013391	2	2	2	6
OG0013392	2	2	2	6
OG0013393	2	2	2	6
OG0013394	2	2	2	6
OG0013395	2	2	2	6
OG0013396	2	2	2	6
OG0013397	2	2	2	6
OG0013398	2	2	2	6
OG0013399	2	2	2	6
OG0013400	2	2	2	6
OG0013401	2	2	2	6
OG0013402	1	3	2	6
OG0013403	2	2	2	6
OG0013404	2	2	2	6
OG0013405	2	2	2	6
OG0013406	1	3	2	6
OG0013407	2	2	2	6
OG0013408	2	2	2	6
OG0013409	4	1	1	6
OG0013410	2	2	2	6
OG0013411	2	2	2	6
OG0013412	1	3	2	6
OG0013413	2	2	2	6
OG0013414	2	2	2	6
OG0013415	2	2	2	6
OG0013416	2	2	2	6
OG0013417	2	2	2	6
OG0013418	2	2	2	6
OG0013419	2	2	2	6
OG0013420	2	2	2	6
OG0013421	2	2	2	6
OG0013422	2	2	2	6
OG0013423	2	2	2	6
OG0013424	2	2	2	6
OG0013425	2	2	2	6
OG0013426	1	3	2	6
OG0013427	2	2	2	6
OG0013428	2	2	2	6
OG0013429	2	2	2	6
OG0013430	2	2	2	6
OG0013431	2	2	2	6
OG0013432	2	2	2	6
OG0013433	2	2	2	6
OG0013434	2	2	2	6
OG0013435	2	2	2	6
OG0013436	2	2	2	6
OG0013437	2	2	2	6
OG0013438	2	2	2	6
OG0013439	2	2	2	6
OG0013440	2	2	2	6
OG0013441	2	2	2	6
OG0013442	3	1	2	6
OG0013443	2	2	2	6
OG0013444	2	2	2	6
OG0013445	2	2	2	6
OG0013446	2	2	2	6
OG0013447	2	2	2	6
OG0013448	2	2	2	6
OG0013449	2	2	2	6
OG0013450	2	2	2	6
OG0013451	2	2	2	6
OG0013452	2	2	2	6
OG0013453	2	2	2	6
OG0013454	2	2	2	6
OG0013455	2	2	2	6
OG0013456	2	2	2	6
OG0013457	2	2	2	6
OG0013458	2	2	2	6
OG0013459	2	2	2	6
OG0013460	2	2	2	6
OG0013461	2	2	2	6
OG0013462	2	2	2	6
OG0013463	2	2	2	6
OG0013464	2	2	2	6
OG0013465	2	2	2	6
OG0013466	2	2	2	6
OG0013467	2	2	2	6
OG0013468	2	2	2	6
OG0013469	2	2	2	6
OG0013470	2	2	2	6
OG0013471	2	2	2	6
OG0013472	2	2	2	6
OG0013473	2	2	2	6
OG0013474	2	2	2	6
OG0013475	2	2	2	6
OG0013476	2	2	2	6
OG0013477	2	2	2	6
OG0013478	2	2	2	6
OG0013479	2	2	2	6
OG0013480	2	2	2	6
OG0013481	2	2	2	6
OG0013482	2	2	2	6
OG0013483	2	2	2	6
OG0013484	2	2	2	6
OG0013485	2	2	2	6
OG0013486	1	3	2	6
OG0013487	2	2	2	6
OG0013488	2	2	2	6
OG0013489	2	2	2	6
OG0013490	2	2	2	6
OG0013491	2	2	2	6
OG0013492	2	2	2	6
OG0013493	2	2	2	6
OG0013494	2	1	3	6
OG0013495	2	2	2	6
OG0013496	2	2	2	6
OG0013497	2	2	2	6
OG0013498	2	3	1	6
OG0013499	2	2	2	6
OG0013500	2	2	2	6
OG0013501	2	2	2	6
OG0013502	2	2	2	6
OG0013503	2	2	2	6
OG0013504	2	2	2	6
OG0013505	2	2	2	6
OG0013506	2	2	2	6
OG0013507	2	2	2	6
OG0013508	2	2	2	6
OG0013509	2	2	2	6
OG0013510	2	2	2	6
OG0013511	2	2	2	6
OG0013512	2	3	1	6
OG0013513	2	2	2	6
OG0013514	2	2	2	6
OG0013515	2	2	2	6
OG0013516	2	2	2	6
OG0013517	2	2	2	6
OG0013518	2	2	2	6
OG0013519	2	2	2	6
OG0013520	2	2	2	6
OG0013521	2	2	2	6
OG0013522	3	3	0	6
OG0013523	2	2	2	6
OG0013524	2	2	2	6
OG0013525	2	2	2	6
OG0013526	1	3	2	6
OG0013527	2	2	2	6
OG0013528	2	2	2	6
OG0013529	2	2	2	6
OG0013530	2	2	2	6
OG0013531	2	2	2	6
OG0013532	2	2	2	6
OG0013533	2	2	2	6
OG0013534	2	2	2	6
OG0013535	2	2	2	6
OG0013536	2	2	2	6
OG0013537	2	2	2	6
OG0013538	2	2	2	6
OG0013539	2	2	2	6
OG0013540	2	2	2	6
OG0013541	2	2	2	6
OG0013542	2	2	2	6
OG0013543	2	2	2	6
OG0013544	2	2	2	6
OG0013545	2	2	2	6
OG0013546	1	3	2	6
OG0013547	2	2	2	6
OG0013548	2	2	2	6
OG0013549	2	2	2	6
OG0013550	2	2	2	6
OG0013551	2	2	2	6
OG0013552	2	2	2	6
OG0013553	2	2	2	6
OG0013554	2	2	2	6
OG0013555	2	2	2	6
OG0013556	2	2	2	6
OG0013557	2	2	2	6
OG0013558	2	2	2	6
OG0013559	2	2	2	6
OG0013560	2	2	2	6
OG0013561	2	2	2	6
OG0013562	2	2	2	6
OG0013563	2	2	2	6
OG0013564	2	2	2	6
OG0013565	2	2	2	6
OG0013566	2	2	2	6
OG0013567	2	2	2	6
OG0013568	2	2	2	6
OG0013569	2	2	2	6
OG0013570	2	2	2	6
OG0013571	2	2	2	6
OG0013572	2	2	2	6
OG0013573	2	2	2	6
OG0013574	2	2	2	6
OG0013575	2	2	2	6
OG0013576	2	2	2	6
OG0013577	2	2	2	6
OG0013578	2	2	2	6
OG0013579	2	2	2	6
OG0013580	2	2	2	6
OG0013581	2	2	2	6
OG0013582	2	2	2	6
OG0013583	2	2	2	6
OG0013584	2	2	2	6
OG0013585	2	2	2	6
OG0013586	2	4	0	6
OG0013587	1	3	2	6
OG0013588	2	2	2	6
OG0013589	2	2	2	6
OG0013590	2	2	2	6
OG0013591	2	2	2	6
OG0013592	2	2	2	6
OG0013593	1	3	2	6
OG0013594	2	2	2	6
OG0013595	2	2	2	6
OG0013596	2	2	2	6
OG0013597	2	2	2	6
OG0013598	2	2	2	6
OG0013599	2	2	2	6
OG0013600	2	2	2	6
OG0013601	2	2	2	6
OG0013602	2	2	2	6
OG0013603	2	2	2	6
OG0013604	2	2	2	6
OG0013605	2	2	2	6
OG0013606	2	2	2	6
OG0013607	2	2	2	6
OG0013608	2	2	2	6
OG0013609	2	2	2	6
OG0013610	2	2	2	6
OG0013611	2	2	2	6
OG0013612	2	2	2	6
OG0013613	2	2	2	6
OG0013614	2	2	2	6
OG0013615	2	2	2	6
OG0013616	2	2	2	6
OG0013617	2	2	2	6
OG0013618	2	2	2	6
OG0013619	2	2	2	6
OG0013620	1	3	2	6
OG0013621	2	2	2	6
OG0013622	2	2	2	6
OG0013623	2	2	2	6
OG0013624	2	2	2	6
OG0013625	2	2	2	6
OG0013626	2	2	2	6
OG0013627	2	2	2	6
OG0013628	2	2	2	6
OG0013629	2	2	2	6
OG0013630	2	2	2	6
OG0013631	2	2	2	6
OG0013632	2	2	2	6
OG0013633	2	2	2	6
OG0013634	2	2	2	6
OG0013635	2	2	2	6
OG0013636	2	2	2	6
OG0013637	2	2	2	6
OG0013638	2	2	2	6
OG0013639	3	2	1	6
OG0013640	2	2	2	6
OG0013641	2	2	2	6
OG0013642	2	2	2	6
OG0013643	2	2	2	6
OG0013644	2	2	2	6
OG0013645	2	2	2	6
OG0013646	2	2	2	6
OG0013647	2	2	2	6
OG0013648	2	2	2	6
OG0013649	2	2	2	6
OG0013650	2	2	2	6
OG0013651	2	2	2	6
OG0013652	2	2	2	6
OG0013653	2	2	2	6
OG0013654	2	2	2	6
OG0013655	4	1	1	6
OG0013656	2	4	0	6
OG0013657	2	2	2	6
OG0013658	2	2	2	6
OG0013659	2	2	2	6
OG0013660	2	2	2	6
OG0013661	2	2	2	6
OG0013662	2	2	2	6
OG0013663	2	2	2	6
OG0013664	2	2	2	6
OG0013665	2	2	2	6
OG0013666	2	2	2	6
OG0013667	2	2	2	6
OG0013668	2	2	2	6
OG0013669	2	2	2	6
OG0013670	2	2	2	6
OG0013671	2	2	2	6
OG0013672	2	2	2	6
OG0013673	2	2	2	6
OG0013674	3	1	2	6
OG0013675	2	2	2	6
OG0013676	2	2	2	6
OG0013677	2	2	2	6
OG0013678	2	2	2	6
OG0013679	2	2	2	6
OG0013680	2	2	2	6
OG0013681	2	2	2	6
OG0013682	2	2	2	6
OG0013683	2	2	2	6
OG0013684	2	2	2	6
OG0013685	2	2	2	6
OG0013686	2	2	2	6
OG0013687	2	2	2	6
OG0013688	2	2	2	6
OG0013689	2	2	2	6
OG0013690	2	2	2	6
OG0013691	2	2	2	6
OG0013692	2	2	2	6
OG0013693	2	2	2	6
OG0013694	2	2	2	6
OG0013695	2	3	1	6
OG0013696	2	3	1	6
OG0013697	2	4	0	6
OG0013698	2	2	2	6
OG0013699	2	2	2	6
OG0013700	2	2	2	6
OG0013701	2	2	2	6
OG0013702	2	2	2	6
OG0013703	2	2	2	6
OG0013704	2	2	2	6
OG0013705	2	2	2	6
OG0013706	2	2	2	6
OG0013707	2	2	2	6
OG0013708	1	3	2	6
OG0013709	2	2	2	6
OG0013710	1	3	2	6
OG0013711	1	3	2	6
OG0013712	1	3	2	6
OG0013713	1	3	2	6
OG0013714	1	3	2	6
OG0013715	1	3	2	6
OG0013716	2	2	2	6
OG0013717	2	2	2	6
OG0013718	2	2	2	6
OG0013719	2	2	2	6
OG0013720	2	2	2	6
OG0013721	2	2	2	6
OG0013722	2	2	2	6
OG0013723	2	2	2	6
OG0013724	2	2	2	6
OG0013725	2	2	2	6
OG0013726	2	2	2	6
OG0013727	2	2	2	6
OG0013728	2	2	2	6
OG0013729	2	2	2	6
OG0013730	2	2	2	6
OG0013731	2	2	2	6
OG0013732	2	2	2	6
OG0013733	2	2	2	6
OG0013734	2	2	2	6
OG0013735	2	2	2	6
OG0013736	2	2	2	6
OG0013737	2	2	2	6
OG0013738	2	2	2	6
OG0013739	2	2	2	6
OG0013740	2	2	2	6
OG0013741	2	2	2	6
OG0013742	2	2	2	6
OG0013743	3	1	2	6
OG0013744	2	2	2	6
OG0013745	2	2	2	6
OG0013746	2	2	2	6
OG0013747	2	2	2	6
OG0013748	2	2	2	6
OG0013749	2	2	2	6
OG0013750	2	2	2	6
OG0013751	2	2	2	6
OG0013752	2	2	2	6
OG0013753	2	2	2	6
OG0013754	2	2	2	6
OG0013755	2	2	2	6
OG0013756	2	2	2	6
OG0013757	2	2	2	6
OG0013758	2	2	2	6
OG0013759	2	2	2	6
OG0013760	2	2	2	6
OG0013761	2	2	2	6
OG0013762	2	2	2	6
OG0013763	2	2	2	6
OG0013764	2	2	2	6
OG0013765	2	2	2	6
OG0013766	2	2	2	6
OG0013767	2	2	2	6
OG0013768	2	2	2	6
OG0013769	1	3	2	6
OG0013770	1	3	2	6
OG0013771	2	3	1	6
OG0013772	2	2	2	6
OG0013773	2	2	2	6
OG0013774	2	2	2	6
OG0013775	2	2	2	6
OG0013776	2	2	2	6
OG0013777	2	2	2	6
OG0013778	2	2	2	6
OG0013779	2	2	2	6
OG0013780	2	2	2	6
OG0013781	2	2	2	6
OG0013782	2	2	2	6
OG0013783	2	2	2	6
OG0013784	2	2	2	6
OG0013785	2	2	2	6
OG0013786	2	2	2	6
OG0013787	2	2	2	6
OG0013788	2	2	2	6
OG0013789	2	2	2	6
OG0013790	2	2	2	6
OG0013791	2	2	2	6
OG0013792	2	2	2	6
OG0013793	2	2	2	6
OG0013794	2	2	2	6
OG0013795	2	2	2	6
OG0013796	2	2	2	6
OG0013797	2	2	2	6
OG0013798	3	2	1	6
OG0013799	2	2	2	6
OG0013800	2	2	2	6
OG0013801	2	2	2	6
OG0013802	2	1	3	6
OG0013803	2	2	2	6
OG0013804	2	2	2	6
OG0013805	2	2	2	6
OG0013806	2	2	2	6
OG0013807	2	2	2	6
OG0013808	2	2	2	6
OG0013809	2	2	2	6
OG0013810	2	2	2	6
OG0013811	2	2	2	6
OG0013812	2	2	2	6
OG0013813	2	2	2	6
OG0013814	2	2	2	6
OG0013815	2	2	2	6
OG0013816	2	2	2	6
OG0013817	2	2	2	6
OG0013818	2	2	2	6
OG0013819	2	2	2	6
OG0013820	2	2	2	6
OG0013821	2	2	2	6
OG0013822	2	2	2	6
OG0013823	2	2	2	6
OG0013824	2	2	2	6
OG0013825	2	2	2	6
OG0013826	2	2	2	6
OG0013827	2	2	2	6
OG0013828	2	2	2	6
OG0013829	2	2	2	6
OG0013830	2	2	2	6
OG0013831	2	2	2	6
OG0013832	2	2	2	6
OG0013833	2	2	2	6
OG0013834	2	2	2	6
OG0013835	2	2	2	6
OG0013836	2	4	0	6
OG0013837	2	2	2	6
OG0013838	2	2	2	6
OG0013839	2	2	2	6
OG0013840	2	2	2	6
OG0013841	2	2	2	6
OG0013842	2	2	2	6
OG0013843	3	1	2	6
OG0013844	2	2	2	6
OG0013845	2	2	2	6
OG0013846	2	2	2	6
OG0013847	2	2	2	6
OG0013848	2	2	2	6
OG0013849	2	2	2	6
OG0013850	3	1	2	6
OG0013851	2	2	2	6
OG0013852	2	2	2	6
OG0013853	2	2	2	6
OG0013854	2	2	2	6
OG0013855	2	2	2	6
OG0013856	1	3	2	6
OG0013857	2	2	2	6
OG0013858	2	2	2	6
OG0013859	2	2	2	6
OG0013860	2	2	2	6
OG0013861	2	2	2	6
OG0013862	2	2	2	6
OG0013863	2	2	2	6
OG0013864	2	2	2	6
OG0013865	2	2	2	6
OG0013866	2	2	2	6
OG0013867	2	2	2	6
OG0013868	2	2	2	6
OG0013869	2	2	2	6
OG0013870	2	2	2	6
OG0013871	2	2	2	6
OG0013872	2	2	2	6
OG0013873	2	2	2	6
OG0013874	2	2	2	6
OG0013875	2	2	2	6
OG0013876	1	3	2	6
OG0013877	2	2	2	6
OG0013878	2	2	2	6
OG0013879	2	2	2	6
OG0013880	2	2	2	6
OG0013881	2	2	2	6
OG0013882	3	1	2	6
OG0013883	2	2	2	6
OG0013884	2	2	2	6
OG0013885	2	2	2	6
OG0013886	2	2	2	6
OG0013887	2	2	2	6
OG0013888	2	2	2	6
OG0013889	2	2	2	6
OG0013890	2	2	2	6
OG0013891	2	2	2	6
OG0013892	2	2	2	6
OG0013893	2	2	2	6
OG0013894	2	2	2	6
OG0013895	2	2	2	6
OG0013896	2	2	2	6
OG0013897	2	2	2	6
OG0013898	2	2	2	6
OG0013899	2	2	2	6
OG0013900	2	2	2	6
OG0013901	2	2	2	6
OG0013902	2	2	2	6
OG0013903	2	2	2	6
OG0013904	2	3	1	6
OG0013905	2	2	2	6
OG0013906	2	2	2	6
OG0013907	2	2	2	6
OG0013908	3	2	1	6
OG0013909	2	2	2	6
OG0013910	2	2	2	6
OG0013911	2	2	2	6
OG0013912	2	2	2	6
OG0013913	2	2	2	6
OG0013914	2	2	2	6
OG0013915	2	2	2	6
OG0013916	2	2	2	6
OG0013917	2	2	2	6
OG0013918	2	2	2	6
OG0013919	2	2	2	6
OG0013920	2	2	2	6
OG0013921	2	2	2	6
OG0013922	1	3	2	6
OG0013923	2	2	2	6
OG0013924	2	2	2	6
OG0013925	2	2	2	6
OG0013926	2	2	2	6
OG0013927	2	2	2	6
OG0013928	2	2	2	6
OG0013929	2	2	2	6
OG0013930	2	2	2	6
OG0013931	2	2	2	6
OG0013932	2	2	2	6
OG0013933	2	2	2	6
OG0013934	3	1	2	6
OG0013935	2	2	2	6
OG0013936	2	2	2	6
OG0013937	1	3	2	6
OG0013938	2	2	2	6
OG0013939	2	2	2	6
OG0013940	2	2	2	6
OG0013941	2	2	2	6
OG0013942	2	2	2	6
OG0013943	2	2	2	6
OG0013944	2	2	2	6
OG0013945	2	2	2	6
OG0013946	2	2	2	6
OG0013947	2	2	2	6
OG0013948	2	2	2	6
OG0013949	2	2	2	6
OG0013950	2	2	2	6
OG0013951	2	2	2	6
OG0013952	2	2	2	6
OG0013953	2	2	2	6
OG0013954	2	2	2	6
OG0013955	2	2	2	6
OG0013956	2	2	2	6
OG0013957	2	2	2	6
OG0013958	2	2	2	6
OG0013959	2	2	2	6
OG0013960	2	2	2	6
OG0013961	2	2	2	6
OG0013962	2	2	2	6
OG0013963	2	2	2	6
OG0013964	2	2	2	6
OG0013965	2	2	2	6
OG0013966	2	2	2	6
OG0013967	2	2	2	6
OG0013968	2	2	2	6
OG0013969	2	2	2	6
OG0013970	2	2	2	6
OG0013971	2	2	2	6
OG0013972	2	2	2	6
OG0013973	2	2	2	6
OG0013974	2	2	2	6
OG0013975	2	2	2	6
OG0013976	2	2	2	6
OG0013977	2	2	2	6
OG0013978	2	2	2	6
OG0013979	2	2	2	6
OG0013980	2	2	2	6
OG0013981	2	2	2	6
OG0013982	2	2	2	6
OG0013983	2	2	2	6
OG0013984	2	2	2	6
OG0013985	2	2	2	6
OG0013986	1	3	2	6
OG0013987	2	2	2	6
OG0013988	2	2	2	6
OG0013989	2	2	2	6
OG0013990	2	2	2	6
OG0013991	2	2	2	6
OG0013992	2	2	2	6
OG0013993	2	2	2	6
OG0013994	2	2	2	6
OG0013995	2	2	2	6
OG0013996	1	3	2	6
OG0013997	2	2	2	6
OG0013998	2	2	2	6
OG0013999	1	3	2	6
OG0014000	2	2	2	6
OG0014001	2	2	2	6
OG0014002	2	2	2	6
OG0014003	2	2	2	6
OG0014004	2	2	2	6
OG0014005	2	2	2	6
OG0014006	2	2	2	6
OG0014007	1	3	2	6
OG0014008	2	2	2	6
OG0014009	2	2	2	6
OG0014010	2	2	2	6
OG0014011	2	2	2	6
OG0014012	2	2	2	6
OG0014013	2	2	2	6
OG0014014	2	2	2	6
OG0014015	2	2	2	6
OG0014016	2	2	2	6
OG0014017	2	2	2	6
OG0014018	2	2	2	6
OG0014019	2	2	2	6
OG0014020	1	3	2	6
OG0014021	2	2	2	6
OG0014022	2	2	2	6
OG0014023	2	2	2	6
OG0014024	2	2	2	6
OG0014025	2	2	2	6
OG0014026	2	2	2	6
OG0014027	2	2	2	6
OG0014028	2	2	2	6
OG0014029	2	2	2	6
OG0014030	2	2	2	6
OG0014031	2	2	2	6
OG0014032	2	2	2	6
OG0014033	2	2	2	6
OG0014034	2	2	2	6
OG0014035	1	3	2	6
OG0014036	2	3	1	6
OG0014037	2	2	2	6
OG0014038	2	2	2	6
OG0014039	2	2	2	6
OG0014040	2	2	2	6
OG0014041	2	2	2	6
OG0014042	2	2	2	6
OG0014043	2	2	2	6
OG0014044	3	1	2	6
OG0014045	2	2	2	6
OG0014046	2	2	2	6
OG0014047	1	3	2	6
OG0014048	2	2	2	6
OG0014049	2	2	2	6
OG0014050	2	2	2	6
OG0014051	1	0	5	6
OG0014052	2	2	2	6
OG0014053	1	3	2	6
OG0014054	2	2	2	6
OG0014055	2	2	2	6
OG0014056	3	2	1	6
OG0014057	2	2	2	6
OG0014058	2	2	2	6
OG0014059	2	2	2	6
OG0014060	1	3	2	6
OG0014061	2	2	2	6
OG0014062	2	2	2	6
OG0014063	2	2	2	6
OG0014064	4	1	1	6
OG0014065	2	2	2	6
OG0014066	2	2	2	6
OG0014067	2	2	2	6
OG0014068	2	2	2	6
OG0014069	1	3	2	6
OG0014070	2	2	2	6
OG0014071	2	2	2	6
OG0014072	2	2	2	6
OG0014073	1	3	2	6
OG0014074	2	2	2	6
OG0014075	1	1	4	6
OG0014076	2	2	2	6
OG0014077	3	3	0	6
OG0014078	2	2	2	6
OG0014079	2	2	2	6
OG0014080	2	2	2	6
OG0014081	2	2	2	6
OG0014082	2	2	2	6
OG0014083	2	2	2	6
OG0014084	2	2	2	6
OG0014085	2	2	2	6
OG0014086	2	2	2	6
OG0014087	2	2	2	6
OG0014088	1	2	3	6
OG0014089	2	3	1	6
OG0014090	2	2	2	6
OG0014091	2	2	2	6
OG0014092	2	2	2	6
OG0014093	2	2	2	6
OG0014094	2	2	2	6
OG0014095	2	2	2	6
OG0014096	4	2	0	6
OG0014097	2	2	2	6
OG0014098	2	2	2	6
OG0014099	2	2	2	6
OG0014100	2	2	2	6
OG0014101	2	2	2	6
OG0014102	2	2	2	6
OG0014103	2	2	2	6
OG0014104	2	2	2	6
OG0014105	2	2	2	6
OG0014106	2	2	2	6
OG0014107	2	2	2	6
OG0014108	2	2	2	6
OG0014109	3	1	2	6
OG0014110	2	2	2	6
OG0014111	2	2	2	6
OG0014112	2	2	2	6
OG0014113	2	2	2	6
OG0014114	3	2	1	6
OG0014115	2	2	2	6
OG0014116	2	2	2	6
OG0014117	2	2	2	6
OG0014118	2	2	2	6
OG0014119	2	2	2	6
OG0014120	3	2	1	6
OG0014121	2	2	2	6
OG0014122	2	2	2	6
OG0014123	2	2	2	6
OG0014124	2	2	2	6
OG0014125	2	2	2	6
OG0014126	2	2	2	6
OG0014127	2	2	2	6
OG0014128	2	2	2	6
OG0014129	2	2	2	6
OG0014130	2	2	2	6
OG0014131	2	2	2	6
OG0014132	2	2	2	6
OG0014133	2	2	2	6
OG0014134	2	2	2	6
OG0014135	2	2	2	6
OG0014136	2	2	2	6
OG0014137	2	2	2	6
OG0014138	2	2	2	6
OG0014139	2	2	2	6
OG0014140	2	2	2	6
OG0014141	2	2	2	6
OG0014142	2	2	2	6
OG0014143	2	2	2	6
OG0014144	2	2	2	6
OG0014145	2	2	2	6
OG0014146	2	2	2	6
OG0014147	2	2	2	6
OG0014148	2	2	2	6
OG0014149	2	2	2	6
OG0014150	2	2	2	6
OG0014151	2	2	2	6
OG0014152	2	2	2	6
OG0014153	2	2	2	6
OG0014154	2	2	2	6
OG0014155	2	2	2	6
OG0014156	2	2	2	6
OG0014157	2	2	2	6
OG0014158	2	2	2	6
OG0014159	2	2	2	6
OG0014160	2	2	2	6
OG0014161	2	2	2	6
OG0014162	2	2	2	6
OG0014163	2	2	2	6
OG0014164	2	2	2	6
OG0014165	2	2	2	6
OG0014166	2	2	2	6
OG0014167	2	2	2	6
OG0014168	2	2	2	6
OG0014169	2	2	2	6
OG0014170	2	2	2	6
OG0014171	2	2	2	6
OG0014172	2	2	2	6
OG0014173	2	2	2	6
OG0014174	4	1	1	6
OG0014175	2	2	2	6
OG0014176	2	3	1	6
OG0014177	2	2	2	6
OG0014178	2	2	2	6
OG0014179	2	2	2	6
OG0014180	2	2	2	6
OG0014181	2	2	2	6
OG0014182	2	2	2	6
OG0014183	2	2	2	6
OG0014184	2	2	2	6
OG0014185	2	2	2	6
OG0014186	2	2	2	6
OG0014187	2	2	2	6
OG0014188	2	2	2	6
OG0014189	2	2	2	6
OG0014190	1	2	3	6
OG0014191	2	2	2	6
OG0014192	2	2	2	6
OG0014193	2	2	2	6
OG0014194	2	2	2	6
OG0014195	2	2	2	6
OG0014196	2	2	2	6
OG0014197	2	2	2	6
OG0014198	2	2	2	6
OG0014199	2	2	2	6
OG0014200	2	2	2	6
OG0014201	2	2	2	6
OG0014202	2	2	2	6
OG0014203	2	2	2	6
OG0014204	2	2	2	6
OG0014205	2	2	2	6
OG0014206	2	2	2	6
OG0014207	2	2	2	6
OG0014208	2	2	2	6
OG0014209	2	2	2	6
OG0014210	2	2	2	6
OG0014211	2	2	2	6
OG0014212	2	2	2	6
OG0014213	2	2	2	6
OG0014214	2	2	2	6
OG0014215	2	2	2	6
OG0014216	2	2	2	6
OG0014217	2	2	2	6
OG0014218	2	2	2	6
OG0014219	2	2	2	6
OG0014220	2	2	2	6
OG0014221	2	2	2	6
OG0014222	2	2	2	6
OG0014223	2	2	2	6
OG0014224	2	2	2	6
OG0014225	2	2	2	6
OG0014226	2	2	2	6
OG0014227	2	2	2	6
OG0014228	2	2	2	6
OG0014229	2	2	2	6
OG0014230	2	2	2	6
OG0014231	2	2	2	6
OG0014232	2	2	2	6
OG0014233	2	2	2	6
OG0014234	2	2	2	6
OG0014235	2	2	2	6
OG0014236	2	2	2	6
OG0014237	1	3	2	6
OG0014238	2	2	2	6
OG0014239	2	2	2	6
OG0014240	2	2	2	6
OG0014241	2	2	2	6
OG0014242	2	2	2	6
OG0014243	3	2	1	6
OG0014244	2	2	2	6
OG0014245	2	2	2	6
OG0014246	2	2	2	6
OG0014247	2	2	2	6
OG0014248	2	2	2	6
OG0014249	2	1	3	6
OG0014250	2	2	2	6
OG0014251	2	2	2	6
OG0014252	2	2	2	6
OG0014253	2	2	2	6
OG0014254	2	2	2	6
OG0014255	2	2	2	6
OG0014256	2	2	2	6
OG0014257	2	2	2	6
OG0014258	3	2	1	6
OG0014259	2	2	2	6
OG0014260	2	2	2	6
OG0014261	2	2	2	6
OG0014262	2	2	2	6
OG0014263	4	1	1	6
OG0014264	2	4	0	6
OG0014265	2	2	2	6
OG0014266	2	2	2	6
OG0014267	2	2	2	6
OG0014268	2	2	2	6
OG0014269	2	2	2	6
OG0014270	2	2	2	6
OG0014271	2	2	2	6
OG0014272	2	2	2	6
OG0014273	2	2	2	6
OG0014274	2	2	2	6
OG0014275	2	2	2	6
OG0014276	2	2	2	6
OG0014277	2	2	2	6
OG0014278	2	2	2	6
OG0014279	2	2	2	6
OG0014280	2	2	2	6
OG0014281	2	2	2	6
OG0014282	2	3	1	6
OG0014283	2	2	2	6
OG0014284	2	2	2	6
OG0014285	2	2	2	6
OG0014286	2	2	2	6
OG0014287	2	2	2	6
OG0014288	2	2	2	6
OG0014289	2	2	2	6
OG0014290	2	2	2	6
OG0014291	2	2	2	6
OG0014292	2	2	2	6
OG0014293	2	3	1	6
OG0014294	2	2	2	6
OG0014295	2	2	2	6
OG0014296	2	2	2	6
OG0014297	2	2	2	6
OG0014298	2	2	2	6
OG0014299	2	2	2	6
OG0014300	2	2	2	6
OG0014301	2	2	2	6
OG0014302	2	2	2	6
OG0014303	2	2	2	6
OG0014304	2	2	2	6
OG0014305	2	2	2	6
OG0014306	2	2	2	6
OG0014307	2	2	2	6
OG0014308	2	2	2	6
OG0014309	2	2	2	6
OG0014310	1	3	2	6
OG0014311	2	2	2	6
OG0014312	2	2	2	6
OG0014313	5	1	0	6
OG0014314	2	2	2	6
OG0014315	2	2	2	6
OG0014316	2	2	2	6
OG0014317	2	2	2	6
OG0014318	2	2	2	6
OG0014319	2	2	2	6
OG0014320	2	2	2	6
OG0014321	2	2	2	6
OG0014322	2	2	2	6
OG0014323	2	2	2	6
OG0014324	2	2	2	6
OG0014325	2	2	2	6
OG0014326	2	2	2	6
OG0014327	2	2	2	6
OG0014328	2	2	2	6
OG0014329	2	2	2	6
OG0014330	2	3	1	6
OG0014331	3	1	2	6
OG0014332	2	2	2	6
OG0014333	2	2	2	6
OG0014334	2	2	2	6
OG0014335	3	2	1	6
OG0014336	2	2	2	6
OG0014337	2	2	2	6
OG0014338	2	2	2	6
OG0014339	2	2	2	6
OG0014340	2	2	2	6
OG0014341	2	2	2	6
OG0014342	2	2	2	6
OG0014343	1	3	2	6
OG0014344	3	3	0	6
OG0014345	2	2	2	6
OG0014346	2	2	2	6
OG0014347	2	2	2	6
OG0014348	2	2	2	6
OG0014349	2	2	2	6
OG0014350	2	2	2	6
OG0014351	2	2	2	6
OG0014352	2	2	2	6
OG0014353	5	1	0	6
OG0014354	2	0	4	6
OG0014355	1	3	2	6
OG0014356	2	2	2	6
OG0014357	1	3	2	6
OG0014358	2	2	2	6
OG0014359	2	2	2	6
OG0014360	2	2	2	6
OG0014361	1	3	2	6
OG0014362	1	3	2	6
OG0014363	2	2	2	6
OG0014364	2	2	2	6
OG0014365	2	2	2	6
OG0014366	2	2	2	6
OG0014367	2	2	2	6
OG0014368	2	2	2	6
OG0014369	3	1	2	6
OG0014370	2	2	2	6
OG0014371	2	2	2	6
OG0014372	2	2	2	6
OG0014373	2	2	2	6
OG0014374	2	2	2	6
OG0014375	2	2	2	6
OG0014376	2	2	2	6
OG0014377	2	2	2	6
OG0014378	2	2	2	6
OG0014379	2	2	2	6
OG0014380	2	2	2	6
OG0014381	2	2	2	6
OG0014382	2	2	2	6
OG0014383	2	2	2	6
OG0014384	2	2	2	6
OG0014385	2	2	2	6
OG0014386	2	2	2	6
OG0014387	2	2	2	6
OG0014388	2	2	2	6
OG0014389	2	2	2	6
OG0014390	2	2	2	6
OG0014391	2	2	2	6
OG0014392	2	2	2	6
OG0014393	2	2	2	6
OG0014394	3	2	1	6
OG0014395	2	2	2	6
OG0014396	2	2	2	6
OG0014397	2	2	2	6
OG0014398	2	2	2	6
OG0014399	2	2	2	6
OG0014400	2	2	2	6
OG0014401	2	2	2	6
OG0014402	2	2	2	6
OG0014403	2	2	2	6
OG0014404	1	4	1	6
OG0014405	2	2	2	6
OG0014406	2	2	2	6
OG0014407	2	2	2	6
OG0014408	2	2	2	6
OG0014409	2	2	2	6
OG0014410	2	2	2	6
OG0014411	2	2	2	6
OG0014412	1	3	2	6
OG0014413	2	2	2	6
OG0014414	2	2	2	6
OG0014415	2	2	2	6
OG0014416	2	2	2	6
OG0014417	2	2	2	6
OG0014418	2	2	2	6
OG0014419	4	0	2	6
OG0014420	2	2	2	6
OG0014421	1	3	2	6
OG0014422	2	2	2	6
OG0014423	2	2	2	6
OG0014424	2	2	2	6
OG0014425	2	2	2	6
OG0014426	2	2	2	6
OG0014427	2	2	2	6
OG0014428	2	2	2	6
OG0014429	2	2	2	6
OG0014430	2	2	2	6
OG0014431	2	2	2	6
OG0014432	2	2	2	6
OG0014433	2	2	2	6
OG0014434	2	2	2	6
OG0014435	2	2	2	6
OG0014436	2	2	2	6
OG0014437	1	3	2	6
OG0014438	2	2	2	6
OG0014439	2	2	2	6
OG0014440	2	2	2	6
OG0014441	2	2	2	6
OG0014442	2	2	2	6
OG0014443	2	2	2	6
OG0014444	2	2	2	6
OG0014445	2	2	2	6
OG0014446	2	2	2	6
OG0014447	1	3	2	6
OG0014448	2	2	2	6
OG0014449	2	2	2	6
OG0014450	1	3	2	6
OG0014451	2	2	2	6
OG0014452	2	2	2	6
OG0014453	2	2	2	6
OG0014454	2	2	2	6
OG0014455	2	2	2	6
OG0014456	2	2	2	6
OG0014457	2	2	2	6
OG0014458	2	2	2	6
OG0014459	2	2	2	6
OG0014460	2	2	2	6
OG0014461	2	2	2	6
OG0014462	2	2	2	6
OG0014463	3	3	0	6
OG0014464	2	2	2	6
OG0014465	2	2	2	6
OG0014466	2	2	2	6
OG0014467	2	2	2	6
OG0014468	2	2	2	6
OG0014469	2	2	2	6
OG0014470	2	2	2	6
OG0014471	2	2	2	6
OG0014472	2	2	2	6
OG0014473	2	2	2	6
OG0014474	2	2	2	6
OG0014475	2	2	2	6
OG0014476	2	2	2	6
OG0014477	2	2	2	6
OG0014478	2	2	2	6
OG0014479	3	2	1	6
OG0014480	1	3	2	6
OG0014481	1	3	2	6
OG0014482	2	2	2	6
OG0014483	2	2	2	6
OG0014484	2	2	2	6
OG0014485	2	2	2	6
OG0014486	2	2	2	6
OG0014487	2	2	2	6
OG0014488	2	2	2	6
OG0014489	2	2	2	6
OG0014490	2	2	2	6
OG0014491	2	2	2	6
OG0014492	2	2	2	6
OG0014493	2	2	2	6
OG0014494	2	2	2	6
OG0014495	2	2	2	6
OG0014496	2	2	2	6
OG0014497	2	2	2	6
OG0014498	2	2	2	6
OG0014499	2	2	2	6
OG0014500	2	2	2	6
OG0014501	2	2	2	6
OG0014502	2	2	2	6
OG0014503	2	2	2	6
OG0014504	2	2	2	6
OG0014505	2	2	2	6
OG0014506	2	2	2	6
OG0014507	2	3	1	6
OG0014508	2	2	2	6
OG0014509	2	2	2	6
OG0014510	2	2	2	6
OG0014511	2	2	2	6
OG0014512	2	2	2	6
OG0014513	2	2	2	6
OG0014514	2	2	2	6
OG0014515	2	2	2	6
OG0014516	2	2	2	6
OG0014517	2	2	2	6
OG0014518	2	2	2	6
OG0014519	2	2	2	6
OG0014520	2	2	2	6
OG0014521	2	2	2	6
OG0014522	2	2	2	6
OG0014523	1	3	2	6
OG0014524	2	2	2	6
OG0014525	2	2	2	6
OG0014526	2	2	2	6
OG0014527	2	2	2	6
OG0014528	2	2	2	6
OG0014529	2	2	2	6
OG0014530	2	2	2	6
OG0014531	2	2	2	6
OG0014532	2	3	1	6
OG0014533	2	2	2	6
OG0014534	2	2	2	6
OG0014535	2	2	2	6
OG0014536	3	3	0	6
OG0014537	2	2	2	6
OG0014538	2	2	2	6
OG0014539	2	2	2	6
OG0014540	2	2	2	6
OG0014541	2	2	2	6
OG0014542	2	2	2	6
OG0014543	2	2	2	6
OG0014544	3	2	1	6
OG0014545	2	2	2	6
OG0014546	2	2	2	6
OG0014547	2	2	2	6
OG0014548	2	2	2	6
OG0014549	2	2	2	6
OG0014550	2	2	2	6
OG0014551	2	2	2	6
OG0014552	2	2	2	6
OG0014553	2	2	2	6
OG0014554	2	2	2	6
OG0014555	2	2	2	6
OG0014556	2	2	2	6
OG0014557	2	2	2	6
OG0014558	2	2	2	6
OG0014559	2	2	2	6
OG0014560	2	2	2	6
OG0014561	2	2	2	6
OG0014562	2	2	2	6
OG0014563	2	2	2	6
OG0014564	2	2	2	6
OG0014565	2	2	2	6
OG0014566	2	2	2	6
OG0014567	2	2	2	6
OG0014568	1	3	2	6
OG0014569	2	2	2	6
OG0014570	2	2	2	6
OG0014571	2	2	2	6
OG0014572	2	2	2	6
OG0014573	2	2	2	6
OG0014574	2	2	2	6
OG0014575	2	2	2	6
OG0014576	2	2	2	6
OG0014577	2	2	2	6
OG0014578	2	2	2	6
OG0014579	2	2	2	6
OG0014580	2	2	2	6
OG0014581	2	2	2	6
OG0014582	2	2	2	6
OG0014583	2	2	2	6
OG0014584	2	2	2	6
OG0014585	2	2	2	6
OG0014586	2	2	2	6
OG0014587	2	2	2	6
OG0014588	2	2	2	6
OG0014589	2	2	2	6
OG0014590	2	2	2	6
OG0014591	2	2	2	6
OG0014592	2	2	2	6
OG0014593	2	2	2	6
OG0014594	2	2	2	6
OG0014595	2	2	2	6
OG0014596	1	3	2	6
OG0014597	4	1	1	6
OG0014598	2	4	0	6
OG0014599	2	2	2	6
OG0014600	2	2	2	6
OG0014601	2	2	2	6
OG0014602	2	2	2	6
OG0014603	2	2	2	6
OG0014604	2	2	2	6
OG0014605	2	2	2	6
OG0014606	2	2	2	6
OG0014607	2	2	2	6
OG0014608	2	2	2	6
OG0014609	2	2	2	6
OG0014610	2	2	2	6
OG0014611	2	2	2	6
OG0014612	2	2	2	6
OG0014613	2	2	2	6
OG0014614	2	2	2	6
OG0014615	2	2	2	6
OG0014616	2	2	2	6
OG0014617	2	2	2	6
OG0014618	2	2	2	6
OG0014619	2	2	2	6
OG0014620	2	2	2	6
OG0014621	2	2	2	6
OG0014622	2	2	2	6
OG0014623	2	2	2	6
OG0014624	2	2	2	6
OG0014625	2	2	2	6
OG0014626	2	2	2	6
OG0014627	3	2	1	6
OG0014628	2	2	2	6
OG0014629	2	2	2	6
OG0014630	1	3	2	6
OG0014631	2	2	2	6
OG0014632	2	2	2	6
OG0014633	2	2	2	6
OG0014634	2	2	2	6
OG0014635	2	2	2	6
OG0014636	2	2	2	6
OG0014637	2	2	2	6
OG0014638	1	3	2	6
OG0014639	2	2	2	6
OG0014640	2	2	2	6
OG0014641	2	2	2	6
OG0014642	2	2	2	6
OG0014643	2	2	2	6
OG0014644	2	2	2	6
OG0014645	2	2	2	6
OG0014646	2	2	2	6
OG0014647	2	2	2	6
OG0014648	1	3	2	6
OG0014649	2	2	2	6
OG0014650	2	2	2	6
OG0014651	2	2	2	6
OG0014652	2	2	2	6
OG0014653	2	2	2	6
OG0014654	2	2	2	6
OG0014655	2	2	2	6
OG0014656	2	2	2	6
OG0014657	2	2	2	6
OG0014658	2	2	2	6
OG0014659	2	2	2	6
OG0014660	2	2	2	6
OG0014661	1	3	2	6
OG0014662	2	2	2	6
OG0014663	2	2	2	6
OG0014664	2	2	2	6
OG0014665	2	2	2	6
OG0014666	2	2	2	6
OG0014667	2	2	2	6
OG0014668	2	2	2	6
OG0014669	2	2	2	6
OG0014670	2	2	2	6
OG0014671	2	2	2	6
OG0014672	2	2	2	6
OG0014673	2	2	2	6
OG0014674	2	2	2	6
OG0014675	2	2	2	6
OG0014676	2	2	2	6
OG0014677	2	2	2	6
OG0014678	2	2	2	6
OG0014679	2	2	2	6
OG0014680	2	2	2	6
OG0014681	2	2	2	6
OG0014682	2	2	2	6
OG0014683	2	2	2	6
OG0014684	2	2	2	6
OG0014685	2	2	2	6
OG0014686	2	2	2	6
OG0014687	2	2	2	6
OG0014688	2	2	2	6
OG0014689	2	2	2	6
OG0014690	2	2	2	6
OG0014691	2	2	2	6
OG0014692	2	2	2	6
OG0014693	2	2	2	6
OG0014694	2	2	2	6
OG0014695	2	2	2	6
OG0014696	2	2	2	6
OG0014697	2	2	2	6
OG0014698	2	2	2	6
OG0014699	2	2	2	6
OG0014700	3	1	2	6
OG0014701	2	2	2	6
OG0014702	2	2	2	6
OG0014703	2	2	2	6
OG0014704	2	2	2	6
OG0014705	2	2	2	6
OG0014706	1	3	2	6
OG0014707	2	2	2	6
OG0014708	2	2	2	6
OG0014709	2	2	2	6
OG0014710	2	2	2	6
OG0014711	2	2	2	6
OG0014712	2	2	2	6
OG0014713	2	2	2	6
OG0014714	2	2	2	6
OG0014715	2	2	2	6
OG0014716	2	2	2	6
OG0014717	2	2	2	6
OG0014718	2	2	2	6
OG0014719	2	2	2	6
OG0014720	2	2	2	6
OG0014721	2	2	2	6
OG0014722	2	2	2	6
OG0014723	2	2	2	6
OG0014724	2	2	2	6
OG0014725	2	2	2	6
OG0014726	2	2	2	6
OG0014727	2	2	2	6
OG0014728	2	2	2	6
OG0014729	2	2	2	6
OG0014730	2	2	2	6
OG0014731	2	2	2	6
OG0014732	2	2	2	6
OG0014733	2	2	2	6
OG0014734	3	1	2	6
OG0014735	2	2	2	6
OG0014736	2	2	2	6
OG0014737	2	2	2	6
OG0014738	2	2	2	6
OG0014739	2	2	2	6
OG0014740	2	2	2	6
OG0014741	2	2	2	6
OG0014742	3	1	2	6
OG0014743	2	2	2	6
OG0014744	2	2	2	6
OG0014745	2	2	2	6
OG0014746	2	2	2	6
OG0014747	2	2	2	6
OG0014748	2	2	2	6
OG0014749	2	2	2	6
OG0014750	2	2	2	6
OG0014751	2	2	2	6
OG0014752	2	2	2	6
OG0014753	2	2	2	6
OG0014754	2	2	2	6
OG0014755	3	1	2	6
OG0014756	2	2	2	6
OG0014757	2	2	2	6
OG0014758	2	2	2	6
OG0014759	2	2	2	6
OG0014760	2	2	2	6
OG0014761	2	2	2	6
OG0014762	2	2	2	6
OG0014763	2	2	2	6
OG0014764	2	2	2	6
OG0014765	2	2	2	6
OG0014766	2	2	2	6
OG0014767	2	2	2	6
OG0014768	2	2	2	6
OG0014769	2	2	2	6
OG0014770	2	2	2	6
OG0014771	2	2	2	6
OG0014772	2	2	2	6
OG0014773	2	2	2	6
OG0014774	2	2	2	6
OG0014775	2	2	2	6
OG0014776	2	2	2	6
OG0014777	2	2	2	6
OG0014778	2	2	2	6
OG0014779	2	2	2	6
OG0014780	2	2	2	6
OG0014781	2	2	2	6
OG0014782	2	2	2	6
OG0014783	2	2	2	6
OG0014784	2	2	2	6
OG0014785	2	2	2	6
OG0014786	2	2	2	6
OG0014787	2	2	2	6
OG0014788	2	2	2	6
OG0014789	2	2	2	6
OG0014790	2	2	2	6
OG0014791	2	2	2	6
OG0014792	2	2	2	6
OG0014793	2	2	2	6
OG0014794	2	2	2	6
OG0014795	2	2	2	6
OG0014796	2	2	2	6
OG0014797	2	2	2	6
OG0014798	5	1	0	6
OG0014799	2	2	2	6
OG0014800	2	2	2	6
OG0014801	2	2	2	6
OG0014802	2	2	2	6
OG0014803	1	3	2	6
OG0014804	2	2	2	6
OG0014805	2	2	2	6
OG0014806	2	2	2	6
OG0014807	2	2	2	6
OG0014808	2	2	2	6
OG0014809	2	2	2	6
OG0014810	2	3	1	6
OG0014811	2	2	2	6
OG0014812	2	2	2	6
OG0014813	2	2	2	6
OG0014814	1	3	2	6
OG0014815	2	2	2	6
OG0014816	2	2	2	6
OG0014817	2	2	2	6
OG0014818	2	2	2	6
OG0014819	2	2	2	6
OG0014820	2	2	2	6
OG0014821	2	2	2	6
OG0014822	2	2	2	6
OG0014823	2	2	2	6
OG0014824	2	2	2	6
OG0014825	3	2	1	6
OG0014826	2	2	2	6
OG0014827	2	2	2	6
OG0014828	2	2	2	6
OG0014829	2	2	2	6
OG0014830	2	2	2	6
OG0014831	2	2	2	6
OG0014832	2	2	2	6
OG0014833	2	2	2	6
OG0014834	2	2	2	6
OG0014835	2	2	2	6
OG0014836	2	2	2	6
OG0014837	2	2	2	6
OG0014838	2	2	2	6
OG0014839	2	2	2	6
OG0014840	2	3	1	6
OG0014841	2	2	2	6
OG0014842	2	2	2	6
OG0014843	2	2	2	6
OG0014844	1	3	2	6
OG0014845	2	2	2	6
OG0014846	2	2	2	6
OG0014847	2	2	2	6
OG0014848	2	2	2	6
OG0014849	2	2	2	6
OG0014850	2	2	2	6
OG0014851	2	2	2	6
OG0014852	2	2	2	6
OG0014853	2	2	2	6
OG0014854	2	2	2	6
OG0014855	2	2	2	6
OG0014856	2	2	2	6
OG0014857	2	2	2	6
OG0014858	2	2	2	6
OG0014859	2	2	2	6
OG0014860	2	2	2	6
OG0014861	2	2	2	6
OG0014862	2	2	2	6
OG0014863	2	2	2	6
OG0014864	2	2	2	6
OG0014865	2	2	2	6
OG0014866	2	2	2	6
OG0014867	2	2	2	6
OG0014868	2	2	2	6
OG0014869	2	2	2	6
OG0014870	1	3	2	6
OG0014871	2	2	2	6
OG0014872	2	2	2	6
OG0014873	2	1	3	6
OG0014874	2	2	2	6
OG0014875	1	3	2	6
OG0014876	2	2	2	6
OG0014877	2	2	2	6
OG0014878	2	2	2	6
OG0014879	2	2	2	6
OG0014880	2	2	2	6
OG0014881	2	2	2	6
OG0014882	2	2	2	6
OG0014883	2	2	2	6
OG0014884	2	2	2	6
OG0014885	2	2	2	6
OG0014886	3	2	1	6
OG0014887	3	2	1	6
OG0014888	2	2	2	6
OG0014889	2	2	2	6
OG0014890	2	2	2	6
OG0014891	2	2	2	6
OG0014892	2	2	2	6
OG0014893	2	2	2	6
OG0014894	2	2	2	6
OG0014895	3	1	2	6
OG0014896	2	2	2	6
OG0014897	2	2	2	6
OG0014898	2	2	2	6
OG0014899	2	2	2	6
OG0014900	4	2	0	6
OG0014901	2	2	2	6
OG0014902	3	2	1	6
OG0014903	2	2	2	6
OG0014904	2	2	2	6
OG0014905	2	2	2	6
OG0014906	2	2	2	6
OG0014907	2	2	2	6
OG0014908	2	2	2	6
OG0014909	1	3	2	6
OG0014910	2	2	2	6
OG0014911	2	2	2	6
OG0014912	2	2	2	6
OG0014913	2	2	2	6
OG0014914	2	2	2	6
OG0014915	2	2	2	6
OG0014916	2	2	2	6
OG0014917	2	2	2	6
OG0014918	2	2	2	6
OG0014919	2	2	2	6
OG0014920	3	1	2	6
OG0014921	2	2	2	6
OG0014922	2	2	2	6
OG0014923	2	2	2	6
OG0014924	2	2	2	6
OG0014925	2	2	2	6
OG0014926	2	2	2	6
OG0014927	2	2	2	6
OG0014928	2	2	2	6
OG0014929	2	2	2	6
OG0014930	2	2	2	6
OG0014931	2	2	2	6
OG0014932	2	2	2	6
OG0014933	2	2	2	6
OG0014934	2	2	2	6
OG0014935	2	2	2	6
OG0014936	2	2	2	6
OG0014937	2	2	2	6
OG0014938	2	2	2	6
OG0014939	2	2	2	6
OG0014940	2	2	2	6
OG0014941	1	3	2	6
OG0014942	2	2	2	6
OG0014943	2	2	2	6
OG0014944	2	2	2	6
OG0014945	2	2	2	6
OG0014946	2	2	2	6
OG0014947	2	2	2	6
OG0014948	2	2	2	6
OG0014949	2	2	2	6
OG0014950	2	2	2	6
OG0014951	2	2	2	6
OG0014952	2	2	2	6
OG0014953	1	3	2	6
OG0014954	2	2	2	6
OG0014955	2	2	2	6
OG0014956	2	2	2	6
OG0014957	2	2	2	6
OG0014958	2	2	2	6
OG0014959	2	2	2	6
OG0014960	2	2	2	6
OG0014961	2	2	2	6
OG0014962	2	2	2	6
OG0014963	2	2	2	6
OG0014964	1	3	2	6
OG0014965	2	2	2	6
OG0014966	2	2	2	6
OG0014967	2	2	2	6
OG0014968	3	2	1	6
OG0014969	2	2	2	6
OG0014970	2	2	2	6
OG0014971	2	2	2	6
OG0014972	2	2	2	6
OG0014973	2	2	2	6
OG0014974	2	2	2	6
OG0014975	2	2	2	6
OG0014976	2	2	2	6
OG0014977	2	3	1	6
OG0014978	2	2	2	6
OG0014979	2	2	2	6
OG0014980	2	2	2	6
OG0014981	2	2	2	6
OG0014982	2	2	2	6
OG0014983	3	3	0	6
OG0014984	2	2	2	6
OG0014985	2	2	2	6
OG0014986	2	2	2	6
OG0014987	2	2	2	6
OG0014988	2	2	2	6
OG0014989	2	2	2	6
OG0014990	2	2	2	6
OG0014991	2	2	2	6
OG0014992	2	2	2	6
OG0014993	2	2	2	6
OG0014994	2	2	2	6
OG0014995	2	2	2	6
OG0014996	2	2	2	6
OG0014997	2	2	2	6
OG0014998	2	2	2	6
OG0014999	2	2	2	6
OG0015000	2	2	2	6
OG0015001	2	2	2	6
OG0015002	2	2	2	6
OG0015003	2	2	2	6
OG0015004	2	2	2	6
OG0015005	2	2	2	6
OG0015006	2	2	2	6
OG0015007	2	2	2	6
OG0015008	2	2	2	6
OG0015009	2	2	2	6
OG0015010	2	2	2	6
OG0015011	2	2	2	6
OG0015012	2	2	2	6
OG0015013	2	2	2	6
OG0015014	2	2	2	6
OG0015015	2	2	2	6
OG0015016	2	2	2	6
OG0015017	2	2	2	6
OG0015018	2	2	2	6
OG0015019	2	2	2	6
OG0015020	2	2	2	6
OG0015021	2	2	2	6
OG0015022	2	2	2	6
OG0015023	2	2	2	6
OG0015024	2	2	2	6
OG0015025	2	2	2	6
OG0015026	2	0	4	6
OG0015027	2	2	2	6
OG0015028	2	2	2	6
OG0015029	2	2	2	6
OG0015030	2	2	2	6
OG0015031	2	2	2	6
OG0015032	2	2	2	6
OG0015033	2	2	2	6
OG0015034	2	2	2	6
OG0015035	2	2	2	6
OG0015036	2	2	2	6
OG0015037	2	2	2	6
OG0015038	2	2	2	6
OG0015039	2	2	2	6
OG0015040	1	3	2	6
OG0015041	2	2	2	6
OG0015042	2	2	2	6
OG0015043	2	2	2	6
OG0015044	2	2	2	6
OG0015045	2	2	2	6
OG0015046	2	2	2	6
OG0015047	2	2	2	6
OG0015048	2	2	2	6
OG0015049	2	2	2	6
OG0015050	2	2	2	6
OG0015051	2	2	2	6
OG0015052	2	2	2	6
OG0015053	2	2	2	6
OG0015054	2	2	2	6
OG0015055	2	2	2	6
OG0015056	2	2	2	6
OG0015057	2	2	2	6
OG0015058	2	2	2	6
OG0015059	2	2	2	6
OG0015060	2	2	2	6
OG0015061	2	2	2	6
OG0015062	2	2	2	6
OG0015063	2	2	2	6
OG0015064	2	2	2	6
OG0015065	2	2	2	6
OG0015066	2	2	2	6
OG0015067	2	2	2	6
OG0015068	2	2	2	6
OG0015069	2	2	2	6
OG0015070	2	2	2	6
OG0015071	2	2	2	6
OG0015072	2	2	2	6
OG0015073	2	2	2	6
OG0015074	2	2	2	6
OG0015075	2	2	2	6
OG0015076	2	2	2	6
OG0015077	2	2	2	6
OG0015078	3	1	2	6
OG0015079	2	2	2	6
OG0015080	2	2	2	6
OG0015081	2	2	2	6
OG0015082	2	2	2	6
OG0015083	2	2	2	6
OG0015084	2	2	2	6
OG0015085	2	2	2	6
OG0015086	2	2	2	6
OG0015087	2	2	2	6
OG0015088	2	2	2	6
OG0015089	1	3	2	6
OG0015090	2	2	2	6
OG0015091	2	2	2	6
OG0015092	2	2	2	6
OG0015093	2	2	2	6
OG0015094	2	2	2	6
OG0015095	2	2	2	6
OG0015096	2	2	2	6
OG0015097	2	2	2	6
OG0015098	2	2	2	6
OG0015099	2	2	2	6
OG0015100	2	2	2	6
OG0015101	2	2	2	6
OG0015102	2	2	2	6
OG0015103	2	2	2	6
OG0015104	2	2	2	6
OG0015105	2	2	2	6
OG0015106	2	2	2	6
OG0015107	2	2	2	6
OG0015108	2	2	2	6
OG0015109	2	2	2	6
OG0015110	2	2	2	6
OG0015111	2	3	1	6
OG0015112	2	2	2	6
OG0015113	1	3	2	6
OG0015114	1	3	2	6
OG0015115	2	2	2	6
OG0015116	2	2	2	6
OG0015117	2	2	2	6
OG0015118	2	2	2	6
OG0015119	2	2	2	6
OG0015120	2	2	2	6
OG0015121	2	2	2	6
OG0015122	2	2	2	6
OG0015123	2	2	2	6
OG0015124	2	2	2	6
OG0015125	2	2	2	6
OG0015126	2	2	2	6
OG0015127	2	2	2	6
OG0015128	2	2	2	6
OG0015129	2	2	2	6
OG0015130	2	2	2	6
OG0015131	3	1	2	6
OG0015132	2	2	2	6
OG0015133	2	2	2	6
OG0015134	2	2	2	6
OG0015135	2	2	2	6
OG0015136	2	2	2	6
OG0015137	2	2	2	6
OG0015138	2	2	2	6
OG0015139	2	2	2	6
OG0015140	2	2	2	6
OG0015141	2	2	2	6
OG0015142	1	3	2	6
OG0015143	2	2	2	6
OG0015144	2	2	2	6
OG0015145	2	2	2	6
OG0015146	2	2	2	6
OG0015147	2	2	2	6
OG0015148	2	2	2	6
OG0015149	2	2	2	6
OG0015150	2	2	2	6
OG0015151	2	2	2	6
OG0015152	2	2	2	6
OG0015153	2	2	2	6
OG0015154	2	2	2	6
OG0015155	2	2	2	6
OG0015156	2	2	2	6
OG0015157	2	2	2	6
OG0015158	2	2	2	6
OG0015159	2	2	2	6
OG0015160	2	2	2	6
OG0015161	2	2	2	6
OG0015162	2	2	2	6
OG0015163	2	2	2	6
OG0015164	1	3	2	6
OG0015165	2	2	2	6
OG0015166	2	2	2	6
OG0015167	2	2	2	6
OG0015168	2	2	2	6
OG0015169	2	2	2	6
OG0015170	2	2	2	6
OG0015171	2	2	2	6
OG0015172	2	2	2	6
OG0015173	2	2	2	6
OG0015174	2	2	2	6
OG0015175	2	2	2	6
OG0015176	2	2	2	6
OG0015177	2	2	2	6
OG0015178	2	2	2	6
OG0015179	1	3	2	6
OG0015180	2	2	2	6
OG0015181	2	2	2	6
OG0015182	2	2	2	6
OG0015183	2	2	2	6
OG0015184	2	2	2	6
OG0015185	2	2	2	6
OG0015186	2	2	2	6
OG0015187	2	2	2	6
OG0015188	2	2	2	6
OG0015189	2	2	2	6
OG0015190	2	2	2	6
OG0015191	2	2	2	6
OG0015192	2	2	2	6
OG0015193	2	2	2	6
OG0015194	2	2	2	6
OG0015195	2	2	2	6
OG0015196	2	2	2	6
OG0015197	2	2	2	6
OG0015198	2	2	2	6
OG0015199	2	2	2	6
OG0015200	2	2	2	6
OG0015201	2	2	2	6
OG0015202	2	2	2	6
OG0015203	2	2	2	6
OG0015204	2	2	2	6
OG0015205	2	2	2	6
OG0015206	2	2	2	6
OG0015207	2	2	2	6
OG0015208	2	2	2	6
OG0015209	2	2	2	6
OG0015210	2	2	2	6
OG0015211	2	2	2	6
OG0015212	2	2	2	6
OG0015213	1	3	2	6
OG0015214	2	2	2	6
OG0015215	2	2	2	6
OG0015216	2	2	2	6
OG0015217	2	2	2	6
OG0015218	2	2	2	6
OG0015219	2	2	2	6
OG0015220	2	2	2	6
OG0015221	2	2	2	6
OG0015222	4	2	0	6
OG0015223	2	2	2	6
OG0015224	2	2	2	6
OG0015225	2	2	2	6
OG0015226	2	2	2	6
OG0015227	2	2	2	6
OG0015228	2	2	2	6
OG0015229	3	3	0	6
OG0015230	2	2	2	6
OG0015231	2	2	2	6
OG0015232	2	2	2	6
OG0015233	2	2	2	6
OG0015234	2	2	2	6
OG0015235	2	2	2	6
OG0015236	2	2	2	6
OG0015237	2	2	2	6
OG0015238	2	2	2	6
OG0015239	2	2	2	6
OG0015240	2	2	2	6
OG0015241	2	2	2	6
OG0015242	2	2	2	6
OG0015243	2	2	2	6
OG0015244	2	2	2	6
OG0015245	2	2	2	6
OG0015246	2	2	2	6
OG0015247	2	2	2	6
OG0015248	2	2	2	6
OG0015249	2	4	0	6
OG0015250	2	2	2	6
OG0015251	2	2	2	6
OG0015252	2	2	2	6
OG0015253	2	3	1	6
OG0015254	1	3	2	6
OG0015255	1	3	2	6
OG0015256	2	3	1	6
OG0015257	1	3	2	6
OG0015258	1	4	1	6
OG0015259	2	3	1	6
OG0015260	1	3	2	6
OG0015261	2	1	3	6
OG0015262	2	2	2	6
OG0015263	2	2	2	6
OG0015264	1	3	2	6
OG0015265	2	2	2	6
OG0015266	1	3	2	6
OG0015267	2	2	2	6
OG0015268	1	4	1	6
OG0015269	1	3	2	6
OG0015270	1	3	2	6
OG0015271	1	3	2	6
OG0015272	2	2	2	6
OG0015273	4	1	1	6
OG0015274	1	3	2	6
OG0015275	4	2	0	6
OG0015276	1	3	2	6
OG0015277	2	3	1	6
OG0015278	2	2	2	6
OG0015279	2	2	2	6
OG0015280	1	2	3	6
OG0015281	2	2	2	6
OG0015282	1	3	2	6
OG0015283	1	3	2	6
OG0015284	4	1	1	6
OG0015285	2	2	2	6
OG0015286	1	3	2	6
OG0015287	1	2	3	6
OG0015288	4	0	2	6
OG0015289	1	4	1	6
OG0015290	1	3	2	6
OG0015291	1	3	2	6
OG0015292	4	1	1	6
OG0015293	2	2	2	6
OG0015294	2	2	2	6
OG0015295	3	2	1	6
OG0015296	1	3	2	6
OG0015297	2	2	2	6
OG0015298	2	2	2	6
OG0015299	2	2	2	6
OG0015300	2	2	2	6
OG0015301	2	2	2	6
OG0015302	2	2	2	6
OG0015303	1	3	2	6
OG0015304	1	3	2	6
OG0015305	2	2	2	6
OG0015306	2	2	2	6
OG0015307	2	2	2	6
OG0015308	2	2	2	6
OG0015309	2	2	2	6
OG0015310	2	2	2	6
OG0015311	2	2	2	6
OG0015312	2	2	2	6
OG0015313	2	2	2	6
OG0015314	2	2	2	6
OG0015315	2	2	2	6
OG0015316	2	2	2	6
OG0015317	2	2	2	6
OG0015318	2	2	2	6
OG0015319	2	2	2	6
OG0015320	2	2	2	6
OG0015321	2	2	2	6
OG0015322	2	2	2	6
OG0015323	2	2	2	6
OG0015324	2	2	2	6
OG0015325	2	2	2	6
OG0015326	2	2	2	6
OG0015327	2	2	2	6
OG0015328	1	3	2	6
OG0015329	2	2	2	6
OG0015330	2	2	2	6
OG0015331	2	2	2	6
OG0015332	4	1	1	6
OG0015333	2	2	2	6
OG0015334	2	2	2	6
OG0015335	2	2	2	6
OG0015336	2	2	2	6
OG0015337	2	2	2	6
OG0015338	3	2	1	6
OG0015339	1	2	3	6
OG0015340	2	2	2	6
OG0015341	2	2	2	6
OG0015342	2	2	2	6
OG0015343	2	2	2	6
OG0015344	2	2	2	6
OG0015345	2	2	2	6
OG0015346	2	2	2	6
OG0015347	2	2	2	6
OG0015348	2	2	2	6
OG0015349	2	2	2	6
OG0015350	2	2	2	6
OG0015351	2	2	2	6
OG0015352	2	2	2	6
OG0015353	4	0	2	6
OG0015354	2	2	2	6
OG0015355	2	2	2	6
OG0015356	2	2	2	6
OG0015357	2	2	2	6
OG0015358	2	2	2	6
OG0015359	3	1	2	6
OG0015360	2	2	2	6
OG0015361	2	2	2	6
OG0015362	2	2	2	6
OG0015363	2	2	2	6
OG0015364	2	2	2	6
OG0015365	2	2	2	6
OG0015366	2	2	2	6
OG0015367	2	2	2	6
OG0015368	2	2	2	6
OG0015369	2	2	2	6
OG0015370	2	2	2	6
OG0015371	2	2	2	6
OG0015372	2	2	2	6
OG0015373	2	2	2	6
OG0015374	2	2	2	6
OG0015375	2	2	2	6
OG0015376	2	2	2	6
OG0015377	2	2	2	6
OG0015378	2	2	2	6
OG0015379	2	2	2	6
OG0015380	2	2	2	6
OG0015381	2	2	2	6
OG0015382	2	2	2	6
OG0015383	2	2	2	6
OG0015384	2	2	2	6
OG0015385	2	2	2	6
OG0015386	2	2	2	6
OG0015387	2	2	2	6
OG0015388	2	2	2	6
OG0015389	3	1	2	6
OG0015390	2	2	2	6
OG0015391	2	2	2	6
OG0015392	2	2	2	6
OG0015393	2	2	2	6
OG0015394	2	2	2	6
OG0015395	2	2	2	6
OG0015396	2	2	2	6
OG0015397	2	2	2	6
OG0015398	2	3	1	6
OG0015399	2	2	2	6
OG0015400	2	2	2	6
OG0015401	2	2	2	6
OG0015402	2	2	2	6
OG0015403	2	2	2	6
OG0015404	2	2	2	6
OG0015405	2	2	2	6
OG0015406	2	2	2	6
OG0015407	2	2	2	6
OG0015408	2	2	2	6
OG0015409	2	2	2	6
OG0015410	2	2	2	6
OG0015411	2	2	2	6
OG0015412	2	2	2	6
OG0015413	2	2	2	6
OG0015414	2	2	2	6
OG0015415	2	2	2	6
OG0015416	2	2	2	6
OG0015417	2	2	2	6
OG0015418	2	2	2	6
OG0015419	2	2	2	6
OG0015420	2	2	2	6
OG0015421	2	2	2	6
OG0015422	2	2	2	6
OG0015423	2	2	2	6
OG0015424	2	2	2	6
OG0015425	2	2	2	6
OG0015426	2	2	2	6
OG0015427	2	2	2	6
OG0015428	2	2	2	6
OG0015429	2	2	2	6
OG0015430	2	2	2	6
OG0015431	2	2	2	6
OG0015432	2	2	2	6
OG0015433	2	2	2	6
OG0015434	2	2	2	6
OG0015435	2	2	2	6
OG0015436	2	2	2	6
OG0015437	2	2	2	6
OG0015438	2	2	2	6
OG0015439	2	2	2	6
OG0015440	2	2	2	6
OG0015441	2	2	2	6
OG0015442	2	2	2	6
OG0015443	2	2	2	6
OG0015444	2	2	2	6
OG0015445	2	2	2	6
OG0015446	2	2	2	6
OG0015447	2	2	2	6
OG0015448	2	2	2	6
OG0015449	2	2	2	6
OG0015450	2	2	2	6
OG0015451	2	2	2	6
OG0015452	2	2	2	6
OG0015453	2	2	2	6
OG0015454	2	2	2	6
OG0015455	2	2	2	6
OG0015456	2	2	2	6
OG0015457	2	2	2	6
OG0015458	2	2	2	6
OG0015459	4	2	0	6
OG0015460	2	2	2	6
OG0015461	2	2	2	6
OG0015462	2	2	2	6
OG0015463	2	2	2	6
OG0015464	2	2	2	6
OG0015465	2	2	2	6
OG0015466	3	2	1	6
OG0015467	2	2	2	6
OG0015468	2	2	2	6
OG0015469	2	2	2	6
OG0015470	2	2	2	6
OG0015471	2	2	2	6
OG0015472	2	2	2	6
OG0015473	2	2	2	6
OG0015474	2	2	2	6
OG0015475	2	2	2	6
OG0015476	2	2	2	6
OG0015477	2	2	2	6
OG0015478	2	3	1	6
OG0015479	2	2	2	6
OG0015480	2	2	2	6
OG0015481	2	2	2	6
OG0015482	2	2	2	6
OG0015483	2	2	2	6
OG0015484	2	2	2	6
OG0015485	2	2	2	6
OG0015486	2	2	2	6
OG0015487	2	2	2	6
OG0015488	2	2	2	6
OG0015489	2	2	2	6
OG0015490	2	2	2	6
OG0015491	2	2	2	6
OG0015492	2	2	2	6
OG0015493	2	2	2	6
OG0015494	2	2	2	6
OG0015495	2	2	2	6
OG0015496	2	2	2	6
OG0015497	2	2	2	6
OG0015498	1	2	3	6
OG0015499	2	2	2	6
OG0015500	2	2	2	6
OG0015501	2	2	2	6
OG0015502	2	2	2	6
OG0015503	2	2	2	6
OG0015504	2	2	2	6
OG0015505	2	2	2	6
OG0015506	2	2	2	6
OG0015507	2	2	2	6
OG0015508	2	2	2	6
OG0015509	2	2	2	6
OG0015510	2	2	2	6
OG0015511	2	2	2	6
OG0015512	2	2	2	6
OG0015513	2	2	2	6
OG0015514	2	2	2	6
OG0015515	2	2	2	6
OG0015516	2	2	2	6
OG0015517	2	2	2	6
OG0015518	2	2	2	6
OG0015519	2	2	2	6
OG0015520	2	3	1	6
OG0015521	2	2	2	6
OG0015522	2	2	2	6
OG0015523	2	2	2	6
OG0015524	2	2	2	6
OG0015525	2	2	2	6
OG0015526	2	2	2	6
OG0015527	2	2	2	6
OG0015528	2	2	2	6
OG0015529	2	2	2	6
OG0015530	2	2	2	6
OG0015531	2	2	2	6
OG0015532	2	2	2	6
OG0015533	2	2	2	6
OG0015534	2	2	2	6
OG0015535	2	2	2	6
OG0015536	3	1	2	6
OG0015537	2	2	2	6
OG0015538	2	2	2	6
OG0015539	2	2	2	6
OG0015540	2	2	2	6
OG0015541	2	2	2	6
OG0015542	2	2	2	6
OG0015543	2	2	2	6
OG0015544	2	2	2	6
OG0015545	2	2	2	6
OG0015546	2	2	2	6
OG0015547	2	2	2	6
OG0015548	2	2	2	6
OG0015549	2	2	2	6
OG0015550	2	2	2	6
OG0015551	2	2	2	6
OG0015552	2	2	2	6
OG0015553	2	2	2	6
OG0015554	2	2	2	6
OG0015555	2	2	2	6
OG0015556	2	2	2	6
OG0015557	2	2	2	6
OG0015558	2	2	2	6
OG0015559	2	2	2	6
OG0015560	1	3	2	6
OG0015561	2	2	2	6
OG0015562	2	2	2	6
OG0015563	2	2	2	6
OG0015564	2	2	2	6
OG0015565	2	2	2	6
OG0015566	2	2	2	6
OG0015567	3	1	2	6
OG0015568	2	2	2	6
OG0015569	2	2	2	6
OG0015570	2	2	2	6
OG0015571	2	2	2	6
OG0015572	4	0	2	6
OG0015573	1	3	2	6
OG0015574	1	3	2	6
OG0015575	2	2	2	6
OG0015576	2	2	2	6
OG0015577	2	2	2	6
OG0015578	2	2	2	6
OG0015579	2	2	2	6
OG0015580	2	2	2	6
OG0015581	2	2	2	6
OG0015582	2	2	2	6
OG0015583	1	3	2	6
OG0015584	2	2	2	6
OG0015585	2	2	2	6
OG0015586	2	2	2	6
OG0015587	2	2	2	6
OG0015588	2	2	2	6
OG0015589	2	2	2	6
OG0015590	2	2	2	6
OG0015591	2	2	2	6
OG0015592	2	2	2	6
OG0015593	2	2	2	6
OG0015594	2	2	2	6
OG0015595	2	2	2	6
OG0015596	2	2	2	6
OG0015597	2	2	2	6
OG0015598	2	2	2	6
OG0015599	1	3	2	6
OG0015600	2	2	2	6
OG0015601	2	2	2	6
OG0015602	1	3	2	6
OG0015603	2	2	2	6
OG0015604	2	2	2	6
OG0015605	2	2	2	6
OG0015606	2	2	2	6
OG0015607	2	2	2	6
OG0015608	2	2	2	6
OG0015609	2	2	2	6
OG0015610	1	3	2	6
OG0015611	2	2	2	6
OG0015612	1	3	2	6
OG0015613	2	2	2	6
OG0015614	2	2	2	6
OG0015615	2	2	2	6
OG0015616	2	2	2	6
OG0015617	4	2	0	6
OG0015618	2	2	2	6
OG0015619	2	2	2	6
OG0015620	2	2	2	6
OG0015621	1	3	2	6
OG0015622	2	2	2	6
OG0015623	2	2	2	6
OG0015624	2	2	2	6
OG0015625	2	2	2	6
OG0015626	2	2	2	6
OG0015627	2	2	2	6
OG0015628	3	2	1	6
OG0015629	2	2	2	6
OG0015630	2	2	2	6
OG0015631	3	1	2	6
OG0015632	2	2	2	6
OG0015633	2	2	2	6
OG0015634	2	2	2	6
OG0015635	2	2	2	6
OG0015636	2	2	2	6
OG0015637	2	2	2	6
OG0015638	2	2	2	6
OG0015639	2	2	2	6
OG0015640	2	2	2	6
OG0015641	2	2	2	6
OG0015642	2	2	2	6
OG0015643	2	2	2	6
OG0015644	2	2	2	6
OG0015645	2	2	2	6
OG0015646	2	2	2	6
OG0015647	2	2	2	6
OG0015648	2	2	2	6
OG0015649	2	2	2	6
OG0015650	2	2	2	6
OG0015651	2	2	2	6
OG0015652	2	2	2	6
OG0015653	2	2	2	6
OG0015654	2	3	1	6
OG0015655	2	2	2	6
OG0015656	2	2	2	6
OG0015657	2	2	2	6
OG0015658	2	2	2	6
OG0015659	2	2	2	6
OG0015660	2	2	2	6
OG0015661	2	2	2	6
OG0015662	2	2	2	6
OG0015663	2	2	2	6
OG0015664	2	2	2	6
OG0015665	2	2	2	6
OG0015666	2	2	2	6
OG0015667	2	2	2	6
OG0015668	2	2	2	6
OG0015669	2	2	2	6
OG0015670	2	2	2	6
OG0015671	2	2	2	6
OG0015672	2	2	2	6
OG0015673	2	2	2	6
OG0015674	2	2	2	6
OG0015675	2	2	2	6
OG0015676	2	2	2	6
OG0015677	2	2	2	6
OG0015678	2	2	2	6
OG0015679	2	2	2	6
OG0015680	2	2	2	6
OG0015681	2	2	2	6
OG0015682	2	2	2	6
OG0015683	2	2	2	6
OG0015684	2	2	2	6
OG0015685	2	2	2	6
OG0015686	2	2	2	6
OG0015687	2	2	2	6
OG0015688	2	2	2	6
OG0015689	2	2	2	6
OG0015690	2	2	2	6
OG0015691	2	2	2	6
OG0015692	2	2	2	6
OG0015693	2	2	2	6
OG0015694	2	2	2	6
OG0015695	2	2	2	6
OG0015696	2	2	2	6
OG0015697	2	2	2	6
OG0015698	2	2	2	6
OG0015699	2	2	2	6
OG0015700	2	2	2	6
OG0015701	2	2	2	6
OG0015702	2	2	2	6
OG0015703	2	2	2	6
OG0015704	2	2	2	6
OG0015705	1	3	2	6
OG0015706	2	2	2	6
OG0015707	2	2	2	6
OG0015708	2	2	2	6
OG0015709	2	2	2	6
OG0015710	2	2	2	6
OG0015711	2	2	2	6
OG0015712	2	2	2	6
OG0015713	2	3	1	6
OG0015714	2	2	2	6
OG0015715	2	2	2	6
OG0015716	2	2	2	6
OG0015717	2	2	2	6
OG0015718	2	2	2	6
OG0015719	2	2	2	6
OG0015720	2	2	2	6
OG0015721	2	2	2	6
OG0015722	2	2	2	6
OG0015723	2	2	2	6
OG0015724	2	2	2	6
OG0015725	2	2	2	6
OG0015726	2	2	2	6
OG0015727	2	2	2	6
OG0015728	2	2	2	6
OG0015729	2	2	2	6
OG0015730	2	2	2	6
OG0015731	2	2	2	6
OG0015732	2	2	2	6
OG0015733	2	2	2	6
OG0015734	2	2	2	6
OG0015735	2	2	2	6
OG0015736	2	2	2	6
OG0015737	2	2	2	6
OG0015738	2	2	2	6
OG0015739	2	2	2	6
OG0015740	2	2	2	6
OG0015741	2	2	2	6
OG0015742	2	2	2	6
OG0015743	2	2	2	6
OG0015744	2	2	2	6
OG0015745	2	2	2	6
OG0015746	2	2	2	6
OG0015747	2	2	2	6
OG0015748	2	2	2	6
OG0015749	2	2	2	6
OG0015750	2	2	2	6
OG0015751	2	2	2	6
OG0015752	2	2	2	6
OG0015753	2	2	2	6
OG0015754	2	2	2	6
OG0015755	2	2	2	6
OG0015756	2	2	2	6
OG0015757	2	2	2	6
OG0015758	2	2	2	6
OG0015759	2	2	2	6
OG0015760	2	2	2	6
OG0015761	2	2	2	6
OG0015762	2	2	2	6
OG0015763	2	2	2	6
OG0015764	2	2	2	6
OG0015765	2	2	2	6
OG0015766	2	2	2	6
OG0015767	2	2	2	6
OG0015768	2	2	2	6
OG0015769	2	2	2	6
OG0015770	2	2	2	6
OG0015771	2	2	2	6
OG0015772	2	2	2	6
OG0015773	2	2	2	6
OG0015774	2	2	2	6
OG0015775	2	2	2	6
OG0015776	2	2	2	6
OG0015777	5	1	0	6
OG0015778	2	2	2	6
OG0015779	2	2	2	6
OG0015780	2	2	2	6
OG0015781	2	2	2	6
OG0015782	2	2	2	6
OG0015783	2	2	2	6
OG0015784	2	2	2	6
OG0015785	2	2	2	6
OG0015786	2	2	2	6
OG0015787	2	2	2	6
OG0015788	2	2	2	6
OG0015789	2	2	2	6
OG0015790	2	2	2	6
OG0015791	2	2	2	6
OG0015792	2	2	2	6
OG0015793	2	2	2	6
OG0015794	2	2	2	6
OG0015795	2	2	2	6
OG0015796	1	3	2	6
OG0015797	2	2	2	6
OG0015798	2	2	2	6
OG0015799	2	2	2	6
OG0015800	2	2	2	6
OG0015801	2	2	2	6
OG0015802	2	2	2	6
OG0015803	2	2	2	6
OG0015804	2	2	2	6
OG0015805	2	2	2	6
OG0015806	2	2	2	6
OG0015807	2	2	2	6
OG0015808	2	2	2	6
OG0015809	2	2	2	6
OG0015810	2	2	2	6
OG0015811	1	3	2	6
OG0015812	2	2	2	6
OG0015813	2	2	2	6
OG0015814	2	2	2	6
OG0015815	2	2	2	6
OG0015816	2	2	2	6
OG0015817	1	3	2	6
OG0015818	2	2	2	6
OG0015819	2	2	2	6
OG0015820	2	2	2	6
OG0015821	2	2	2	6
OG0015822	2	2	2	6
OG0015823	2	2	2	6
OG0015824	1	3	2	6
OG0015825	1	3	2	6
OG0015826	2	2	2	6
OG0015827	2	2	2	6
OG0015828	2	2	2	6
OG0015829	2	2	2	6
OG0015830	2	2	2	6
OG0015831	2	2	2	6
OG0015832	2	2	2	6
OG0015833	2	2	2	6
OG0015834	2	2	2	6
OG0015835	2	2	2	6
OG0015836	2	2	2	6
OG0015837	2	2	2	6
OG0015838	2	2	2	6
OG0015839	2	2	2	6
OG0015840	2	2	2	6
OG0015841	3	1	2	6
OG0015842	2	2	2	6
OG0015843	2	2	2	6
OG0015844	2	2	2	6
OG0015845	2	2	2	6
OG0015846	2	2	2	6
OG0015847	2	2	2	6
OG0015848	2	2	2	6
OG0015849	2	2	2	6
OG0015850	2	2	2	6
OG0015851	2	2	2	6
OG0015852	2	2	2	6
OG0015853	2	2	2	6
OG0015854	2	2	2	6
OG0015855	2	2	2	6
OG0015856	2	2	2	6
OG0015857	2	2	2	6
OG0015858	1	4	1	6
OG0015859	2	2	2	6
OG0015860	2	2	2	6
OG0015861	2	2	2	6
OG0015862	2	2	2	6
OG0015863	2	2	2	6
OG0015864	2	2	2	6
OG0015865	2	2	2	6
OG0015866	3	1	2	6
OG0015867	2	2	2	6
OG0015868	2	2	2	6
OG0015869	2	2	2	6
OG0015870	2	2	2	6
OG0015871	2	2	2	6
OG0015872	2	2	2	6
OG0015873	2	2	2	6
OG0015874	2	2	2	6
OG0015875	2	2	2	6
OG0015876	2	2	2	6
OG0015877	2	2	2	6
OG0015878	2	2	2	6
OG0015879	2	2	2	6
OG0015880	2	2	2	6
OG0015881	2	2	2	6
OG0015882	2	2	2	6
OG0015883	2	2	2	6
OG0015884	2	2	2	6
OG0015885	2	2	2	6
OG0015886	2	2	2	6
OG0015887	2	2	2	6
OG0015888	2	2	2	6
OG0015889	2	2	2	6
OG0015890	2	2	2	6
OG0015891	2	2	2	6
OG0015892	2	2	2	6
OG0015893	2	0	4	6
OG0015894	2	2	2	6
OG0015895	2	2	2	6
OG0015896	2	2	2	6
OG0015897	2	2	2	6
OG0015898	2	2	2	6
OG0015899	2	2	2	6
OG0015900	2	2	2	6
OG0015901	2	2	2	6
OG0015902	2	2	2	6
OG0015903	2	2	2	6
OG0015904	2	2	2	6
OG0015905	2	2	2	6
OG0015906	2	2	2	6
OG0015907	2	2	2	6
OG0015908	2	2	2	6
OG0015909	2	2	2	6
OG0015910	2	2	2	6
OG0015911	2	2	2	6
OG0015912	2	2	2	6
OG0015913	2	2	2	6
OG0015914	2	2	2	6
OG0015915	2	2	2	6
OG0015916	2	2	2	6
OG0015917	2	2	2	6
OG0015918	2	2	2	6
OG0015919	2	2	2	6
OG0015920	2	2	2	6
OG0015921	2	2	2	6
OG0015922	2	2	2	6
OG0015923	2	2	2	6
OG0015924	2	2	2	6
OG0015925	2	2	2	6
OG0015926	2	2	2	6
OG0015927	2	2	2	6
OG0015928	2	2	2	6
OG0015929	2	2	2	6
OG0015930	2	2	2	6
OG0015931	2	3	1	6
OG0015932	2	2	2	6
OG0015933	2	2	2	6
OG0015934	2	3	1	6
OG0015935	2	2	2	6
OG0015936	2	3	1	6
OG0015937	2	2	2	6
OG0015938	2	2	2	6
OG0015939	2	2	2	6
OG0015940	2	2	2	6
OG0015941	2	2	2	6
OG0015942	2	2	2	6
OG0015943	2	2	2	6
OG0015944	2	2	2	6
OG0015945	2	2	2	6
OG0015946	2	2	2	6
OG0015947	2	2	2	6
OG0015948	3	1	2	6
OG0015949	2	2	2	6
OG0015950	2	2	2	6
OG0015951	2	2	2	6
OG0015952	2	2	2	6
OG0015953	2	2	2	6
OG0015954	2	2	2	6
OG0015955	2	2	2	6
OG0015956	2	2	2	6
OG0015957	2	2	2	6
OG0015958	2	2	2	6
OG0015959	2	2	2	6
OG0015960	2	2	2	6
OG0015961	2	2	2	6
OG0015962	2	2	2	6
OG0015963	2	2	2	6
OG0015964	2	2	2	6
OG0015965	2	2	2	6
OG0015966	2	2	2	6
OG0015967	2	2	2	6
OG0015968	2	2	2	6
OG0015969	2	2	2	6
OG0015970	2	2	2	6
OG0015971	2	2	2	6
OG0015972	2	2	2	6
OG0015973	2	2	2	6
OG0015974	2	2	2	6
OG0015975	2	2	2	6
OG0015976	2	2	2	6
OG0015977	2	2	2	6
OG0015978	2	2	2	6
OG0015979	2	2	2	6
OG0015980	2	2	2	6
OG0015981	2	2	2	6
OG0015982	2	2	2	6
OG0015983	2	2	2	6
OG0015984	2	2	2	6
OG0015985	2	2	2	6
OG0015986	2	2	2	6
OG0015987	2	2	2	6
OG0015988	2	2	2	6
OG0015989	2	2	2	6
OG0015990	2	2	2	6
OG0015991	2	2	2	6
OG0015992	2	2	2	6
OG0015993	2	2	2	6
OG0015994	2	2	2	6
OG0015995	2	2	2	6
OG0015996	2	2	2	6
OG0015997	2	2	2	6
OG0015998	2	2	2	6
OG0015999	2	2	2	6
OG0016000	2	2	2	6
OG0016001	2	2	2	6
OG0016002	2	2	2	6
OG0016003	1	3	2	6
OG0016004	2	2	2	6
OG0016005	2	2	2	6
OG0016006	2	2	2	6
OG0016007	2	2	2	6
OG0016008	2	2	2	6
OG0016009	2	2	2	6
OG0016010	2	2	2	6
OG0016011	2	2	2	6
OG0016012	2	2	2	6
OG0016013	2	2	2	6
OG0016014	2	2	2	6
OG0016015	2	2	2	6
OG0016016	2	2	2	6
OG0016017	2	2	2	6
OG0016018	1	3	2	6
OG0016019	2	2	2	6
OG0016020	2	2	2	6
OG0016021	2	2	2	6
OG0016022	2	2	2	6
OG0016023	2	2	2	6
OG0016024	2	2	2	6
OG0016025	2	2	2	6
OG0016026	2	2	2	6
OG0016027	2	2	2	6
OG0016028	2	2	2	6
OG0016029	2	2	2	6
OG0016030	2	2	2	6
OG0016031	2	2	2	6
OG0016032	2	2	2	6
OG0016033	2	2	2	6
OG0016034	2	2	2	6
OG0016035	2	2	2	6
OG0016036	2	2	2	6
OG0016037	2	2	2	6
OG0016038	2	2	2	6
OG0016039	2	2	2	6
OG0016040	2	2	2	6
OG0016041	2	2	2	6
OG0016042	2	2	2	6
OG0016043	2	2	2	6
OG0016044	2	2	2	6
OG0016045	2	2	2	6
OG0016046	2	2	2	6
OG0016047	2	2	2	6
OG0016048	2	2	2	6
OG0016049	2	2	2	6
OG0016050	2	2	2	6
OG0016051	2	2	2	6
OG0016052	2	2	2	6
OG0016053	2	2	2	6
OG0016054	2	2	2	6
OG0016055	2	2	2	6
OG0016056	1	3	2	6
OG0016057	2	2	2	6
OG0016058	2	2	2	6
OG0016059	2	2	2	6
OG0016060	2	2	2	6
OG0016061	2	2	2	6
OG0016062	2	2	2	6
OG0016063	2	2	2	6
OG0016064	2	2	2	6
OG0016065	2	2	2	6
OG0016066	2	2	2	6
OG0016067	2	2	2	6
OG0016068	2	2	2	6
OG0016069	2	2	2	6
OG0016070	2	2	2	6
OG0016071	2	2	2	6
OG0016072	2	2	2	6
OG0016073	2	2	2	6
OG0016074	2	2	2	6
OG0016075	2	2	2	6
OG0016076	2	2	2	6
OG0016077	2	2	2	6
OG0016078	2	2	2	6
OG0016079	3	1	2	6
OG0016080	2	2	2	6
OG0016081	2	2	2	6
OG0016082	2	2	2	6
OG0016083	2	3	1	6
OG0016084	2	2	2	6
OG0016085	2	2	2	6
OG0016086	2	2	2	6
OG0016087	2	3	1	6
OG0016088	2	2	2	6
OG0016089	1	3	2	6
OG0016090	1	3	2	6
OG0016091	2	2	2	6
OG0016092	2	2	2	6
OG0016093	2	2	2	6
OG0016094	2	2	2	6
OG0016095	2	2	2	6
OG0016096	2	2	2	6
OG0016097	2	2	2	6
OG0016098	2	2	2	6
OG0016099	2	2	2	6
OG0016100	2	2	2	6
OG0016101	2	2	2	6
OG0016102	2	2	2	6
OG0016103	2	2	2	6
OG0016104	2	2	2	6
OG0016105	2	2	2	6
OG0016106	2	2	2	6
OG0016107	2	2	2	6
OG0016108	2	2	2	6
OG0016109	2	2	2	6
OG0016110	2	2	2	6
OG0016111	2	2	2	6
OG0016112	2	2	2	6
OG0016113	2	2	2	6
OG0016114	2	2	2	6
OG0016115	2	2	2	6
OG0016116	2	2	2	6
OG0016117	2	2	2	6
OG0016118	2	2	2	6
OG0016119	2	2	2	6
OG0016120	2	2	2	6
OG0016121	2	2	2	6
OG0016122	2	2	2	6
OG0016123	2	2	2	6
OG0016124	2	2	2	6
OG0016125	2	2	2	6
OG0016126	2	2	2	6
OG0016127	2	4	0	6
OG0016128	3	3	0	6
OG0016129	2	2	2	6
OG0016130	2	2	2	6
OG0016131	2	2	2	6
OG0016132	2	2	2	6
OG0016133	3	1	2	6
OG0016134	2	2	2	6
OG0016135	2	2	2	6
OG0016136	2	2	2	6
OG0016137	2	2	2	6
OG0016138	2	2	2	6
OG0016139	2	2	2	6
OG0016140	2	2	2	6
OG0016141	2	2	2	6
OG0016142	2	2	2	6
OG0016143	2	2	2	6
OG0016144	2	2	2	6
OG0016145	2	2	2	6
OG0016146	2	2	2	6
OG0016147	2	2	2	6
OG0016148	2	2	2	6
OG0016149	2	2	2	6
OG0016150	4	0	2	6
OG0016151	2	2	2	6
OG0016152	2	2	2	6
OG0016153	1	3	2	6
OG0016154	2	2	2	6
OG0016155	2	2	2	6
OG0016156	2	2	2	6
OG0016157	2	3	1	6
OG0016158	2	2	2	6
OG0016159	1	3	2	6
OG0016160	2	2	2	6
OG0016161	2	2	2	6
OG0016162	2	2	2	6
OG0016163	2	2	2	6
OG0016164	2	2	2	6
OG0016165	2	2	2	6
OG0016166	2	2	2	6
OG0016167	2	2	2	6
OG0016168	2	2	2	6
OG0016169	2	2	2	6
OG0016170	2	2	2	6
OG0016171	2	2	2	6
OG0016172	2	2	2	6
OG0016173	2	2	2	6
OG0016174	2	2	2	6
OG0016175	2	2	2	6
OG0016176	2	2	2	6
OG0016177	2	2	2	6
OG0016178	2	2	2	6
OG0016179	2	2	2	6
OG0016180	2	2	2	6
OG0016181	2	2	2	6
OG0016182	2	2	2	6
OG0016183	2	2	2	6
OG0016184	2	2	2	6
OG0016185	2	2	2	6
OG0016186	2	2	2	6
OG0016187	2	2	2	6
OG0016188	2	2	2	6
OG0016189	2	2	2	6
OG0016190	2	2	2	6
OG0016191	2	2	2	6
OG0016192	2	2	2	6
OG0016193	2	2	2	6
OG0016194	2	2	2	6
OG0016195	2	2	2	6
OG0016196	2	3	1	6
OG0016197	2	2	2	6
OG0016198	2	2	2	6
OG0016199	2	2	2	6
OG0016200	2	2	2	6
OG0016201	2	2	2	6
OG0016202	2	2	2	6
OG0016203	2	2	2	6
OG0016204	2	2	2	6
OG0016205	2	2	2	6
OG0016206	1	3	2	6
OG0016207	2	2	2	6
OG0016208	2	2	2	6
OG0016209	2	2	2	6
OG0016210	2	2	2	6
OG0016211	2	2	2	6
OG0016212	2	2	2	6
OG0016213	2	2	2	6
OG0016214	1	2	3	6
OG0016215	2	2	2	6
OG0016216	2	2	2	6
OG0016217	2	2	2	6
OG0016218	2	2	2	6
OG0016219	2	2	2	6
OG0016220	2	2	2	6
OG0016221	2	2	2	6
OG0016222	2	2	2	6
OG0016223	2	2	2	6
OG0016224	2	2	2	6
OG0016225	2	2	2	6
OG0016226	2	2	2	6
OG0016227	2	2	2	6
OG0016228	2	2	2	6
OG0016229	2	2	2	6
OG0016230	2	2	2	6
OG0016231	2	2	2	6
OG0016232	2	2	2	6
OG0016233	3	1	2	6
OG0016234	2	2	2	6
OG0016235	2	2	2	6
OG0016236	2	2	2	6
OG0016237	2	2	2	6
OG0016238	2	2	2	6
OG0016239	2	2	2	6
OG0016240	2	2	2	6
OG0016241	2	2	2	6
OG0016242	2	2	2	6
OG0016243	2	2	2	6
OG0016244	2	2	2	6
OG0016245	2	2	2	6
OG0016246	2	2	2	6
OG0016247	2	2	2	6
OG0016248	2	2	2	6
OG0016249	2	2	2	6
OG0016250	2	2	2	6
OG0016251	2	2	2	6
OG0016252	2	2	2	6
OG0016253	2	2	2	6
OG0016254	2	2	2	6
OG0016255	2	2	2	6
OG0016256	2	2	2	6
OG0016257	2	2	2	6
OG0016258	2	2	2	6
OG0016259	2	2	2	6
OG0016260	2	2	2	6
OG0016261	2	2	2	6
OG0016262	2	2	2	6
OG0016263	2	2	2	6
OG0016264	2	2	2	6
OG0016265	2	2	2	6
OG0016266	2	2	2	6
OG0016267	2	2	2	6
OG0016268	2	2	2	6
OG0016269	2	2	2	6
OG0016270	2	2	2	6
OG0016271	2	2	2	6
OG0016272	2	2	2	6
OG0016273	2	2	2	6
OG0016274	2	2	2	6
OG0016275	2	2	2	6
OG0016276	2	2	2	6
OG0016277	2	2	2	6
OG0016278	2	2	2	6
OG0016279	2	2	2	6
OG0016280	2	2	2	6
OG0016281	2	2	2	6
OG0016282	2	2	2	6
OG0016283	2	2	2	6
OG0016284	2	2	2	6
OG0016285	2	2	2	6
OG0016286	2	2	2	6
OG0016287	2	2	2	6
OG0016288	2	2	2	6
OG0016289	2	2	2	6
OG0016290	2	2	2	6
OG0016291	2	2	2	6
OG0016292	2	2	2	6
OG0016293	2	2	2	6
OG0016294	2	2	2	6
OG0016295	2	2	2	6
OG0016296	2	2	2	6
OG0016297	2	2	2	6
OG0016298	2	2	2	6
OG0016299	2	2	2	6
OG0016300	2	2	2	6
OG0016301	2	2	2	6
OG0016302	2	2	2	6
OG0016303	2	2	2	6
OG0016304	2	2	2	6
OG0016305	2	2	2	6
OG0016306	2	2	2	6
OG0016307	2	2	2	6
OG0016308	2	2	2	6
OG0016309	2	2	2	6
OG0016310	2	2	2	6
OG0016311	2	2	2	6
OG0016312	1	3	2	6
OG0016313	2	2	2	6
OG0016314	1	3	2	6
OG0016315	2	2	2	6
OG0016316	2	2	2	6
OG0016317	2	2	2	6
OG0016318	2	2	2	6
OG0016319	2	2	2	6
OG0016320	2	2	2	6
OG0016321	2	2	2	6
OG0016322	2	2	2	6
OG0016323	2	2	2	6
OG0016324	2	2	2	6
OG0016325	2	2	2	6
OG0016326	2	2	2	6
OG0016327	2	2	2	6
OG0016328	1	3	2	6
OG0016329	2	2	2	6
OG0016330	2	2	2	6
OG0016331	2	2	2	6
OG0016332	2	2	2	6
OG0016333	2	2	2	6
OG0016334	2	2	2	6
OG0016335	2	2	2	6
OG0016336	2	2	2	6
OG0016337	2	2	2	6
OG0016338	2	2	2	6
OG0016339	2	2	2	6
OG0016340	2	2	2	6
OG0016341	2	2	2	6
OG0016342	2	2	2	6
OG0016343	2	2	2	6
OG0016344	2	2	2	6
OG0016345	2	2	2	6
OG0016346	2	2	2	6
OG0016347	2	2	2	6
OG0016348	2	2	2	6
OG0016349	2	2	2	6
OG0016350	2	2	2	6
OG0016351	2	2	2	6
OG0016352	2	2	2	6
OG0016353	2	2	2	6
OG0016354	2	2	2	6
OG0016355	2	2	2	6
OG0016356	2	2	2	6
OG0016357	2	2	2	6
OG0016358	2	2	2	6
OG0016359	2	2	2	6
OG0016360	2	2	2	6
OG0016361	2	2	2	6
OG0016362	2	2	2	6
OG0016363	2	2	2	6
OG0016364	2	2	2	6
OG0016365	2	2	2	6
OG0016366	2	2	2	6
OG0016367	2	2	2	6
OG0016368	2	2	2	6
OG0016369	2	2	2	6
OG0016370	2	2	2	6
OG0016371	2	2	2	6
OG0016372	2	2	2	6
OG0016373	2	2	2	6
OG0016374	2	2	2	6
OG0016375	2	2	2	6
OG0016376	2	2	2	6
OG0016377	2	2	2	6
OG0016378	2	2	2	6
OG0016379	2	2	2	6
OG0016380	1	3	2	6
OG0016381	2	2	2	6
OG0016382	2	2	2	6
OG0016383	2	2	2	6
OG0016384	2	2	2	6
OG0016385	2	2	2	6
OG0016386	2	2	2	6
OG0016387	2	2	2	6
OG0016388	2	2	2	6
OG0016389	2	2	2	6
OG0016390	2	2	2	6
OG0016391	2	2	2	6
OG0016392	2	2	2	6
OG0016393	2	2	2	6
OG0016394	2	2	2	6
OG0016395	2	2	2	6
OG0016396	2	2	2	6
OG0016397	2	2	2	6
OG0016398	2	2	2	6
OG0016399	2	2	2	6
OG0016400	2	2	2	6
OG0016401	2	2	2	6
OG0016402	3	1	2	6
OG0016403	2	2	2	6
OG0016404	2	2	2	6
OG0016405	2	2	2	6
OG0016406	2	2	2	6
OG0016407	2	2	2	6
OG0016408	2	2	2	6
OG0016409	2	2	2	6
OG0016410	2	2	2	6
OG0016411	2	2	2	6
OG0016412	2	2	2	6
OG0016413	2	2	2	6
OG0016414	2	2	2	6
OG0016415	2	2	2	6
OG0016416	2	2	2	6
OG0016417	2	2	2	6
OG0016418	2	2	2	6
OG0016419	2	2	2	6
OG0016420	2	2	2	6
OG0016421	2	2	2	6
OG0016422	2	2	2	6
OG0016423	2	2	2	6
OG0016424	2	2	2	6
OG0016425	2	2	2	6
OG0016426	4	2	0	6
OG0016427	2	2	2	6
OG0016428	2	2	2	6
OG0016429	2	2	2	6
OG0016430	2	2	2	6
OG0016431	2	2	2	6
OG0016432	2	2	2	6
OG0016433	2	2	2	6
OG0016434	2	2	2	6
OG0016435	2	2	2	6
OG0016436	2	2	2	6
OG0016437	2	2	2	6
OG0016438	2	2	2	6
OG0016439	2	2	2	6
OG0016440	2	2	2	6
OG0016441	1	3	2	6
OG0016442	2	2	2	6
OG0016443	2	2	2	6
OG0016444	2	2	2	6
OG0016445	2	2	2	6
OG0016446	2	2	2	6
OG0016447	2	2	2	6
OG0016448	2	2	2	6
OG0016449	2	2	2	6
OG0016450	2	2	2	6
OG0016451	2	2	2	6
OG0016452	2	2	2	6
OG0016453	2	2	2	6
OG0016454	2	2	2	6
OG0016455	2	2	2	6
OG0016456	2	2	2	6
OG0016457	2	2	2	6
OG0016458	2	2	2	6
OG0016459	2	2	2	6
OG0016460	2	2	2	6
OG0016461	2	2	2	6
OG0016462	2	2	2	6
OG0016463	2	2	2	6
OG0016464	2	2	2	6
OG0016465	2	2	2	6
OG0016466	2	2	2	6
OG0016467	2	2	2	6
OG0016468	2	2	2	6
OG0016469	2	2	2	6
OG0016470	2	2	2	6
OG0016471	2	2	2	6
OG0016472	2	2	2	6
OG0016473	2	2	2	6
OG0016474	2	2	2	6
OG0016475	2	2	2	6
OG0016476	2	2	2	6
OG0016477	2	2	2	6
OG0016478	2	2	2	6
OG0016479	2	2	2	6
OG0016480	2	2	2	6
OG0016481	2	2	2	6
OG0016482	2	2	2	6
OG0016483	2	2	2	6
OG0016484	2	2	2	6
OG0016485	2	2	2	6
OG0016486	2	2	2	6
OG0016487	2	2	2	6
OG0016488	2	2	2	6
OG0016489	2	2	2	6
OG0016490	2	2	2	6
OG0016491	2	2	2	6
OG0016492	2	2	2	6
OG0016493	2	2	2	6
OG0016494	2	2	2	6
OG0016495	2	2	2	6
OG0016496	2	2	2	6
OG0016497	2	2	2	6
OG0016498	2	2	2	6
OG0016499	2	2	2	6
OG0016500	2	2	2	6
OG0016501	2	2	2	6
OG0016502	2	2	2	6
OG0016503	2	3	1	6
OG0016504	2	2	2	6
OG0016505	2	2	2	6
OG0016506	2	2	2	6
OG0016507	2	2	2	6
OG0016508	2	2	2	6
OG0016509	2	2	2	6
OG0016510	2	2	2	6
OG0016511	2	2	2	6
OG0016512	2	2	2	6
OG0016513	2	2	2	6
OG0016514	2	2	2	6
OG0016515	2	2	2	6
OG0016516	2	2	2	6
OG0016517	2	2	2	6
OG0016518	2	2	2	6
OG0016519	2	2	2	6
OG0016520	2	2	2	6
OG0016521	2	2	2	6
OG0016522	2	2	2	6
OG0016523	2	2	2	6
OG0016524	2	2	2	6
OG0016525	2	2	2	6
OG0016526	2	2	2	6
OG0016527	2	2	2	6
OG0016528	2	3	1	6
OG0016529	2	2	2	6
OG0016530	2	2	2	6
OG0016531	2	2	2	6
OG0016532	2	2	2	6
OG0016533	2	2	2	6
OG0016534	2	2	2	6
OG0016535	2	2	2	6
OG0016536	2	2	2	6
OG0016537	2	2	2	6
OG0016538	2	2	2	6
OG0016539	2	2	2	6
OG0016540	2	2	2	6
OG0016541	2	2	2	6
OG0016542	2	2	2	6
OG0016543	2	2	2	6
OG0016544	2	2	2	6
OG0016545	2	2	2	6
OG0016546	2	2	2	6
OG0016547	2	2	2	6
OG0016548	2	2	2	6
OG0016549	2	2	2	6
OG0016550	2	2	2	6
OG0016551	2	2	2	6
OG0016552	2	2	2	6
OG0016553	2	2	2	6
OG0016554	2	2	2	6
OG0016555	2	2	2	6
OG0016556	2	2	2	6
OG0016557	3	2	1	6
OG0016558	2	2	2	6
OG0016559	2	2	2	6
OG0016560	2	2	2	6
OG0016561	2	2	2	6
OG0016562	2	2	2	6
OG0016563	2	2	2	6
OG0016564	2	2	2	6
OG0016565	2	2	2	6
OG0016566	2	2	2	6
OG0016567	2	2	2	6
OG0016568	2	2	2	6
OG0016569	2	2	2	6
OG0016570	2	2	2	6
OG0016571	2	2	2	6
OG0016572	2	2	2	6
OG0016573	2	2	2	6
OG0016574	2	2	2	6
OG0016575	2	2	2	6
OG0016576	2	2	2	6
OG0016577	2	2	2	6
OG0016578	2	2	2	6
OG0016579	2	2	2	6
OG0016580	2	2	2	6
OG0016581	1	3	2	6
OG0016582	2	2	2	6
OG0016583	2	2	2	6
OG0016584	2	2	2	6
OG0016585	2	2	2	6
OG0016586	2	2	2	6
OG0016587	3	2	1	6
OG0016588	2	2	2	6
OG0016589	2	2	2	6
OG0016590	2	2	2	6
OG0016591	2	2	2	6
OG0016592	2	2	2	6
OG0016593	2	2	2	6
OG0016594	2	2	2	6
OG0016595	2	2	2	6
OG0016596	2	2	2	6
OG0016597	2	2	2	6
OG0016598	1	3	2	6
OG0016599	2	2	2	6
OG0016600	2	2	2	6
OG0016601	2	2	2	6
OG0016602	2	2	2	6
OG0016603	2	2	2	6
OG0016604	2	2	2	6
OG0016605	2	2	2	6
OG0016606	2	2	2	6
OG0016607	2	2	2	6
OG0016608	2	2	2	6
OG0016609	2	2	2	6
OG0016610	2	2	2	6
OG0016611	2	2	2	6
OG0016612	2	2	2	6
OG0016613	2	2	2	6
OG0016614	2	2	2	6
OG0016615	2	2	2	6
OG0016616	2	2	2	6
OG0016617	2	2	2	6
OG0016618	2	2	2	6
OG0016619	2	2	2	6
OG0016620	2	2	2	6
OG0016621	3	2	1	6
OG0016622	2	2	2	6
OG0016623	2	2	2	6
OG0016624	2	2	2	6
OG0016625	2	2	2	6
OG0016626	2	2	2	6
OG0016627	2	2	2	6
OG0016628	2	2	2	6
OG0016629	2	2	2	6
OG0016630	3	3	0	6
OG0016631	2	2	2	6
OG0016632	2	2	2	6
OG0016633	2	2	2	6
OG0016634	2	2	2	6
OG0016635	2	2	2	6
OG0016636	2	2	2	6
OG0016637	2	2	2	6
OG0016638	2	2	2	6
OG0016639	2	2	2	6
OG0016640	2	2	2	6
OG0016641	2	2	2	6
OG0016642	1	3	2	6
OG0016643	2	3	1	6
OG0016644	2	2	2	6
OG0016645	2	2	2	6
OG0016646	3	1	2	6
OG0016647	2	2	2	6
OG0016648	2	2	2	6
OG0016649	2	2	2	6
OG0016650	3	3	0	6
OG0016651	2	2	2	6
OG0016652	2	2	2	6
OG0016653	2	2	2	6
OG0016654	2	2	2	6
OG0016655	2	2	2	6
OG0016656	2	2	2	6
OG0016657	1	5	0	6
OG0016658	2	2	2	6
OG0016659	1	3	2	6
OG0016660	2	2	2	6
OG0016661	2	2	2	6
OG0016662	2	2	2	6
OG0016663	2	2	2	6
OG0016664	2	2	2	6
OG0016665	2	2	2	6
OG0016666	2	2	2	6
OG0016667	2	2	2	6
OG0016668	2	2	2	6
OG0016669	2	2	2	6
OG0016670	2	2	2	6
OG0016671	2	2	2	6
OG0016672	2	2	2	6
OG0016673	2	2	2	6
OG0016674	2	2	2	6
OG0016675	2	2	2	6
OG0016676	3	1	2	6
OG0016677	1	3	2	6
OG0016678	2	2	2	6
OG0016679	2	2	2	6
OG0016680	2	2	2	6
OG0016681	2	2	2	6
OG0016682	2	2	2	6
OG0016683	2	2	2	6
OG0016684	2	2	2	6
OG0016685	2	2	2	6
OG0016686	2	2	2	6
OG0016687	2	2	2	6
OG0016688	2	2	2	6
OG0016689	2	2	2	6
OG0016690	2	2	2	6
OG0016691	4	1	1	6
OG0016692	2	2	2	6
OG0016693	2	2	2	6
OG0016694	2	2	2	6
OG0016695	2	2	2	6
OG0016696	2	2	2	6
OG0016697	2	2	2	6
OG0016698	2	2	2	6
OG0016699	2	2	2	6
OG0016700	2	2	2	6
OG0016701	2	2	2	6
OG0016702	2	2	2	6
OG0016703	2	2	2	6
OG0016704	2	2	2	6
OG0016705	2	2	2	6
OG0016706	2	2	2	6
OG0016707	2	2	2	6
OG0016708	2	2	2	6
OG0016709	2	2	2	6
OG0016710	2	2	2	6
OG0016711	2	2	2	6
OG0016712	2	2	2	6
OG0016713	2	2	2	6
OG0016714	2	2	2	6
OG0016715	2	2	2	6
OG0016716	2	2	2	6
OG0016717	2	2	2	6
OG0016718	2	2	2	6
OG0016719	2	2	2	6
OG0016720	3	2	1	6
OG0016721	2	2	2	6
OG0016722	2	2	2	6
OG0016723	3	1	2	6
OG0016724	2	2	2	6
OG0016725	2	2	2	6
OG0016726	2	2	2	6
OG0016727	2	2	2	6
OG0016728	2	2	2	6
OG0016729	1	3	2	6
OG0016730	2	2	2	6
OG0016731	2	2	2	6
OG0016732	2	2	2	6
OG0016733	2	2	2	6
OG0016734	2	2	2	6
OG0016735	2	2	2	6
OG0016736	2	2	2	6
OG0016737	2	2	2	6
OG0016738	2	2	2	6
OG0016739	2	2	2	6
OG0016740	2	2	2	6
OG0016741	2	2	2	6
OG0016742	2	2	2	6
OG0016743	2	2	2	6
OG0016744	2	2	2	6
OG0016745	2	2	2	6
OG0016746	3	1	2	6
OG0016747	2	2	2	6
OG0016748	2	2	2	6
OG0016749	2	2	2	6
OG0016750	2	2	2	6
OG0016751	2	2	2	6
OG0016752	2	2	2	6
OG0016753	2	2	2	6
OG0016754	2	2	2	6
OG0016755	2	2	2	6
OG0016756	2	2	2	6
OG0016757	2	2	2	6
OG0016758	2	2	2	6
OG0016759	2	2	2	6
OG0016760	2	2	2	6
OG0016761	2	2	2	6
OG0016762	2	2	2	6
OG0016763	2	2	2	6
OG0016764	2	2	2	6
OG0016765	2	2	2	6
OG0016766	2	2	2	6
OG0016767	2	2	2	6
OG0016768	2	2	2	6
OG0016769	2	2	2	6
OG0016770	2	2	2	6
OG0016771	1	3	2	6
OG0016772	2	2	2	6
OG0016773	2	2	2	6
OG0016774	2	2	2	6
OG0016775	2	2	2	6
OG0016776	2	2	2	6
OG0016777	2	2	2	6
OG0016778	2	2	2	6
OG0016779	2	2	2	6
OG0016780	2	2	2	6
OG0016781	1	3	2	6
OG0016782	2	2	2	6
OG0016783	2	2	2	6
OG0016784	2	2	2	6
OG0016785	2	2	2	6
OG0016786	2	2	2	6
OG0016787	2	2	2	6
OG0016788	2	2	2	6
OG0016789	2	2	2	6
OG0016790	2	2	2	6
OG0016791	5	1	0	6
OG0016792	2	2	2	6
OG0016793	2	2	2	6
OG0016794	2	2	2	6
OG0016795	2	2	2	6
OG0016796	2	2	2	6
OG0016797	2	2	2	6
OG0016798	2	2	2	6
OG0016799	2	2	2	6
OG0016800	2	2	2	6
OG0016801	1	3	2	6
OG0016802	2	2	2	6
OG0016803	2	2	2	6
OG0016804	2	2	2	6
OG0016805	2	2	2	6
OG0016806	2	2	2	6
OG0016807	2	2	2	6
OG0016808	2	2	2	6
OG0016809	2	2	2	6
OG0016810	2	2	2	6
OG0016811	2	2	2	6
OG0016812	2	2	2	6
OG0016813	2	2	2	6
OG0016814	1	4	1	6
OG0016815	2	2	2	6
OG0016816	2	2	2	6
OG0016817	2	2	2	6
OG0016818	2	2	2	6
OG0016819	2	2	2	6
OG0016820	2	2	2	6
OG0016821	3	2	1	6
OG0016822	2	2	2	6
OG0016823	1	5	0	6
OG0016824	2	2	2	6
OG0016825	1	3	2	6
OG0016826	4	2	0	6
OG0016827	3	3	0	6
OG0016828	2	2	2	6
OG0016829	1	3	2	6
OG0016830	2	2	2	6
OG0016831	2	2	2	6
OG0016832	2	2	2	6
OG0016833	2	2	2	6
OG0016834	2	2	2	6
OG0016835	2	2	2	6
OG0016836	2	2	2	6
OG0016837	2	2	2	6
OG0016838	2	2	2	6
OG0016839	2	2	2	6
OG0016840	2	2	2	6
OG0016841	2	2	2	6
OG0016842	2	2	2	6
OG0016843	2	2	2	6
OG0016844	2	2	2	6
OG0016845	4	2	0	6
OG0016846	2	2	2	6
OG0016847	2	2	2	6
OG0016848	2	2	2	6
OG0016849	3	2	1	6
OG0016850	2	2	2	6
OG0016851	2	2	2	6
OG0016852	2	2	2	6
OG0016853	1	3	2	6
OG0016854	2	2	2	6
OG0016855	2	2	2	6
OG0016856	2	2	2	6
OG0016857	2	2	2	6
OG0016858	2	2	2	6
OG0016859	2	2	2	6
OG0016860	2	2	2	6
OG0016861	3	3	0	6
OG0016862	2	2	2	6
OG0016863	2	2	2	6
OG0016864	2	2	2	6
OG0016865	2	2	2	6
OG0016866	2	2	2	6
OG0016867	1	3	2	6
OG0016868	2	2	2	6
OG0016869	2	2	2	6
OG0016870	2	2	2	6
OG0016871	2	2	2	6
OG0016872	2	2	2	6
OG0016873	2	2	2	6
OG0016874	2	2	2	6
OG0016875	2	2	2	6
OG0016876	2	2	2	6
OG0016877	3	2	1	6
OG0016878	1	3	2	6
OG0016879	1	3	2	6
OG0016880	2	2	2	6
OG0016881	2	2	2	6
OG0016882	2	2	2	6
OG0016883	2	2	2	6
OG0016884	1	3	2	6
OG0016885	2	2	2	6
OG0016886	2	2	2	6
OG0016887	2	2	2	6
OG0016888	2	2	2	6
OG0016889	2	2	2	6
OG0016890	2	2	2	6
OG0016891	2	2	2	6
OG0016892	2	2	2	6
OG0016893	1	3	2	6
OG0016894	1	3	2	6
OG0016895	2	2	2	6
OG0016896	2	2	2	6
OG0016897	1	3	2	6
OG0016898	2	2	2	6
OG0016899	2	2	2	6
OG0016900	2	2	2	6
OG0016901	2	2	2	6
OG0016902	2	2	2	6
OG0016903	2	2	2	6
OG0016904	2	2	2	6
OG0016905	2	2	2	6
OG0016906	2	2	2	6
OG0016907	2	2	2	6
OG0016908	2	2	2	6
OG0016909	2	2	2	6
OG0016910	1	3	2	6
OG0016911	2	2	2	6
OG0016912	2	2	2	6
OG0016913	2	2	2	6
OG0016914	3	3	0	6
OG0016915	2	2	2	6
OG0016916	3	2	1	6
OG0016917	2	2	2	6
OG0016918	2	2	2	6
OG0016919	2	2	2	6
OG0016920	3	2	1	6
OG0016921	2	2	2	6
OG0016922	2	2	2	6
OG0016923	2	2	2	6
OG0016924	2	2	2	6
OG0016925	2	2	2	6
OG0016926	2	2	2	6
OG0016927	2	2	2	6
OG0016928	2	2	2	6
OG0016929	2	2	2	6
OG0016930	2	2	2	6
OG0016931	2	2	2	6
OG0016932	2	2	2	6
OG0016933	2	2	2	6
OG0016934	3	2	1	6
OG0016935	2	2	2	6
OG0016936	2	2	2	6
OG0016937	1	2	3	6
OG0016938	2	2	2	6
OG0016939	2	2	2	6
OG0016940	2	2	2	6
OG0016941	2	2	2	6
OG0016942	3	1	2	6
OG0016943	2	2	2	6
OG0016944	2	2	2	6
OG0016945	2	2	2	6
OG0016946	2	2	2	6
OG0016947	1	3	2	6
OG0016948	3	2	1	6
OG0016949	2	2	2	6
OG0016950	2	2	2	6
OG0016951	2	2	2	6
OG0016952	2	2	2	6
OG0016953	2	2	2	6
OG0016954	2	2	2	6
OG0016955	2	2	2	6
OG0016956	2	2	2	6
OG0016957	2	3	1	6
OG0016958	1	3	2	6
OG0016959	2	2	2	6
OG0016960	1	3	2	6
OG0016961	2	2	2	6
OG0016962	2	2	2	6
OG0016963	2	2	2	6
OG0016964	2	2	2	6
OG0016965	2	2	2	6
OG0016966	2	2	2	6
OG0016967	2	2	2	6
OG0016968	2	2	2	6
OG0016969	2	2	2	6
OG0016970	2	2	2	6
OG0016971	2	2	2	6
OG0016972	2	2	2	6
OG0016973	2	2	2	6
OG0016974	2	2	2	6
OG0016975	2	2	2	6
OG0016976	2	2	2	6
OG0016977	2	2	2	6
OG0016978	2	2	2	6
OG0016979	2	2	2	6
OG0016980	2	2	2	6
OG0016981	2	2	2	6
OG0016982	2	2	2	6
OG0016983	2	2	2	6
OG0016984	2	2	2	6
OG0016985	2	2	2	6
OG0016986	2	2	2	6
OG0016987	1	3	2	6
OG0016988	2	2	2	6
OG0016989	2	3	1	6
OG0016990	2	2	2	6
OG0016991	2	2	2	6
OG0016992	2	2	2	6
OG0016993	2	2	2	6
OG0016994	2	2	2	6
OG0016995	2	2	2	6
OG0016996	2	2	2	6
OG0016997	2	2	2	6
OG0016998	2	2	2	6
OG0016999	2	2	2	6
OG0017000	2	2	2	6
OG0017001	2	2	2	6
OG0017002	2	2	2	6
OG0017003	2	2	2	6
OG0017004	2	2	2	6
OG0017005	2	2	2	6
OG0017006	2	2	2	6
OG0017007	2	2	2	6
OG0017008	1	3	2	6
OG0017009	2	2	2	6
OG0017010	2	2	2	6
OG0017011	2	2	2	6
OG0017012	2	2	2	6
OG0017013	2	2	2	6
OG0017014	2	2	2	6
OG0017015	2	2	2	6
OG0017016	1	3	2	6
OG0017017	2	2	2	6
OG0017018	2	2	2	6
OG0017019	2	2	2	6
OG0017020	2	2	2	6
OG0017021	2	2	2	6
OG0017022	2	2	2	6
OG0017023	2	2	2	6
OG0017024	2	2	2	6
OG0017025	2	2	2	6
OG0017026	2	2	2	6
OG0017027	2	2	2	6
OG0017028	2	2	2	6
OG0017029	2	2	2	6
OG0017030	3	1	2	6
OG0017031	2	2	2	6
OG0017032	2	2	2	6
OG0017033	2	2	2	6
OG0017034	2	2	2	6
OG0017035	3	2	1	6
OG0017036	2	2	2	6
OG0017037	2	2	2	6
OG0017038	2	2	2	6
OG0017039	2	2	2	6
OG0017040	2	2	2	6
OG0017041	2	2	2	6
OG0017042	2	2	2	6
OG0017043	2	2	2	6
OG0017044	2	3	1	6
OG0017045	2	2	2	6
OG0017046	2	2	2	6
OG0017047	2	2	2	6
OG0017048	2	2	2	6
OG0017049	2	2	2	6
OG0017050	1	3	2	6
OG0017051	1	3	2	6
OG0017052	1	3	2	6
OG0017053	1	3	2	6
OG0017054	2	2	2	6
OG0017055	2	2	2	6
OG0017056	1	3	2	6
OG0017057	2	2	2	6
OG0017058	1	3	2	6
OG0017059	1	3	2	6
OG0017060	1	3	2	6
OG0017061	1	3	2	6
OG0017062	1	3	2	6
OG0017063	1	3	2	6
OG0017064	3	3	0	6
OG0017065	2	2	2	6
OG0017066	1	3	2	6
OG0017067	1	3	2	6
OG0017068	1	3	2	6
OG0017069	1	3	2	6
OG0017070	2	2	2	6
OG0017071	2	3	1	6
OG0017072	2	2	2	6
OG0017073	2	2	2	6
OG0017074	1	3	2	6
OG0017075	1	5	0	6
OG0017076	2	2	2	6
OG0017077	1	3	2	6
OG0017078	1	3	2	6
OG0017079	1	3	2	6
OG0017080	1	3	2	6
OG0017081	1	3	2	6
OG0017082	4	1	1	6
OG0017083	2	2	2	6
OG0017084	4	1	1	6
OG0017085	2	2	2	6
OG0017086	1	3	2	6
OG0017087	1	3	2	6
OG0017088	4	1	1	6
OG0017089	1	3	2	6
OG0017090	1	3	2	6
OG0017091	3	2	1	6
OG0017092	2	2	2	6
OG0017093	2	3	1	6
OG0017094	2	3	1	6
OG0017095	1	3	2	6
OG0017096	2	2	2	6
OG0017097	1	0	5	6
OG0017098	1	3	2	6
OG0017099	1	3	2	6
OG0017100	1	3	2	6
OG0017101	3	3	0	6
OG0017102	2	1	3	6
OG0017103	2	2	2	6
OG0017104	1	3	2	6
OG0017105	1	3	2	6
OG0017106	1	3	2	6
OG0017107	2	2	2	6
OG0017108	1	3	2	6
OG0017109	1	3	2	6
OG0017110	1	3	2	6
OG0017111	1	3	2	6
OG0017112	1	3	2	6
OG0017113	2	2	2	6
OG0017114	1	2	3	6
OG0017115	4	1	1	6
OG0017116	5	1	0	6
OG0017117	4	2	0	6
OG0017118	2	2	2	6
OG0017119	2	2	2	6
OG0017120	5	0	1	6
OG0017121	2	3	1	6
OG0017122	1	4	1	6
OG0017123	2	2	2	6
OG0017124	1	3	2	6
OG0017125	2	2	2	6
OG0017126	5	0	1	6
OG0017127	3	2	1	6
OG0017128	1	3	2	6
OG0017129	1	3	2	6
OG0017130	1	3	2	6
OG0017131	2	2	2	6
OG0017132	5	1	0	6
OG0017133	2	3	1	6
OG0017134	1	3	2	6
OG0017135	4	2	0	6
OG0017136	3	1	2	6
OG0017137	2	2	2	6
OG0017138	1	3	2	6
OG0017139	2	3	1	6
OG0017140	4	2	0	6
OG0017141	3	3	0	6
OG0017142	4	1	1	6
OG0017143	3	2	1	6
OG0017144	1	3	2	6
OG0017145	1	3	2	6
OG0017146	1	1	4	6
OG0017147	4	0	2	6
OG0017148	1	2	3	6
OG0017149	1	3	2	6
OG0017150	1	3	2	6
OG0017151	1	3	2	6
OG0017152	1	3	2	6
OG0017153	2	2	2	6
OG0017154	1	3	2	6
OG0017155	1	3	2	6
OG0017156	2	2	2	6
OG0017157	2	2	2	6
OG0017158	1	3	2	6
OG0017159	2	2	2	6
OG0017160	2	2	2	6
OG0017161	1	3	2	6
OG0017162	1	3	2	6
OG0017163	2	2	2	6
OG0017164	1	3	2	6
OG0017165	2	2	2	6
OG0017166	1	3	2	6
OG0017167	2	2	2	6
OG0017168	2	2	2	6
OG0017169	2	2	2	6
OG0017170	2	2	2	6
OG0017171	1	3	2	6
OG0017172	1	3	2	6
OG0017173	3	1	2	6
OG0017174	2	3	1	6
OG0017175	1	3	2	6
OG0017176	4	1	1	6
OG0017177	2	2	2	6
OG0017178	6	0	0	6
OG0017179	1	3	2	6
OG0017180	2	2	2	6
OG0017181	2	2	2	6
OG0017182	2	2	2	6
OG0017183	2	2	2	6
OG0017184	4	1	1	6
OG0017185	4	1	1	6
OG0017186	1	3	2	6
OG0017187	1	3	2	6
OG0017188	2	3	1	6
OG0017189	2	2	2	6
OG0017190	2	2	2	6
OG0017191	3	3	0	6
OG0017192	5	1	0	6
OG0017193	1	3	2	6
OG0017194	3	1	2	6
OG0017195	1	3	2	6
OG0017196	3	2	1	6
OG0017197	2	2	2	6
OG0017198	1	3	2	6
OG0017199	1	3	2	6
OG0017200	2	2	2	6
OG0017201	1	3	2	6
OG0017202	2	4	0	6
OG0017203	2	2	2	6
OG0017204	1	5	0	6
OG0017205	1	3	2	6
OG0017206	2	3	1	6
OG0017207	1	3	2	6
OG0017208	3	3	0	6
OG0017209	2	2	2	6
OG0017210	1	3	2	6
OG0017211	1	3	2	6
OG0017212	2	2	2	6
OG0017213	2	2	2	6
OG0017214	2	3	1	6
OG0017215	3	2	1	6
OG0017216	2	3	1	6
OG0017217	2	2	2	6
OG0017218	2	2	2	6
OG0017219	2	2	2	6
OG0017220	1	0	5	6
OG0017221	1	5	0	6
OG0017222	2	2	2	6
OG0017223	1	3	2	6
OG0017224	1	4	1	6
OG0017225	4	2	0	6
OG0017226	1	3	2	6
OG0017227	1	2	3	6
OG0017228	5	1	0	6
OG0017229	1	3	2	6
OG0017230	1	3	2	6
OG0017231	1	3	2	6
OG0017232	1	3	2	6
OG0017233	2	2	2	6
OG0017234	1	3	2	6
OG0017235	2	2	2	6
OG0017236	2	2	2	6
OG0017237	2	4	0	6
OG0017238	1	3	2	6
OG0017239	1	3	2	6
OG0017240	1	3	2	6
OG0017241	1	3	2	6
OG0017242	1	3	2	6
OG0017243	3	2	1	6
OG0017244	1	3	2	6
OG0017245	1	5	0	6
OG0017246	2	2	2	6
OG0017247	3	2	1	6
OG0017248	1	3	2	6
OG0017249	2	2	2	6
OG0017250	1	3	2	6
OG0017251	1	3	2	6
OG0017252	1	3	2	6
OG0017253	2	3	1	6
OG0017254	1	3	2	6
OG0017255	2	2	2	6
OG0017256	3	2	1	6
OG0017257	2	2	2	6
OG0017258	2	2	2	6
OG0017259	5	1	0	6
OG0017260	2	2	2	6
OG0017261	1	3	2	6
OG0017262	4	2	0	6
OG0017263	1	3	2	6
OG0017264	4	1	1	6
OG0017265	3	2	1	6
OG0017266	1	3	2	6
OG0017267	2	2	2	6
OG0017268	1	3	2	6
OG0017269	1	3	2	6
OG0017270	1	3	2	6
OG0017271	2	2	2	6
OG0017272	1	3	2	6
OG0017273	1	3	2	6
OG0017274	1	3	2	6
OG0017275	2	2	2	6
OG0017276	1	0	5	6
OG0017277	1	3	2	6
OG0017278	1	3	2	6
OG0017279	4	2	0	6
OG0017280	1	3	2	6
OG0017281	4	2	0	6
OG0017282	3	3	0	6
OG0017283	2	2	2	6
OG0017284	1	3	2	6
OG0017285	2	2	2	6
OG0017286	2	2	2	6
OG0017287	2	2	2	6
OG0017288	1	3	2	6
OG0017289	1	3	2	6
OG0017290	1	4	1	6
OG0017291	2	2	2	6
OG0017292	2	2	2	6
OG0017293	1	4	1	6
OG0017294	3	1	2	6
OG0017295	1	3	2	6
OG0017296	2	2	2	6
OG0017297	2	2	2	6
OG0017298	2	2	2	6
OG0017299	1	3	2	6
OG0017300	2	2	2	6
OG0017301	1	3	2	6
OG0017302	2	2	2	6
OG0017303	2	2	2	6
OG0017304	4	1	1	6
OG0017305	1	3	2	6
OG0017306	1	3	2	6
OG0017307	2	2	2	6
OG0017308	2	2	2	6
OG0017309	2	2	2	6
OG0017310	1	3	2	6
OG0017311	1	3	2	6
OG0017312	2	2	2	6
OG0017313	1	3	2	6
OG0017314	1	3	2	6
OG0017315	1	3	2	6
OG0017316	3	2	1	6
OG0017317	3	3	0	6
OG0017318	2	2	2	6
OG0017319	3	2	1	6
OG0017320	1	3	2	6
OG0017321	1	3	2	6
OG0017322	1	3	2	6
OG0017323	1	4	1	6
OG0017324	1	3	2	6
OG0017325	1	3	2	6
OG0017326	4	2	0	6
OG0017327	3	2	1	6
OG0017328	1	3	2	6
OG0017329	2	2	2	6
OG0017330	1	5	0	6
OG0017331	1	4	1	6
OG0017332	2	2	2	6
OG0017333	2	2	2	6
OG0017334	2	2	2	6
OG0017335	1	3	2	6
OG0017336	1	3	2	6
OG0017337	1	3	2	6
OG0017338	3	2	1	6
OG0017339	1	3	2	6
OG0017340	2	2	2	6
OG0017341	1	3	2	6
OG0017342	2	2	2	6
OG0017343	1	3	2	6
OG0017344	1	3	2	6
OG0017345	1	3	2	6
OG0017346	1	3	2	6
OG0017347	1	3	2	6
OG0017348	1	3	2	6
OG0017349	2	2	2	6
OG0017350	2	3	1	6
OG0017351	1	3	2	6
OG0017352	1	2	3	6
OG0017353	2	2	2	6
OG0017354	1	3	2	6
OG0017355	1	3	2	6
OG0017356	1	3	2	6
OG0017357	4	1	1	6
OG0017358	1	3	2	6
OG0017359	2	4	0	6
OG0017360	1	3	2	6
OG0017361	2	2	2	6
OG0017362	2	2	2	6
OG0017363	2	2	2	6
OG0017364	1	1	4	6
OG0017365	1	5	0	6
OG0017366	2	3	1	6
OG0017367	1	3	2	6
OG0017368	2	2	2	6
OG0017369	1	3	2	6
OG0017370	2	2	2	6
OG0017371	2	2	2	6
OG0017372	2	3	1	6
OG0017373	1	3	2	6
OG0017374	2	3	1	6
OG0017375	1	3	2	6
OG0017376	2	2	2	6
OG0017377	2	2	2	6
OG0017378	2	2	2	6
OG0017379	1	3	2	6
OG0017380	2	2	2	6
OG0017381	2	2	2	6
OG0017382	1	3	2	6
OG0017383	2	2	2	6
OG0017384	2	2	2	6
OG0017385	2	2	2	6
OG0017386	2	2	2	6
OG0017387	1	3	2	6
OG0017388	4	1	1	6
OG0017389	2	2	2	6
OG0017390	3	2	1	6
OG0017391	1	2	3	6
OG0017392	2	2	2	6
OG0017393	1	3	2	6
OG0017394	1	3	2	6
OG0017395	1	3	2	6
OG0017396	2	2	2	6
OG0017397	2	2	2	6
OG0017398	2	2	2	6
OG0017399	2	2	2	6
OG0017400	1	4	1	6
OG0017401	2	4	0	6
OG0017402	2	2	2	6
OG0017403	3	3	0	6
OG0017404	2	2	2	6
OG0017405	3	1	2	6
OG0017406	2	2	2	6
OG0017407	2	2	2	6
OG0017408	1	3	2	6
OG0017409	2	2	2	6
OG0017410	1	3	2	6
OG0017411	2	2	2	6
OG0017412	1	3	2	6
OG0017413	3	3	0	6
OG0017414	1	3	2	6
OG0017415	2	2	2	6
OG0017416	1	3	2	6
OG0017417	2	2	2	6
OG0017418	2	2	2	6
OG0017419	4	1	1	6
OG0017420	1	3	2	6
OG0017421	2	3	1	6
OG0017422	2	2	2	6
OG0017423	2	2	2	6
OG0017424	4	2	0	6
OG0017425	2	2	2	6
OG0017426	2	2	2	6
OG0017427	1	3	2	6
OG0017428	2	2	2	6
OG0017429	1	3	2	6
OG0017430	1	3	2	6
OG0017431	3	2	1	6
OG0017432	2	2	2	6
OG0017433	1	3	2	6
OG0017434	1	3	2	6
OG0017435	1	3	2	6
OG0017436	2	3	1	6
OG0017437	2	3	1	6
OG0017438	1	0	5	6
OG0017439	2	2	2	6
OG0017440	2	2	2	6
OG0017441	2	2	2	6
OG0017442	2	2	2	6
OG0017443	2	2	2	6
OG0017444	1	3	2	6
OG0017445	1	3	2	6
OG0017446	2	2	2	6
OG0017447	1	3	2	6
OG0017448	1	3	2	6
OG0017449	1	3	2	6
OG0017450	2	2	2	6
OG0017451	2	2	2	6
OG0017452	1	3	2	6
OG0017453	1	3	2	6
OG0017454	2	2	2	6
OG0017455	1	5	0	6
OG0017456	1	3	2	6
OG0017457	2	2	2	6
OG0017458	1	3	2	6
OG0017459	2	3	1	6
OG0017460	3	2	1	6
OG0017461	1	3	2	6
OG0017462	1	3	2	6
OG0017463	2	2	2	6
OG0017464	4	0	2	6
OG0017465	2	2	2	6
OG0017466	4	1	1	6
OG0017467	2	2	2	6
OG0017468	1	4	1	6
OG0017469	2	2	2	6
OG0017470	1	2	3	6
OG0017471	1	3	2	6
OG0017472	1	3	2	6
OG0017473	1	3	2	6
OG0017474	1	3	2	6
OG0017475	1	3	2	6
OG0017476	2	3	1	6
OG0017477	1	3	2	6
OG0017478	1	0	5	6
OG0017479	1	3	2	6
OG0017480	2	2	2	6
OG0017481	4	1	1	6
OG0017482	1	3	2	6
OG0017483	1	3	2	6
OG0017484	5	1	0	6
OG0017485	1	3	2	6
OG0017486	1	3	2	6
OG0017487	3	1	2	6
OG0017488	1	3	2	6
OG0017489	1	3	2	6
OG0017490	1	3	2	6
OG0017491	1	3	2	6
OG0017492	1	3	2	6
OG0017493	1	3	2	6
OG0017494	1	3	2	6
OG0017495	1	1	4	6
OG0017496	1	3	2	6
OG0017497	1	0	5	6
OG0017498	2	2	2	6
OG0017499	1	3	2	6
OG0017500	2	3	1	6
OG0017501	2	2	2	6
OG0017502	1	3	2	6
OG0017503	2	2	2	6
OG0017504	2	2	2	6
OG0017505	1	3	2	6
OG0017506	1	3	2	6
OG0017507	3	2	1	6
OG0017508	1	3	2	6
OG0017509	1	3	2	6
OG0017510	1	3	2	6
OG0017511	3	2	1	6
OG0017512	4	2	0	6
OG0017513	1	3	2	6
OG0017514	2	2	2	6
OG0017515	3	3	0	6
OG0017516	4	2	0	6
OG0017517	1	2	3	6
OG0017518	1	5	0	6
OG0017519	1	0	5	6
OG0017520	1	3	2	6
OG0017521	1	3	2	6
OG0017522	1	3	2	6
OG0017523	2	2	2	6
OG0017524	2	2	2	6
OG0017525	3	2	1	6
OG0017526	2	2	2	6
OG0017527	2	2	2	6
OG0017528	1	3	2	6
OG0017529	2	3	1	6
OG0017530	3	2	1	6
OG0017531	2	2	2	6
OG0017532	0	3	3	6
OG0017533	0	5	1	6
OG0017534	0	5	1	6
OG0017535	0	2	4	6
OG0017536	0	5	1	6
OG0017537	0	5	1	6
OG0017538	0	5	1	6
OG0017539	0	4	2	6
OG0017540	0	3	3	6
OG0017541	0	4	2	6
OG0017542	0	1	5	6
OG0017543	0	4	2	6
OG0017544	0	2	4	6
OG0017545	0	2	4	6
OG0017546	0	4	2	6
OG0017547	0	5	1	6
OG0017548	0	5	1	6
OG0017549	0	1	5	6
OG0017550	0	5	1	6
OG0017551	1	2	2	5
OG0017552	2	1	2	5
OG0017553	2	2	1	5
OG0017554	2	1	2	5
OG0017555	2	2	1	5
OG0017556	1	2	2	5
OG0017557	1	2	2	5
OG0017558	2	1	2	5
OG0017559	2	2	1	5
OG0017560	2	2	1	5
OG0017561	1	2	2	5
OG0017562	2	1	2	5
OG0017563	1	2	2	5
OG0017564	1	2	2	5
OG0017565	1	2	2	5
OG0017566	1	2	2	5
OG0017567	2	1	2	5
OG0017568	2	1	2	5
OG0017569	2	1	2	5
OG0017570	1	2	2	5
OG0017571	2	1	2	5
OG0017572	2	1	2	5
OG0017573	2	2	1	5
OG0017574	1	2	2	5
OG0017575	2	2	1	5
OG0017576	1	2	2	5
OG0017577	2	1	2	5
OG0017578	2	2	1	5
OG0017579	2	1	2	5
OG0017580	1	1	3	5
OG0017581	1	2	2	5
OG0017582	1	2	2	5
OG0017583	1	2	2	5
OG0017584	2	1	2	5
OG0017585	3	2	0	5
OG0017586	1	2	2	5
OG0017587	1	2	2	5
OG0017588	2	1	2	5
OG0017589	1	2	2	5
OG0017590	2	1	2	5
OG0017591	2	2	1	5
OG0017592	1	2	2	5
OG0017593	1	2	2	5
OG0017594	2	1	2	5
OG0017595	1	2	2	5
OG0017596	2	2	1	5
OG0017597	2	2	1	5
OG0017598	1	2	2	5
OG0017599	2	1	2	5
OG0017600	2	2	1	5
OG0017601	2	1	2	5
OG0017602	1	2	2	5
OG0017603	1	2	2	5
OG0017604	3	0	2	5
OG0017605	1	2	2	5
OG0017606	1	2	2	5
OG0017607	1	2	2	5
OG0017608	2	2	1	5
OG0017609	1	3	1	5
OG0017610	2	2	1	5
OG0017611	2	1	2	5
OG0017612	2	1	2	5
OG0017613	2	2	1	5
OG0017614	1	2	2	5
OG0017615	2	1	2	5
OG0017616	2	2	1	5
OG0017617	1	2	2	5
OG0017618	1	2	2	5
OG0017619	1	2	2	5
OG0017620	2	2	1	5
OG0017621	2	2	1	5
OG0017622	2	2	1	5
OG0017623	1	2	2	5
OG0017624	1	2	2	5
OG0017625	2	1	2	5
OG0017626	2	1	2	5
OG0017627	2	2	1	5
OG0017628	2	1	2	5
OG0017629	2	1	2	5
OG0017630	1	2	2	5
OG0017631	1	2	2	5
OG0017632	2	2	1	5
OG0017633	2	2	1	5
OG0017634	2	1	2	5
OG0017635	1	2	2	5
OG0017636	1	2	2	5
OG0017637	1	2	2	5
OG0017638	1	2	2	5
OG0017639	1	2	2	5
OG0017640	2	1	2	5
OG0017641	1	2	2	5
OG0017642	3	1	1	5
OG0017643	1	2	2	5
OG0017644	2	1	2	5
OG0017645	1	2	2	5
OG0017646	1	2	2	5
OG0017647	1	2	2	5
OG0017648	2	1	2	5
OG0017649	1	2	2	5
OG0017650	1	2	2	5
OG0017651	2	2	1	5
OG0017652	1	2	2	5
OG0017653	2	1	2	5
OG0017654	2	2	1	5
OG0017655	1	2	2	5
OG0017656	2	2	1	5
OG0017657	1	2	2	5
OG0017658	1	2	2	5
OG0017659	1	4	0	5
OG0017660	2	2	1	5
OG0017661	1	2	2	5
OG0017662	1	2	2	5
OG0017663	2	1	2	5
OG0017664	3	2	0	5
OG0017665	1	2	2	5
OG0017666	2	2	1	5
OG0017667	2	1	2	5
OG0017668	1	2	2	5
OG0017669	3	1	1	5
OG0017670	2	2	1	5
OG0017671	1	2	2	5
OG0017672	2	1	2	5
OG0017673	1	2	2	5
OG0017674	1	2	2	5
OG0017675	2	2	1	5
OG0017676	3	0	2	5
OG0017677	1	2	2	5
OG0017678	2	1	2	5
OG0017679	3	1	1	5
OG0017680	4	1	0	5
OG0017681	2	2	1	5
OG0017682	1	2	2	5
OG0017683	2	2	1	5
OG0017684	1	2	2	5
OG0017685	2	1	2	5
OG0017686	1	2	2	5
OG0017687	2	1	2	5
OG0017688	1	2	2	5
OG0017689	2	2	1	5
OG0017690	2	1	2	5
OG0017691	1	2	2	5
OG0017692	1	2	2	5
OG0017693	3	1	1	5
OG0017694	1	2	2	5
OG0017695	1	2	2	5
OG0017696	1	2	2	5
OG0017697	2	2	1	5
OG0017698	2	1	2	5
OG0017699	1	2	2	5
OG0017700	1	2	2	5
OG0017701	1	2	2	5
OG0017702	2	1	2	5
OG0017703	1	2	2	5
OG0017704	1	2	2	5
OG0017705	2	2	1	5
OG0017706	1	2	2	5
OG0017707	1	2	2	5
OG0017708	2	1	2	5
OG0017709	2	2	1	5
OG0017710	2	1	2	5
OG0017711	2	2	1	5
OG0017712	1	2	2	5
OG0017713	1	2	2	5
OG0017714	2	2	1	5
OG0017715	2	2	1	5
OG0017716	2	1	2	5
OG0017717	1	2	2	5
OG0017718	1	2	2	5
OG0017719	1	2	2	5
OG0017720	2	1	2	5
OG0017721	1	2	2	5
OG0017722	1	2	2	5
OG0017723	1	2	2	5
OG0017724	1	2	2	5
OG0017725	1	2	2	5
OG0017726	2	1	2	5
OG0017727	1	2	2	5
OG0017728	2	3	0	5
OG0017729	1	2	2	5
OG0017730	1	2	2	5
OG0017731	2	1	2	5
OG0017732	2	2	1	5
OG0017733	1	2	2	5
OG0017734	1	2	2	5
OG0017735	1	2	2	5
OG0017736	2	2	1	5
OG0017737	1	2	2	5
OG0017738	1	2	2	5
OG0017739	4	1	0	5
OG0017740	1	2	2	5
OG0017741	2	1	2	5
OG0017742	2	1	2	5
OG0017743	1	2	2	5
OG0017744	1	2	2	5
OG0017745	1	2	2	5
OG0017746	2	1	2	5
OG0017747	2	3	0	5
OG0017748	2	2	1	5
OG0017749	1	2	2	5
OG0017750	2	1	2	5
OG0017751	2	1	2	5
OG0017752	2	1	2	5
OG0017753	2	1	2	5
OG0017754	1	2	2	5
OG0017755	1	2	2	5
OG0017756	1	2	2	5
OG0017757	2	2	1	5
OG0017758	2	1	2	5
OG0017759	1	2	2	5
OG0017760	2	1	2	5
OG0017761	1	2	2	5
OG0017762	2	3	0	5
OG0017763	1	2	2	5
OG0017764	1	2	2	5
OG0017765	2	2	1	5
OG0017766	2	1	2	5
OG0017767	2	2	1	5
OG0017768	2	1	2	5
OG0017769	2	1	2	5
OG0017770	1	3	1	5
OG0017771	1	2	2	5
OG0017772	1	2	2	5
OG0017773	1	2	2	5
OG0017774	1	2	2	5
OG0017775	1	2	2	5
OG0017776	2	2	1	5
OG0017777	2	1	2	5
OG0017778	2	2	1	5
OG0017779	2	2	1	5
OG0017780	2	2	1	5
OG0017781	2	2	1	5
OG0017782	1	2	2	5
OG0017783	2	2	1	5
OG0017784	1	2	2	5
OG0017785	1	2	2	5
OG0017786	1	2	2	5
OG0017787	2	1	2	5
OG0017788	1	2	2	5
OG0017789	1	2	2	5
OG0017790	1	2	2	5
OG0017791	2	0	3	5
OG0017792	2	2	1	5
OG0017793	1	2	2	5
OG0017794	2	2	1	5
OG0017795	2	1	2	5
OG0017796	1	2	2	5
OG0017797	1	3	1	5
OG0017798	2	1	2	5
OG0017799	2	1	2	5
OG0017800	2	1	2	5
OG0017801	2	1	2	5
OG0017802	2	2	1	5
OG0017803	1	2	2	5
OG0017804	1	2	2	5
OG0017805	1	2	2	5
OG0017806	2	2	1	5
OG0017807	1	2	2	5
OG0017808	1	2	2	5
OG0017809	1	2	2	5
OG0017810	2	1	2	5
OG0017811	2	1	2	5
OG0017812	2	1	2	5
OG0017813	1	2	2	5
OG0017814	2	1	2	5
OG0017815	2	2	1	5
OG0017816	2	2	1	5
OG0017817	1	2	2	5
OG0017818	3	2	0	5
OG0017819	2	1	2	5
OG0017820	1	2	2	5
OG0017821	1	2	2	5
OG0017822	2	1	2	5
OG0017823	1	3	1	5
OG0017824	1	2	2	5
OG0017825	2	1	2	5
OG0017826	1	2	2	5
OG0017827	2	1	2	5
OG0017828	1	1	3	5
OG0017829	2	1	2	5
OG0017830	2	2	1	5
OG0017831	1	2	2	5
OG0017832	2	2	1	5
OG0017833	1	2	2	5
OG0017834	1	2	2	5
OG0017835	1	0	4	5
OG0017836	2	3	0	5
OG0017837	3	2	0	5
OG0017838	1	2	2	5
OG0017839	2	1	2	5
OG0017840	1	2	2	5
OG0017841	1	2	2	5
OG0017842	2	1	2	5
OG0017843	1	2	2	5
OG0017844	2	2	1	5
OG0017845	1	2	2	5
OG0017846	2	1	2	5
OG0017847	2	2	1	5
OG0017848	2	1	2	5
OG0017849	1	2	2	5
OG0017850	1	2	2	5
OG0017851	1	2	2	5
OG0017852	1	2	2	5
OG0017853	2	1	2	5
OG0017854	1	2	2	5
OG0017855	1	2	2	5
OG0017856	2	1	2	5
OG0017857	1	2	2	5
OG0017858	1	2	2	5
OG0017859	2	1	2	5
OG0017860	2	1	2	5
OG0017861	1	2	2	5
OG0017862	2	2	1	5
OG0017863	1	2	2	5
OG0017864	1	2	2	5
OG0017865	1	2	2	5
OG0017866	2	1	2	5
OG0017867	2	1	2	5
OG0017868	2	2	1	5
OG0017869	2	1	2	5
OG0017870	2	1	2	5
OG0017871	2	1	2	5
OG0017872	2	1	2	5
OG0017873	3	2	0	5
OG0017874	1	2	2	5
OG0017875	2	1	2	5
OG0017876	2	1	2	5
OG0017877	1	2	2	5
OG0017878	1	2	2	5
OG0017879	4	0	1	5
OG0017880	2	1	2	5
OG0017881	1	2	2	5
OG0017882	1	2	2	5
OG0017883	2	1	2	5
OG0017884	1	2	2	5
OG0017885	2	1	2	5
OG0017886	1	2	2	5
OG0017887	1	2	2	5
OG0017888	1	2	2	5
OG0017889	1	2	2	5
OG0017890	2	1	2	5
OG0017891	2	1	2	5
OG0017892	2	1	2	5
OG0017893	2	1	2	5
OG0017894	2	1	2	5
OG0017895	2	2	1	5
OG0017896	1	2	2	5
OG0017897	2	1	2	5
OG0017898	1	2	2	5
OG0017899	1	2	2	5
OG0017900	1	2	2	5
OG0017901	2	2	1	5
OG0017902	1	2	2	5
OG0017903	2	1	2	5
OG0017904	2	1	2	5
OG0017905	1	2	2	5
OG0017906	3	1	1	5
OG0017907	2	2	1	5
OG0017908	1	2	2	5
OG0017909	2	2	1	5
OG0017910	1	2	2	5
OG0017911	2	1	2	5
OG0017912	1	2	2	5
OG0017913	1	2	2	5
OG0017914	1	2	2	5
OG0017915	1	2	2	5
OG0017916	1	2	2	5
OG0017917	2	1	2	5
OG0017918	2	1	2	5
OG0017919	2	2	1	5
OG0017920	1	2	2	5
OG0017921	1	2	2	5
OG0017922	1	2	2	5
OG0017923	2	3	0	5
OG0017924	2	2	1	5
OG0017925	1	2	2	5
OG0017926	2	1	2	5
OG0017927	1	2	2	5
OG0017928	1	2	2	5
OG0017929	1	2	2	5
OG0017930	2	1	2	5
OG0017931	2	1	2	5
OG0017932	2	1	2	5
OG0017933	1	2	2	5
OG0017934	2	1	2	5
OG0017935	2	1	2	5
OG0017936	2	1	2	5
OG0017937	1	2	2	5
OG0017938	1	2	2	5
OG0017939	1	2	2	5
OG0017940	2	2	1	5
OG0017941	1	2	2	5
OG0017942	2	2	1	5
OG0017943	2	2	1	5
OG0017944	1	2	2	5
OG0017945	2	2	1	5
OG0017946	1	2	2	5
OG0017947	3	1	1	5
OG0017948	1	2	2	5
OG0017949	1	2	2	5
OG0017950	1	2	2	5
OG0017951	1	2	2	5
OG0017952	2	2	1	5
OG0017953	1	2	2	5
OG0017954	2	2	1	5
OG0017955	2	2	1	5
OG0017956	1	2	2	5
OG0017957	1	2	2	5
OG0017958	1	2	2	5
OG0017959	1	2	2	5
OG0017960	1	2	2	5
OG0017961	2	1	2	5
OG0017962	1	2	2	5
OG0017963	1	2	2	5
OG0017964	1	2	2	5
OG0017965	2	3	0	5
OG0017966	1	2	2	5
OG0017967	1	2	2	5
OG0017968	2	1	2	5
OG0017969	1	2	2	5
OG0017970	1	2	2	5
OG0017971	1	2	2	5
OG0017972	2	2	1	5
OG0017973	1	2	2	5
OG0017974	1	2	2	5
OG0017975	2	2	1	5
OG0017976	1	2	2	5
OG0017977	1	2	2	5
OG0017978	1	2	2	5
OG0017979	1	2	2	5
OG0017980	1	2	2	5
OG0017981	2	2	1	5
OG0017982	2	1	2	5
OG0017983	2	1	2	5
OG0017984	1	2	2	5
OG0017985	2	1	2	5
OG0017986	2	1	2	5
OG0017987	2	1	2	5
OG0017988	2	1	2	5
OG0017989	2	1	2	5
OG0017990	2	1	2	5
OG0017991	2	1	2	5
OG0017992	2	1	2	5
OG0017993	2	1	2	5
OG0017994	2	1	2	5
OG0017995	2	1	2	5
OG0017996	4	1	0	5
OG0017997	1	2	2	5
OG0017998	2	2	1	5
OG0017999	1	2	2	5
OG0018000	3	1	1	5
OG0018001	2	2	1	5
OG0018002	2	2	1	5
OG0018003	1	2	2	5
OG0018004	2	1	2	5
OG0018005	2	2	1	5
OG0018006	2	1	2	5
OG0018007	2	1	2	5
OG0018008	1	2	2	5
OG0018009	2	2	1	5
OG0018010	2	2	1	5
OG0018011	2	1	2	5
OG0018012	1	2	2	5
OG0018013	2	2	1	5
OG0018014	2	2	1	5
OG0018015	2	2	1	5
OG0018016	1	2	2	5
OG0018017	1	2	2	5
OG0018018	1	2	2	5
OG0018019	1	2	2	5
OG0018020	1	2	2	5
OG0018021	1	2	2	5
OG0018022	1	2	2	5
OG0018023	1	2	2	5
OG0018024	2	1	2	5
OG0018025	2	3	0	5
OG0018026	1	2	2	5
OG0018027	1	2	2	5
OG0018028	1	2	2	5
OG0018029	1	2	2	5
OG0018030	2	1	2	5
OG0018031	2	1	2	5
OG0018032	1	2	2	5
OG0018033	3	0	2	5
OG0018034	1	2	2	5
OG0018035	1	2	2	5
OG0018036	1	2	2	5
OG0018037	2	2	1	5
OG0018038	2	2	1	5
OG0018039	2	2	1	5
OG0018040	1	2	2	5
OG0018041	2	2	1	5
OG0018042	1	2	2	5
OG0018043	1	2	2	5
OG0018044	2	1	2	5
OG0018045	1	2	2	5
OG0018046	1	2	2	5
OG0018047	1	2	2	5
OG0018048	2	1	2	5
OG0018049	1	2	2	5
OG0018050	1	2	2	5
OG0018051	1	2	2	5
OG0018052	2	2	1	5
OG0018053	2	1	2	5
OG0018054	1	2	2	5
OG0018055	2	2	1	5
OG0018056	1	3	1	5
OG0018057	2	2	1	5
OG0018058	2	1	2	5
OG0018059	1	2	2	5
OG0018060	2	1	2	5
OG0018061	1	2	2	5
OG0018062	2	2	1	5
OG0018063	2	2	1	5
OG0018064	1	2	2	5
OG0018065	1	2	2	5
OG0018066	2	2	1	5
OG0018067	1	2	2	5
OG0018068	1	2	2	5
OG0018069	1	2	2	5
OG0018070	1	2	2	5
OG0018071	2	1	2	5
OG0018072	1	0	4	5
OG0018073	1	2	2	5
OG0018074	2	1	2	5
OG0018075	3	1	1	5
OG0018076	1	2	2	5
OG0018077	1	2	2	5
OG0018078	2	1	2	5
OG0018079	1	2	2	5
OG0018080	2	1	2	5
OG0018081	1	2	2	5
OG0018082	1	2	2	5
OG0018083	1	2	2	5
OG0018084	3	1	1	5
OG0018085	2	1	2	5
OG0018086	2	2	1	5
OG0018087	1	2	2	5
OG0018088	2	2	1	5
OG0018089	2	1	2	5
OG0018090	2	2	1	5
OG0018091	1	2	2	5
OG0018092	1	2	2	5
OG0018093	2	1	2	5
OG0018094	1	2	2	5
OG0018095	1	2	2	5
OG0018096	2	1	2	5
OG0018097	1	2	2	5
OG0018098	2	1	2	5
OG0018099	1	1	3	5
OG0018100	1	2	2	5
OG0018101	1	2	2	5
OG0018102	2	1	2	5
OG0018103	1	2	2	5
OG0018104	2	1	2	5
OG0018105	2	2	1	5
OG0018106	1	2	2	5
OG0018107	1	2	2	5
OG0018108	1	2	2	5
OG0018109	2	1	2	5
OG0018110	1	2	2	5
OG0018111	2	2	1	5
OG0018112	1	2	2	5
OG0018113	2	1	2	5
OG0018114	2	1	2	5
OG0018115	1	3	1	5
OG0018116	2	2	1	5
OG0018117	2	1	2	5
OG0018118	2	3	0	5
OG0018119	2	2	1	5
OG0018120	2	2	1	5
OG0018121	2	2	1	5
OG0018122	1	2	2	5
OG0018123	1	2	2	5
OG0018124	1	2	2	5
OG0018125	2	2	1	5
OG0018126	2	2	1	5
OG0018127	2	1	2	5
OG0018128	2	2	1	5
OG0018129	2	2	1	5
OG0018130	1	2	2	5
OG0018131	1	2	2	5
OG0018132	2	2	1	5
OG0018133	1	2	2	5
OG0018134	1	2	2	5
OG0018135	1	2	2	5
OG0018136	2	1	2	5
OG0018137	1	2	2	5
OG0018138	2	2	1	5
OG0018139	1	2	2	5
OG0018140	2	2	1	5
OG0018141	2	1	2	5
OG0018142	1	2	2	5
OG0018143	2	2	1	5
OG0018144	2	1	2	5
OG0018145	2	2	1	5
OG0018146	3	1	1	5
OG0018147	2	1	2	5
OG0018148	1	2	2	5
OG0018149	1	2	2	5
OG0018150	2	2	1	5
OG0018151	2	2	1	5
OG0018152	2	2	1	5
OG0018153	2	2	1	5
OG0018154	2	1	2	5
OG0018155	1	2	2	5
OG0018156	2	2	1	5
OG0018157	2	1	2	5
OG0018158	2	1	2	5
OG0018159	2	2	1	5
OG0018160	2	1	2	5
OG0018161	1	2	2	5
OG0018162	1	2	2	5
OG0018163	4	0	1	5
OG0018164	1	2	2	5
OG0018165	1	2	2	5
OG0018166	2	1	2	5
OG0018167	2	2	1	5
OG0018168	2	2	1	5
OG0018169	2	1	2	5
OG0018170	1	2	2	5
OG0018171	2	1	2	5
OG0018172	2	2	1	5
OG0018173	1	2	2	5
OG0018174	1	2	2	5
OG0018175	2	2	1	5
OG0018176	1	2	2	5
OG0018177	1	2	2	5
OG0018178	2	2	1	5
OG0018179	2	2	1	5
OG0018180	1	2	2	5
OG0018181	2	2	1	5
OG0018182	1	2	2	5
OG0018183	1	2	2	5
OG0018184	2	1	2	5
OG0018185	2	2	1	5
OG0018186	1	1	3	5
OG0018187	1	2	2	5
OG0018188	1	2	2	5
OG0018189	3	0	2	5
OG0018190	1	2	2	5
OG0018191	1	2	2	5
OG0018192	2	0	3	5
OG0018193	1	2	2	5
OG0018194	3	0	2	5
OG0018195	1	2	2	5
OG0018196	2	2	1	5
OG0018197	1	2	2	5
OG0018198	2	1	2	5
OG0018199	2	1	2	5
OG0018200	2	2	1	5
OG0018201	2	1	2	5
OG0018202	1	2	2	5
OG0018203	1	2	2	5
OG0018204	1	2	2	5
OG0018205	1	2	2	5
OG0018206	1	2	2	5
OG0018207	2	2	1	5
OG0018208	2	2	1	5
OG0018209	1	2	2	5
OG0018210	2	1	2	5
OG0018211	1	2	2	5
OG0018212	1	2	2	5
OG0018213	2	2	1	5
OG0018214	2	1	2	5
OG0018215	1	2	2	5
OG0018216	2	2	1	5
OG0018217	1	2	2	5
OG0018218	1	2	2	5
OG0018219	1	2	2	5
OG0018220	1	2	2	5
OG0018221	2	1	2	5
OG0018222	1	2	2	5
OG0018223	2	3	0	5
OG0018224	2	2	1	5
OG0018225	2	2	1	5
OG0018226	2	2	1	5
OG0018227	1	4	0	5
OG0018228	2	1	2	5
OG0018229	2	1	2	5
OG0018230	1	2	2	5
OG0018231	2	2	1	5
OG0018232	1	2	2	5
OG0018233	1	2	2	5
OG0018234	3	1	1	5
OG0018235	2	1	2	5
OG0018236	1	2	2	5
OG0018237	1	2	2	5
OG0018238	2	2	1	5
OG0018239	1	2	2	5
OG0018240	1	2	2	5
OG0018241	1	2	2	5
OG0018242	1	2	2	5
OG0018243	1	2	2	5
OG0018244	1	2	2	5
OG0018245	1	2	2	5
OG0018246	1	2	2	5
OG0018247	2	1	2	5
OG0018248	1	2	2	5
OG0018249	1	2	2	5
OG0018250	2	2	1	5
OG0018251	2	2	1	5
OG0018252	2	1	2	5
OG0018253	2	1	2	5
OG0018254	2	2	1	5
OG0018255	2	2	1	5
OG0018256	2	1	2	5
OG0018257	1	2	2	5
OG0018258	2	1	2	5
OG0018259	2	2	1	5
OG0018260	2	1	2	5
OG0018261	2	2	1	5
OG0018262	2	1	2	5
OG0018263	1	2	2	5
OG0018264	1	2	2	5
OG0018265	2	1	2	5
OG0018266	2	2	1	5
OG0018267	1	2	2	5
OG0018268	2	2	1	5
OG0018269	2	1	2	5
OG0018270	1	2	2	5
OG0018271	1	2	2	5
OG0018272	1	2	2	5
OG0018273	2	2	1	5
OG0018274	1	2	2	5
OG0018275	1	2	2	5
OG0018276	2	2	1	5
OG0018277	4	0	1	5
OG0018278	2	2	1	5
OG0018279	2	2	1	5
OG0018280	1	2	2	5
OG0018281	1	2	2	5
OG0018282	1	2	2	5
OG0018283	1	2	2	5
OG0018284	1	2	2	5
OG0018285	1	2	2	5
OG0018286	1	2	2	5
OG0018287	2	2	1	5
OG0018288	1	2	2	5
OG0018289	1	2	2	5
OG0018290	2	1	2	5
OG0018291	1	2	2	5
OG0018292	1	2	2	5
OG0018293	2	1	2	5
OG0018294	1	2	2	5
OG0018295	2	1	2	5
OG0018296	1	2	2	5
OG0018297	1	2	2	5
OG0018298	1	2	2	5
OG0018299	1	2	2	5
OG0018300	1	2	2	5
OG0018301	2	2	1	5
OG0018302	1	2	2	5
OG0018303	2	1	2	5
OG0018304	2	2	1	5
OG0018305	1	2	2	5
OG0018306	1	2	2	5
OG0018307	1	2	2	5
OG0018308	1	2	2	5
OG0018309	1	2	2	5
OG0018310	1	2	2	5
OG0018311	1	2	2	5
OG0018312	2	1	2	5
OG0018313	4	0	1	5
OG0018314	2	1	2	5
OG0018315	1	2	2	5
OG0018316	1	2	2	5
OG0018317	2	1	2	5
OG0018318	1	2	2	5
OG0018319	1	0	4	5
OG0018320	1	2	2	5
OG0018321	1	2	2	5
OG0018322	1	2	2	5
OG0018323	1	2	2	5
OG0018324	2	1	2	5
OG0018325	2	2	1	5
OG0018326	2	1	2	5
OG0018327	2	1	2	5
OG0018328	2	3	0	5
OG0018329	1	2	2	5
OG0018330	1	2	2	5
OG0018331	2	1	2	5
OG0018332	1	2	2	5
OG0018333	1	2	2	5
OG0018334	2	2	1	5
OG0018335	2	2	1	5
OG0018336	2	2	1	5
OG0018337	1	2	2	5
OG0018338	2	2	1	5
OG0018339	2	1	2	5
OG0018340	2	3	0	5
OG0018341	2	1	2	5
OG0018342	3	1	1	5
OG0018343	2	1	2	5
OG0018344	2	1	2	5
OG0018345	2	1	2	5
OG0018346	2	1	2	5
OG0018347	1	2	2	5
OG0018348	2	1	2	5
OG0018349	2	1	2	5
OG0018350	1	2	2	5
OG0018351	1	2	2	5
OG0018352	2	1	2	5
OG0018353	1	2	2	5
OG0018354	1	2	2	5
OG0018355	1	2	2	5
OG0018356	1	2	2	5
OG0018357	2	2	1	5
OG0018358	1	2	2	5
OG0018359	2	2	1	5
OG0018360	1	2	2	5
OG0018361	1	2	2	5
OG0018362	1	2	2	5
OG0018363	1	2	2	5
OG0018364	1	2	2	5
OG0018365	2	1	2	5
OG0018366	2	2	1	5
OG0018367	1	2	2	5
OG0018368	1	2	2	5
OG0018369	2	1	2	5
OG0018370	1	2	2	5
OG0018371	1	2	2	5
OG0018372	2	1	2	5
OG0018373	1	2	2	5
OG0018374	1	2	2	5
OG0018375	2	1	2	5
OG0018376	2	2	1	5
OG0018377	2	3	0	5
OG0018378	1	2	2	5
OG0018379	2	2	1	5
OG0018380	2	1	2	5
OG0018381	2	2	1	5
OG0018382	1	2	2	5
OG0018383	1	2	2	5
OG0018384	2	1	2	5
OG0018385	1	2	2	5
OG0018386	1	2	2	5
OG0018387	1	2	2	5
OG0018388	1	2	2	5
OG0018389	1	2	2	5
OG0018390	2	1	2	5
OG0018391	2	2	1	5
OG0018392	2	2	1	5
OG0018393	3	2	0	5
OG0018394	3	1	1	5
OG0018395	2	2	1	5
OG0018396	1	2	2	5
OG0018397	1	2	2	5
OG0018398	1	2	2	5
OG0018399	1	2	2	5
OG0018400	2	1	2	5
OG0018401	1	2	2	5
OG0018402	2	2	1	5
OG0018403	3	1	1	5
OG0018404	1	2	2	5
OG0018405	2	1	2	5
OG0018406	2	2	1	5
OG0018407	1	2	2	5
OG0018408	2	1	2	5
OG0018409	1	2	2	5
OG0018410	2	1	2	5
OG0018411	1	3	1	5
OG0018412	2	1	2	5
OG0018413	1	2	2	5
OG0018414	1	2	2	5
OG0018415	1	2	2	5
OG0018416	2	2	1	5
OG0018417	1	2	2	5
OG0018418	2	1	2	5
OG0018419	2	1	2	5
OG0018420	1	2	2	5
OG0018421	2	1	2	5
OG0018422	2	2	1	5
OG0018423	1	2	2	5
OG0018424	1	2	2	5
OG0018425	2	1	2	5
OG0018426	1	2	2	5
OG0018427	1	2	2	5
OG0018428	1	2	2	5
OG0018429	1	2	2	5
OG0018430	2	2	1	5
OG0018431	1	2	2	5
OG0018432	2	2	1	5
OG0018433	2	2	1	5
OG0018434	2	2	1	5
OG0018435	1	2	2	5
OG0018436	1	2	2	5
OG0018437	2	2	1	5
OG0018438	2	1	2	5
OG0018439	1	2	2	5
OG0018440	1	2	2	5
OG0018441	2	1	2	5
OG0018442	2	3	0	5
OG0018443	2	1	2	5
OG0018444	1	2	2	5
OG0018445	1	2	2	5
OG0018446	2	2	1	5
OG0018447	2	1	2	5
OG0018448	1	2	2	5
OG0018449	2	3	0	5
OG0018450	2	3	0	5
OG0018451	2	1	2	5
OG0018452	1	2	2	5
OG0018453	2	2	1	5
OG0018454	1	2	2	5
OG0018455	2	1	2	5
OG0018456	1	2	2	5
OG0018457	2	1	2	5
OG0018458	1	2	2	5
OG0018459	2	1	2	5
OG0018460	2	2	1	5
OG0018461	2	2	1	5
OG0018462	2	1	2	5
OG0018463	1	2	2	5
OG0018464	1	2	2	5
OG0018465	2	1	2	5
OG0018466	2	1	2	5
OG0018467	2	1	2	5
OG0018468	1	2	2	5
OG0018469	2	1	2	5
OG0018470	1	2	2	5
OG0018471	1	2	2	5
OG0018472	1	2	2	5
OG0018473	1	2	2	5
OG0018474	2	1	2	5
OG0018475	1	2	2	5
OG0018476	2	1	2	5
OG0018477	1	2	2	5
OG0018478	1	2	2	5
OG0018479	2	1	2	5
OG0018480	2	3	0	5
OG0018481	2	1	2	5
OG0018482	2	1	2	5
OG0018483	1	2	2	5
OG0018484	3	1	1	5
OG0018485	1	2	2	5
OG0018486	2	1	2	5
OG0018487	1	2	2	5
OG0018488	1	2	2	5
OG0018489	1	2	2	5
OG0018490	1	2	2	5
OG0018491	1	2	2	5
OG0018492	2	1	2	5
OG0018493	1	2	2	5
OG0018494	1	2	2	5
OG0018495	2	1	2	5
OG0018496	1	2	2	5
OG0018497	1	2	2	5
OG0018498	1	2	2	5
OG0018499	1	2	2	5
OG0018500	1	2	2	5
OG0018501	1	2	2	5
OG0018502	2	2	1	5
OG0018503	2	1	2	5
OG0018504	1	2	2	5
OG0018505	1	2	2	5
OG0018506	2	1	2	5
OG0018507	2	1	2	5
OG0018508	2	2	1	5
OG0018509	2	1	2	5
OG0018510	1	2	2	5
OG0018511	2	2	1	5
OG0018512	1	2	2	5
OG0018513	2	2	1	5
OG0018514	1	2	2	5
OG0018515	1	2	2	5
OG0018516	1	2	2	5
OG0018517	1	2	2	5
OG0018518	2	2	1	5
OG0018519	2	1	2	5
OG0018520	1	2	2	5
OG0018521	1	2	2	5
OG0018522	2	1	2	5
OG0018523	2	2	1	5
OG0018524	3	0	2	5
OG0018525	1	2	2	5
OG0018526	1	2	2	5
OG0018527	1	2	2	5
OG0018528	2	1	2	5
OG0018529	1	2	2	5
OG0018530	1	2	2	5
OG0018531	2	2	1	5
OG0018532	1	2	2	5
OG0018533	2	2	1	5
OG0018534	1	2	2	5
OG0018535	1	2	2	5
OG0018536	1	2	2	5
OG0018537	2	1	2	5
OG0018538	1	2	2	5
OG0018539	1	2	2	5
OG0018540	2	2	1	5
OG0018541	2	1	2	5
OG0018542	2	1	2	5
OG0018543	1	2	2	5
OG0018544	2	1	2	5
OG0018545	2	2	1	5
OG0018546	1	2	2	5
OG0018547	2	1	2	5
OG0018548	2	1	2	5
OG0018549	2	2	1	5
OG0018550	2	1	2	5
OG0018551	3	1	1	5
OG0018552	3	1	1	5
OG0018553	1	2	2	5
OG0018554	1	1	3	5
OG0018555	2	2	1	5
OG0018556	2	1	2	5
OG0018557	1	2	2	5
OG0018558	1	2	2	5
OG0018559	1	2	2	5
OG0018560	2	2	1	5
OG0018561	1	2	2	5
OG0018562	1	2	2	5
OG0018563	2	1	2	5
OG0018564	1	2	2	5
OG0018565	1	2	2	5
OG0018566	1	2	2	5
OG0018567	2	1	2	5
OG0018568	2	3	0	5
OG0018569	2	1	2	5
OG0018570	2	1	2	5
OG0018571	2	1	2	5
OG0018572	2	2	1	5
OG0018573	1	2	2	5
OG0018574	2	2	1	5
OG0018575	2	2	1	5
OG0018576	3	0	2	5
OG0018577	1	2	2	5
OG0018578	1	2	2	5
OG0018579	1	2	2	5
OG0018580	2	2	1	5
OG0018581	2	2	1	5
OG0018582	2	1	2	5
OG0018583	1	2	2	5
OG0018584	2	1	2	5
OG0018585	2	2	1	5
OG0018586	2	2	1	5
OG0018587	1	2	2	5
OG0018588	1	2	2	5
OG0018589	2	1	2	5
OG0018590	2	2	1	5
OG0018591	2	2	1	5
OG0018592	2	1	2	5
OG0018593	1	2	2	5
OG0018594	1	3	1	5
OG0018595	2	1	2	5
OG0018596	2	1	2	5
OG0018597	2	1	2	5
OG0018598	1	2	2	5
OG0018599	2	1	2	5
OG0018600	2	2	1	5
OG0018601	1	2	2	5
OG0018602	1	2	2	5
OG0018603	1	2	2	5
OG0018604	2	1	2	5
OG0018605	1	2	2	5
OG0018606	1	2	2	5
OG0018607	2	2	1	5
OG0018608	2	2	1	5
OG0018609	1	2	2	5
OG0018610	1	2	2	5
OG0018611	3	1	1	5
OG0018612	1	2	2	5
OG0018613	1	2	2	5
OG0018614	1	2	2	5
OG0018615	1	2	2	5
OG0018616	1	2	2	5
OG0018617	1	2	2	5
OG0018618	1	2	2	5
OG0018619	1	2	2	5
OG0018620	1	2	2	5
OG0018621	2	1	2	5
OG0018622	2	1	2	5
OG0018623	1	2	2	5
OG0018624	2	2	1	5
OG0018625	1	2	2	5
OG0018626	1	2	2	5
OG0018627	1	2	2	5
OG0018628	1	2	2	5
OG0018629	1	1	3	5
OG0018630	2	2	1	5
OG0018631	2	2	1	5
OG0018632	1	2	2	5
OG0018633	1	2	2	5
OG0018634	1	2	2	5
OG0018635	1	2	2	5
OG0018636	1	2	2	5
OG0018637	1	2	2	5
OG0018638	1	2	2	5
OG0018639	2	1	2	5
OG0018640	2	1	2	5
OG0018641	2	1	2	5
OG0018642	2	1	2	5
OG0018643	1	2	2	5
OG0018644	2	2	1	5
OG0018645	2	1	2	5
OG0018646	2	1	2	5
OG0018647	2	1	2	5
OG0018648	1	2	2	5
OG0018649	2	2	1	5
OG0018650	1	2	2	5
OG0018651	1	2	2	5
OG0018652	1	2	2	5
OG0018653	1	3	1	5
OG0018654	1	2	2	5
OG0018655	2	2	1	5
OG0018656	2	2	1	5
OG0018657	2	1	2	5
OG0018658	1	2	2	5
OG0018659	2	1	2	5
OG0018660	2	2	1	5
OG0018661	2	1	2	5
OG0018662	1	2	2	5
OG0018663	1	2	2	5
OG0018664	1	2	2	5
OG0018665	1	2	2	5
OG0018666	2	1	2	5
OG0018667	1	2	2	5
OG0018668	1	3	1	5
OG0018669	2	1	2	5
OG0018670	2	3	0	5
OG0018671	2	1	2	5
OG0018672	1	2	2	5
OG0018673	1	2	2	5
OG0018674	1	2	2	5
OG0018675	1	2	2	5
OG0018676	1	2	2	5
OG0018677	2	1	2	5
OG0018678	2	2	1	5
OG0018679	1	2	2	5
OG0018680	2	1	2	5
OG0018681	2	2	1	5
OG0018682	2	2	1	5
OG0018683	2	1	2	5
OG0018684	1	2	2	5
OG0018685	1	2	2	5
OG0018686	1	2	2	5
OG0018687	2	2	1	5
OG0018688	2	2	1	5
OG0018689	1	2	2	5
OG0018690	1	2	2	5
OG0018691	1	2	2	5
OG0018692	2	1	2	5
OG0018693	1	2	2	5
OG0018694	1	1	3	5
OG0018695	3	1	1	5
OG0018696	2	3	0	5
OG0018697	1	2	2	5
OG0018698	1	2	2	5
OG0018699	1	2	2	5
OG0018700	2	1	2	5
OG0018701	1	2	2	5
OG0018702	2	1	2	5
OG0018703	1	2	2	5
OG0018704	1	2	2	5
OG0018705	1	2	2	5
OG0018706	1	2	2	5
OG0018707	3	1	1	5
OG0018708	1	2	2	5
OG0018709	2	1	2	5
OG0018710	2	1	2	5
OG0018711	2	1	2	5
OG0018712	2	1	2	5
OG0018713	2	1	2	5
OG0018714	1	2	2	5
OG0018715	1	2	2	5
OG0018716	2	1	2	5
OG0018717	2	2	1	5
OG0018718	4	1	0	5
OG0018719	1	2	2	5
OG0018720	2	2	1	5
OG0018721	2	2	1	5
OG0018722	1	2	2	5
OG0018723	1	2	2	5
OG0018724	2	2	1	5
OG0018725	2	1	2	5
OG0018726	1	2	2	5
OG0018727	2	1	2	5
OG0018728	2	2	1	5
OG0018729	2	2	1	5
OG0018730	2	2	1	5
OG0018731	2	2	1	5
OG0018732	1	2	2	5
OG0018733	4	0	1	5
OG0018734	1	2	2	5
OG0018735	1	2	2	5
OG0018736	1	2	2	5
OG0018737	1	2	2	5
OG0018738	1	2	2	5
OG0018739	1	3	1	5
OG0018740	1	2	2	5
OG0018741	1	2	2	5
OG0018742	1	2	2	5
OG0018743	1	2	2	5
OG0018744	1	2	2	5
OG0018745	1	2	2	5
OG0018746	1	2	2	5
OG0018747	2	1	2	5
OG0018748	1	2	2	5
OG0018749	1	2	2	5
OG0018750	1	3	1	5
OG0018751	1	2	2	5
OG0018752	1	2	2	5
OG0018753	1	2	2	5
OG0018754	1	2	2	5
OG0018755	2	2	1	5
OG0018756	1	2	2	5
OG0018757	1	3	1	5
OG0018758	2	1	2	5
OG0018759	1	2	2	5
OG0018760	1	2	2	5
OG0018761	2	2	1	5
OG0018762	1	2	2	5
OG0018763	4	1	0	5
OG0018764	1	2	2	5
OG0018765	1	2	2	5
OG0018766	1	2	2	5
OG0018767	1	2	2	5
OG0018768	1	2	2	5
OG0018769	1	2	2	5
OG0018770	1	2	2	5
OG0018771	1	2	2	5
OG0018772	1	3	1	5
OG0018773	2	2	1	5
OG0018774	1	2	2	5
OG0018775	1	2	2	5
OG0018776	1	2	2	5
OG0018777	1	2	2	5
OG0018778	1	2	2	5
OG0018779	1	2	2	5
OG0018780	1	2	2	5
OG0018781	1	2	2	5
OG0018782	1	2	2	5
OG0018783	1	2	2	5
OG0018784	1	2	2	5
OG0018785	1	2	2	5
OG0018786	1	2	2	5
OG0018787	1	2	2	5
OG0018788	1	2	2	5
OG0018789	1	2	2	5
OG0018790	1	2	2	5
OG0018791	1	2	2	5
OG0018792	1	2	2	5
OG0018793	1	2	2	5
OG0018794	1	2	2	5
OG0018795	1	2	2	5
OG0018796	1	2	2	5
OG0018797	1	2	2	5
OG0018798	1	2	2	5
OG0018799	1	2	2	5
OG0018800	1	2	2	5
OG0018801	1	2	2	5
OG0018802	1	1	3	5
OG0018803	2	2	1	5
OG0018804	1	2	2	5
OG0018805	3	1	1	5
OG0018806	1	2	2	5
OG0018807	1	3	1	5
OG0018808	1	2	2	5
OG0018809	1	2	2	5
OG0018810	1	2	2	5
OG0018811	1	2	2	5
OG0018812	1	2	2	5
OG0018813	1	2	2	5
OG0018814	2	1	2	5
OG0018815	1	2	2	5
OG0018816	1	2	2	5
OG0018817	1	4	0	5
OG0018818	2	2	1	5
OG0018819	1	2	2	5
OG0018820	1	2	2	5
OG0018821	1	2	2	5
OG0018822	1	2	2	5
OG0018823	2	2	1	5
OG0018824	2	1	2	5
OG0018825	1	2	2	5
OG0018826	1	2	2	5
OG0018827	2	2	1	5
OG0018828	1	2	2	5
OG0018829	1	2	2	5
OG0018830	1	2	2	5
OG0018831	1	2	2	5
OG0018832	2	2	1	5
OG0018833	3	1	1	5
OG0018834	1	2	2	5
OG0018835	1	2	2	5
OG0018836	1	2	2	5
OG0018837	1	2	2	5
OG0018838	1	2	2	5
OG0018839	1	2	2	5
OG0018840	1	2	2	5
OG0018841	2	2	1	5
OG0018842	1	2	2	5
OG0018843	2	1	2	5
OG0018844	1	2	2	5
OG0018845	2	1	2	5
OG0018846	1	2	2	5
OG0018847	1	2	2	5
OG0018848	1	2	2	5
OG0018849	1	2	2	5
OG0018850	1	2	2	5
OG0018851	1	2	2	5
OG0018852	1	2	2	5
OG0018853	1	2	2	5
OG0018854	1	2	2	5
OG0018855	1	2	2	5
OG0018856	1	2	2	5
OG0018857	1	2	2	5
OG0018858	1	2	2	5
OG0018859	2	2	1	5
OG0018860	1	2	2	5
OG0018861	1	2	2	5
OG0018862	1	2	2	5
OG0018863	1	2	2	5
OG0018864	2	2	1	5
OG0018865	1	2	2	5
OG0018866	1	2	2	5
OG0018867	1	2	2	5
OG0018868	1	2	2	5
OG0018869	1	2	2	5
OG0018870	1	2	2	5
OG0018871	1	2	2	5
OG0018872	1	2	2	5
OG0018873	1	2	2	5
OG0018874	1	2	2	5
OG0018875	1	2	2	5
OG0018876	2	2	1	5
OG0018877	3	2	0	5
OG0018878	1	2	2	5
OG0018879	2	2	1	5
OG0018880	1	2	2	5
OG0018881	1	2	2	5
OG0018882	1	2	2	5
OG0018883	1	2	2	5
OG0018884	1	2	2	5
OG0018885	2	2	1	5
OG0018886	1	3	1	5
OG0018887	1	2	2	5
OG0018888	1	2	2	5
OG0018889	1	2	2	5
OG0018890	1	2	2	5
OG0018891	1	2	2	5
OG0018892	1	2	2	5
OG0018893	1	2	2	5
OG0018894	1	2	2	5
OG0018895	1	2	2	5
OG0018896	1	1	3	5
OG0018897	1	2	2	5
OG0018898	2	3	0	5
OG0018899	1	2	2	5
OG0018900	1	2	2	5
OG0018901	1	2	2	5
OG0018902	1	2	2	5
OG0018903	1	2	2	5
OG0018904	1	2	2	5
OG0018905	1	2	2	5
OG0018906	1	2	2	5
OG0018907	1	2	2	5
OG0018908	1	2	2	5
OG0018909	1	2	2	5
OG0018910	4	0	1	5
OG0018911	1	2	2	5
OG0018912	1	2	2	5
OG0018913	1	2	2	5
OG0018914	1	2	2	5
OG0018915	1	2	2	5
OG0018916	1	2	2	5
OG0018917	1	2	2	5
OG0018918	1	2	2	5
OG0018919	4	0	1	5
OG0018920	2	2	1	5
OG0018921	1	2	2	5
OG0018922	1	2	2	5
OG0018923	1	2	2	5
OG0018924	2	1	2	5
OG0018925	1	2	2	5
OG0018926	1	2	2	5
OG0018927	2	2	1	5
OG0018928	1	3	1	5
OG0018929	1	2	2	5
OG0018930	1	2	2	5
OG0018931	2	2	1	5
OG0018932	1	2	2	5
OG0018933	1	2	2	5
OG0018934	2	1	2	5
OG0018935	1	2	2	5
OG0018936	1	2	2	5
OG0018937	2	1	2	5
OG0018938	1	2	2	5
OG0018939	1	2	2	5
OG0018940	2	2	1	5
OG0018941	1	2	2	5
OG0018942	1	2	2	5
OG0018943	2	1	2	5
OG0018944	3	0	2	5
OG0018945	1	2	2	5
OG0018946	1	2	2	5
OG0018947	2	1	2	5
OG0018948	2	1	2	5
OG0018949	1	2	2	5
OG0018950	2	2	1	5
OG0018951	1	2	2	5
OG0018952	1	2	2	5
OG0018953	1	2	2	5
OG0018954	2	2	1	5
OG0018955	1	2	2	5
OG0018956	1	2	2	5
OG0018957	1	2	2	5
OG0018958	1	2	2	5
OG0018959	2	1	2	5
OG0018960	2	1	2	5
OG0018961	1	2	2	5
OG0018962	2	1	2	5
OG0018963	2	1	2	5
OG0018964	2	1	2	5
OG0018965	1	2	2	5
OG0018966	2	1	2	5
OG0018967	1	2	2	5
OG0018968	1	2	2	5
OG0018969	1	2	2	5
OG0018970	1	4	0	5
OG0018971	2	1	2	5
OG0018972	2	1	2	5
OG0018973	2	1	2	5
OG0018974	1	2	2	5
OG0018975	2	1	2	5
OG0018976	1	2	2	5
OG0018977	1	2	2	5
OG0018978	1	2	2	5
OG0018979	1	2	2	5
OG0018980	1	2	2	5
OG0018981	2	1	2	5
OG0018982	1	2	2	5
OG0018983	2	1	2	5
OG0018984	1	2	2	5
OG0018985	3	2	0	5
OG0018986	1	2	2	5
OG0018987	3	0	2	5
OG0018988	1	2	2	5
OG0018989	1	2	2	5
OG0018990	1	2	2	5
OG0018991	1	2	2	5
OG0018992	1	2	2	5
OG0018993	1	2	2	5
OG0018994	1	2	2	5
OG0018995	2	1	2	5
OG0018996	1	2	2	5
OG0018997	2	2	1	5
OG0018998	1	2	2	5
OG0018999	1	2	2	5
OG0019000	2	1	2	5
OG0019001	1	2	2	5
OG0019002	2	1	2	5
OG0019003	1	2	2	5
OG0019004	1	2	2	5
OG0019005	1	2	2	5
OG0019006	2	1	2	5
OG0019007	1	2	2	5
OG0019008	1	2	2	5
OG0019009	1	2	2	5
OG0019010	2	2	1	5
OG0019011	1	2	2	5
OG0019012	2	2	1	5
OG0019013	1	2	2	5
OG0019014	2	1	2	5
OG0019015	2	2	1	5
OG0019016	1	2	2	5
OG0019017	2	1	2	5
OG0019018	1	2	2	5
OG0019019	2	1	2	5
OG0019020	1	2	2	5
OG0019021	1	2	2	5
OG0019022	1	2	2	5
OG0019023	2	1	2	5
OG0019024	2	1	2	5
OG0019025	4	1	0	5
OG0019026	1	2	2	5
OG0019027	1	2	2	5
OG0019028	1	2	2	5
OG0019029	2	1	2	5
OG0019030	2	1	2	5
OG0019031	2	2	1	5
OG0019032	1	2	2	5
OG0019033	1	2	2	5
OG0019034	2	2	1	5
OG0019035	1	2	2	5
OG0019036	1	2	2	5
OG0019037	3	0	2	5
OG0019038	2	2	1	5
OG0019039	1	2	2	5
OG0019040	1	3	1	5
OG0019041	1	2	2	5
OG0019042	1	2	2	5
OG0019043	1	2	2	5
OG0019044	1	2	2	5
OG0019045	1	2	2	5
OG0019046	2	1	2	5
OG0019047	1	2	2	5
OG0019048	2	1	2	5
OG0019049	2	1	2	5
OG0019050	2	1	2	5
OG0019051	1	2	2	5
OG0019052	2	2	1	5
OG0019053	2	2	1	5
OG0019054	1	2	2	5
OG0019055	1	2	2	5
OG0019056	2	1	2	5
OG0019057	1	2	2	5
OG0019058	1	2	2	5
OG0019059	1	2	2	5
OG0019060	1	2	2	5
OG0019061	1	2	2	5
OG0019062	1	2	2	5
OG0019063	1	2	2	5
OG0019064	1	2	2	5
OG0019065	2	2	1	5
OG0019066	1	2	2	5
OG0019067	1	2	2	5
OG0019068	1	2	2	5
OG0019069	1	2	2	5
OG0019070	1	3	1	5
OG0019071	1	2	2	5
OG0019072	1	2	2	5
OG0019073	1	2	2	5
OG0019074	1	2	2	5
OG0019075	1	2	2	5
OG0019076	3	1	1	5
OG0019077	1	2	2	5
OG0019078	1	3	1	5
OG0019079	1	2	2	5
OG0019080	1	2	2	5
OG0019081	3	1	1	5
OG0019082	2	2	1	5
OG0019083	1	2	2	5
OG0019084	1	2	2	5
OG0019085	1	2	2	5
OG0019086	4	0	1	5
OG0019087	1	2	2	5
OG0019088	1	2	2	5
OG0019089	1	2	2	5
OG0019090	1	2	2	5
OG0019091	1	2	2	5
OG0019092	1	2	2	5
OG0019093	1	2	2	5
OG0019094	1	2	2	5
OG0019095	1	2	2	5
OG0019096	3	1	1	5
OG0019097	1	2	2	5
OG0019098	1	2	2	5
OG0019099	1	2	2	5
OG0019100	3	1	1	5
OG0019101	1	4	0	5
OG0019102	1	2	2	5
OG0019103	1	0	4	5
OG0019104	1	4	0	5
OG0019105	1	2	2	5
OG0019106	2	2	1	5
OG0019107	1	2	2	5
OG0019108	1	2	2	5
OG0019109	1	2	2	5
OG0019110	1	2	2	5
OG0019111	1	2	2	5
OG0019112	1	2	2	5
OG0019113	1	3	1	5
OG0019114	2	1	2	5
OG0019115	4	1	0	5
OG0019116	1	2	2	5
OG0019117	1	2	2	5
OG0019118	2	1	2	5
OG0019119	2	2	1	5
OG0019120	2	1	2	5
OG0019121	1	2	2	5
OG0019122	1	2	2	5
OG0019123	2	1	2	5
OG0019124	2	2	1	5
OG0019125	3	1	1	5
OG0019126	2	2	1	5
OG0019127	1	2	2	5
OG0019128	1	2	2	5
OG0019129	1	2	2	5
OG0019130	2	2	1	5
OG0019131	1	2	2	5
OG0019132	1	2	2	5
OG0019133	2	2	1	5
OG0019134	2	1	2	5
OG0019135	2	2	1	5
OG0019136	2	1	2	5
OG0019137	1	2	2	5
OG0019138	1	2	2	5
OG0019139	2	1	2	5
OG0019140	1	2	2	5
OG0019141	1	2	2	5
OG0019142	1	2	2	5
OG0019143	1	2	2	5
OG0019144	2	1	2	5
OG0019145	2	2	1	5
OG0019146	1	3	1	5
OG0019147	1	2	2	5
OG0019148	1	2	2	5
OG0019149	1	2	2	5
OG0019150	1	2	2	5
OG0019151	4	0	1	5
OG0019152	1	2	2	5
OG0019153	2	1	2	5
OG0019154	2	1	2	5
OG0019155	2	1	2	5
OG0019156	2	1	2	5
OG0019157	1	2	2	5
OG0019158	1	2	2	5
OG0019159	2	2	1	5
OG0019160	2	2	1	5
OG0019161	3	1	1	5
OG0019162	2	2	1	5
OG0019163	1	2	2	5
OG0019164	2	1	2	5
OG0019165	1	2	2	5
OG0019166	2	1	2	5
OG0019167	2	1	2	5
OG0019168	2	2	1	5
OG0019169	1	2	2	5
OG0019170	2	1	2	5
OG0019171	1	2	2	5
OG0019172	1	2	2	5
OG0019173	1	2	2	5
OG0019174	2	1	2	5
OG0019175	2	1	2	5
OG0019176	2	1	2	5
OG0019177	3	2	0	5
OG0019178	2	1	2	5
OG0019179	2	2	1	5
OG0019180	2	1	2	5
OG0019181	1	2	2	5
OG0019182	2	2	1	5
OG0019183	2	1	2	5
OG0019184	2	1	2	5
OG0019185	3	1	1	5
OG0019186	2	1	2	5
OG0019187	2	1	2	5
OG0019188	3	0	2	5
OG0019189	1	2	2	5
OG0019190	2	1	2	5
OG0019191	1	2	2	5
OG0019192	1	2	2	5
OG0019193	2	1	2	5
OG0019194	1	2	2	5
OG0019195	1	2	2	5
OG0019196	1	2	2	5
OG0019197	2	2	1	5
OG0019198	1	2	2	5
OG0019199	2	2	1	5
OG0019200	2	1	2	5
OG0019201	1	2	2	5
OG0019202	2	1	2	5
OG0019203	2	1	2	5
OG0019204	1	2	2	5
OG0019205	1	2	2	5
OG0019206	1	2	2	5
OG0019207	1	2	2	5
OG0019208	2	1	2	5
OG0019209	1	2	2	5
OG0019210	1	2	2	5
OG0019211	1	2	2	5
OG0019212	2	2	1	5
OG0019213	2	2	1	5
OG0019214	1	2	2	5
OG0019215	1	2	2	5
OG0019216	2	2	1	5
OG0019217	2	2	1	5
OG0019218	2	1	2	5
OG0019219	1	2	2	5
OG0019220	2	2	1	5
OG0019221	1	2	2	5
OG0019222	2	1	2	5
OG0019223	2	1	2	5
OG0019224	1	2	2	5
OG0019225	1	2	2	5
OG0019226	1	2	2	5
OG0019227	1	2	2	5
OG0019228	1	2	2	5
OG0019229	1	2	2	5
OG0019230	1	2	2	5
OG0019231	2	1	2	5
OG0019232	3	2	0	5
OG0019233	2	2	1	5
OG0019234	1	2	2	5
OG0019235	1	2	2	5
OG0019236	2	1	2	5
OG0019237	2	1	2	5
OG0019238	1	2	2	5
OG0019239	2	2	1	5
OG0019240	1	2	2	5
OG0019241	1	2	2	5
OG0019242	1	2	2	5
OG0019243	2	2	1	5
OG0019244	1	2	2	5
OG0019245	1	2	2	5
OG0019246	1	2	2	5
OG0019247	2	0	3	5
OG0019248	2	1	2	5
OG0019249	1	2	2	5
OG0019250	2	1	2	5
OG0019251	1	2	2	5
OG0019252	2	2	1	5
OG0019253	1	2	2	5
OG0019254	2	2	1	5
OG0019255	1	4	0	5
OG0019256	2	2	1	5
OG0019257	1	2	2	5
OG0019258	2	1	2	5
OG0019259	1	2	2	5
OG0019260	2	1	2	5
OG0019261	2	1	2	5
OG0019262	2	1	2	5
OG0019263	1	2	2	5
OG0019264	1	2	2	5
OG0019265	1	2	2	5
OG0019266	1	2	2	5
OG0019267	1	2	2	5
OG0019268	2	1	2	5
OG0019269	1	2	2	5
OG0019270	1	4	0	5
OG0019271	1	2	2	5
OG0019272	2	2	1	5
OG0019273	2	2	1	5
OG0019274	1	2	2	5
OG0019275	1	2	2	5
OG0019276	2	2	1	5
OG0019277	1	2	2	5
OG0019278	2	2	1	5
OG0019279	1	2	2	5
OG0019280	1	2	2	5
OG0019281	1	2	2	5
OG0019282	1	2	2	5
OG0019283	2	1	2	5
OG0019284	2	1	2	5
OG0019285	1	2	2	5
OG0019286	1	2	2	5
OG0019287	2	2	1	5
OG0019288	2	1	2	5
OG0019289	1	2	2	5
OG0019290	1	2	2	5
OG0019291	1	2	2	5
OG0019292	1	2	2	5
OG0019293	2	1	2	5
OG0019294	2	1	2	5
OG0019295	2	2	1	5
OG0019296	1	2	2	5
OG0019297	2	1	2	5
OG0019298	1	2	2	5
OG0019299	1	2	2	5
OG0019300	1	2	2	5
OG0019301	1	2	2	5
OG0019302	1	2	2	5
OG0019303	2	2	1	5
OG0019304	2	2	1	5
OG0019305	1	2	2	5
OG0019306	1	2	2	5
OG0019307	1	2	2	5
OG0019308	1	2	2	5
OG0019309	2	1	2	5
OG0019310	1	2	2	5
OG0019311	2	2	1	5
OG0019312	2	2	1	5
OG0019313	1	2	2	5
OG0019314	1	2	2	5
OG0019315	4	0	1	5
OG0019316	4	1	0	5
OG0019317	2	1	2	5
OG0019318	1	2	2	5
OG0019319	2	2	1	5
OG0019320	1	2	2	5
OG0019321	2	2	1	5
OG0019322	1	2	2	5
OG0019323	1	2	2	5
OG0019324	1	2	2	5
OG0019325	2	2	1	5
OG0019326	2	1	2	5
OG0019327	2	1	2	5
OG0019328	1	2	2	5
OG0019329	1	2	2	5
OG0019330	2	1	2	5
OG0019331	2	1	2	5
OG0019332	3	1	1	5
OG0019333	2	2	1	5
OG0019334	2	2	1	5
OG0019335	1	2	2	5
OG0019336	2	2	1	5
OG0019337	2	1	2	5
OG0019338	2	1	2	5
OG0019339	1	2	2	5
OG0019340	2	2	1	5
OG0019341	1	2	2	5
OG0019342	2	1	2	5
OG0019343	1	2	2	5
OG0019344	2	1	2	5
OG0019345	2	2	1	5
OG0019346	1	2	2	5
OG0019347	1	2	2	5
OG0019348	2	2	1	5
OG0019349	3	1	1	5
OG0019350	2	2	1	5
OG0019351	1	2	2	5
OG0019352	1	2	2	5
OG0019353	1	2	2	5
OG0019354	1	2	2	5
OG0019355	2	2	1	5
OG0019356	1	2	2	5
OG0019357	1	2	2	5
OG0019358	2	1	2	5
OG0019359	1	2	2	5
OG0019360	2	1	2	5
OG0019361	2	2	1	5
OG0019362	1	2	2	5
OG0019363	1	2	2	5
OG0019364	1	2	2	5
OG0019365	1	2	2	5
OG0019366	1	3	1	5
OG0019367	1	2	2	5
OG0019368	2	1	2	5
OG0019369	1	2	2	5
OG0019370	2	1	2	5
OG0019371	2	1	2	5
OG0019372	2	2	1	5
OG0019373	2	1	2	5
OG0019374	2	3	0	5
OG0019375	1	2	2	5
OG0019376	1	2	2	5
OG0019377	2	2	1	5
OG0019378	1	2	2	5
OG0019379	2	2	1	5
OG0019380	2	3	0	5
OG0019381	2	2	1	5
OG0019382	1	2	2	5
OG0019383	1	2	2	5
OG0019384	1	2	2	5
OG0019385	2	2	1	5
OG0019386	1	2	2	5
OG0019387	2	1	2	5
OG0019388	2	2	1	5
OG0019389	1	2	2	5
OG0019390	1	4	0	5
OG0019391	2	2	1	5
OG0019392	1	2	2	5
OG0019393	2	1	2	5
OG0019394	1	2	2	5
OG0019395	1	2	2	5
OG0019396	1	2	2	5
OG0019397	2	2	1	5
OG0019398	2	1	2	5
OG0019399	1	2	2	5
OG0019400	2	1	2	5
OG0019401	1	2	2	5
OG0019402	1	2	2	5
OG0019403	1	2	2	5
OG0019404	2	2	1	5
OG0019405	2	1	2	5
OG0019406	1	2	2	5
OG0019407	1	2	2	5
OG0019408	1	2	2	5
OG0019409	1	2	2	5
OG0019410	2	2	1	5
OG0019411	1	2	2	5
OG0019412	1	2	2	5
OG0019413	1	2	2	5
OG0019414	1	2	2	5
OG0019415	2	1	2	5
OG0019416	1	2	2	5
OG0019417	2	1	2	5
OG0019418	2	1	2	5
OG0019419	1	2	2	5
OG0019420	1	2	2	5
OG0019421	1	2	2	5
OG0019422	2	1	2	5
OG0019423	2	1	2	5
OG0019424	1	2	2	5
OG0019425	2	2	1	5
OG0019426	2	2	1	5
OG0019427	2	1	2	5
OG0019428	1	2	2	5
OG0019429	1	2	2	5
OG0019430	1	2	2	5
OG0019431	2	1	2	5
OG0019432	2	1	2	5
OG0019433	2	1	2	5
OG0019434	1	2	2	5
OG0019435	3	1	1	5
OG0019436	1	2	2	5
OG0019437	2	1	2	5
OG0019438	2	1	2	5
OG0019439	2	1	2	5
OG0019440	1	2	2	5
OG0019441	1	2	2	5
OG0019442	1	2	2	5
OG0019443	1	2	2	5
OG0019444	1	2	2	5
OG0019445	1	2	2	5
OG0019446	1	2	2	5
OG0019447	1	2	2	5
OG0019448	1	2	2	5
OG0019449	2	1	2	5
OG0019450	1	2	2	5
OG0019451	2	2	1	5
OG0019452	2	1	2	5
OG0019453	2	2	1	5
OG0019454	2	2	1	5
OG0019455	2	2	1	5
OG0019456	2	2	1	5
OG0019457	1	2	2	5
OG0019458	1	2	2	5
OG0019459	2	2	1	5
OG0019460	2	1	2	5
OG0019461	1	2	2	5
OG0019462	2	2	1	5
OG0019463	1	2	2	5
OG0019464	1	2	2	5
OG0019465	1	2	2	5
OG0019466	2	2	1	5
OG0019467	2	3	0	5
OG0019468	2	2	1	5
OG0019469	2	3	0	5
OG0019470	2	2	1	5
OG0019471	2	2	1	5
OG0019472	1	2	2	5
OG0019473	2	2	1	5
OG0019474	2	1	2	5
OG0019475	2	1	2	5
OG0019476	1	2	2	5
OG0019477	2	2	1	5
OG0019478	1	2	2	5
OG0019479	1	2	2	5
OG0019480	1	2	2	5
OG0019481	3	2	0	5
OG0019482	1	2	2	5
OG0019483	1	2	2	5
OG0019484	3	1	1	5
OG0019485	1	2	2	5
OG0019486	1	2	2	5
OG0019487	2	1	2	5
OG0019488	2	2	1	5
OG0019489	2	2	1	5
OG0019490	1	2	2	5
OG0019491	1	2	2	5
OG0019492	1	2	2	5
OG0019493	1	2	2	5
OG0019494	1	2	2	5
OG0019495	1	2	2	5
OG0019496	2	1	2	5
OG0019497	1	2	2	5
OG0019498	1	2	2	5
OG0019499	2	1	2	5
OG0019500	2	2	1	5
OG0019501	2	2	1	5
OG0019502	1	2	2	5
OG0019503	2	1	2	5
OG0019504	1	2	2	5
OG0019505	1	2	2	5
OG0019506	1	2	2	5
OG0019507	2	1	2	5
OG0019508	2	2	1	5
OG0019509	1	2	2	5
OG0019510	2	1	2	5
OG0019511	1	2	2	5
OG0019512	1	2	2	5
OG0019513	2	2	1	5
OG0019514	2	1	2	5
OG0019515	2	1	2	5
OG0019516	1	2	2	5
OG0019517	1	2	2	5
OG0019518	1	2	2	5
OG0019519	2	1	2	5
OG0019520	1	2	2	5
OG0019521	2	2	1	5
OG0019522	1	2	2	5
OG0019523	2	1	2	5
OG0019524	2	2	1	5
OG0019525	1	2	2	5
OG0019526	2	3	0	5
OG0019527	1	2	2	5
OG0019528	1	2	2	5
OG0019529	2	1	2	5
OG0019530	1	2	2	5
OG0019531	1	2	2	5
OG0019532	1	2	2	5
OG0019533	1	2	2	5
OG0019534	1	2	2	5
OG0019535	1	2	2	5
OG0019536	1	2	2	5
OG0019537	1	2	2	5
OG0019538	1	2	2	5
OG0019539	1	2	2	5
OG0019540	2	2	1	5
OG0019541	1	2	2	5
OG0019542	1	2	2	5
OG0019543	1	2	2	5
OG0019544	1	2	2	5
OG0019545	1	2	2	5
OG0019546	1	2	2	5
OG0019547	2	1	2	5
OG0019548	2	1	2	5
OG0019549	1	3	1	5
OG0019550	1	2	2	5
OG0019551	1	2	2	5
OG0019552	2	1	2	5
OG0019553	2	1	2	5
OG0019554	1	2	2	5
OG0019555	1	2	2	5
OG0019556	2	2	1	5
OG0019557	1	2	2	5
OG0019558	2	1	2	5
OG0019559	1	2	2	5
OG0019560	1	2	2	5
OG0019561	1	2	2	5
OG0019562	1	2	2	5
OG0019563	2	2	1	5
OG0019564	1	2	2	5
OG0019565	2	1	2	5
OG0019566	2	1	2	5
OG0019567	1	2	2	5
OG0019568	2	3	0	5
OG0019569	2	1	2	5
OG0019570	1	2	2	5
OG0019571	1	2	2	5
OG0019572	1	2	2	5
OG0019573	1	2	2	5
OG0019574	1	2	2	5
OG0019575	2	2	1	5
OG0019576	1	4	0	5
OG0019577	1	2	2	5
OG0019578	2	1	2	5
OG0019579	1	2	2	5
OG0019580	1	2	2	5
OG0019581	1	2	2	5
OG0019582	2	1	2	5
OG0019583	2	1	2	5
OG0019584	2	2	1	5
OG0019585	1	2	2	5
OG0019586	1	2	2	5
OG0019587	1	2	2	5
OG0019588	2	2	1	5
OG0019589	1	2	2	5
OG0019590	1	2	2	5
OG0019591	1	2	2	5
OG0019592	1	2	2	5
OG0019593	2	1	2	5
OG0019594	2	2	1	5
OG0019595	2	1	2	5
OG0019596	1	2	2	5
OG0019597	1	2	2	5
OG0019598	1	2	2	5
OG0019599	2	1	2	5
OG0019600	1	2	2	5
OG0019601	1	2	2	5
OG0019602	2	2	1	5
OG0019603	1	2	2	5
OG0019604	2	1	2	5
OG0019605	2	1	2	5
OG0019606	1	2	2	5
OG0019607	1	2	2	5
OG0019608	2	2	1	5
OG0019609	2	2	1	5
OG0019610	1	2	2	5
OG0019611	1	2	2	5
OG0019612	1	2	2	5
OG0019613	2	1	2	5
OG0019614	2	2	1	5
OG0019615	1	2	2	5
OG0019616	1	2	2	5
OG0019617	1	2	2	5
OG0019618	1	2	2	5
OG0019619	2	1	2	5
OG0019620	1	2	2	5
OG0019621	1	2	2	5
OG0019622	1	2	2	5
OG0019623	1	2	2	5
OG0019624	2	2	1	5
OG0019625	2	2	1	5
OG0019626	1	2	2	5
OG0019627	2	1	2	5
OG0019628	2	2	1	5
OG0019629	2	1	2	5
OG0019630	2	1	2	5
OG0019631	1	2	2	5
OG0019632	1	2	2	5
OG0019633	2	1	2	5
OG0019634	1	2	2	5
OG0019635	2	1	2	5
OG0019636	1	2	2	5
OG0019637	1	2	2	5
OG0019638	2	1	2	5
OG0019639	2	2	1	5
OG0019640	1	2	2	5
OG0019641	2	1	2	5
OG0019642	1	2	2	5
OG0019643	1	2	2	5
OG0019644	2	2	1	5
OG0019645	1	2	2	5
OG0019646	2	2	1	5
OG0019647	1	2	2	5
OG0019648	1	2	2	5
OG0019649	2	2	1	5
OG0019650	1	2	2	5
OG0019651	2	1	2	5
OG0019652	1	2	2	5
OG0019653	2	2	1	5
OG0019654	2	2	1	5
OG0019655	1	2	2	5
OG0019656	2	1	2	5
OG0019657	2	1	2	5
OG0019658	2	2	1	5
OG0019659	1	2	2	5
OG0019660	2	2	1	5
OG0019661	1	2	2	5
OG0019662	1	2	2	5
OG0019663	2	1	2	5
OG0019664	1	2	2	5
OG0019665	1	2	2	5
OG0019666	1	2	2	5
OG0019667	1	2	2	5
OG0019668	2	2	1	5
OG0019669	1	2	2	5
OG0019670	1	2	2	5
OG0019671	2	1	2	5
OG0019672	1	2	2	5
OG0019673	1	2	2	5
OG0019674	2	1	2	5
OG0019675	1	2	2	5
OG0019676	1	2	2	5
OG0019677	2	1	2	5
OG0019678	1	2	2	5
OG0019679	2	2	1	5
OG0019680	2	1	2	5
OG0019681	2	3	0	5
OG0019682	1	2	2	5
OG0019683	2	2	1	5
OG0019684	1	2	2	5
OG0019685	2	2	1	5
OG0019686	2	3	0	5
OG0019687	1	2	2	5
OG0019688	1	2	2	5
OG0019689	1	2	2	5
OG0019690	2	1	2	5
OG0019691	1	2	2	5
OG0019692	1	2	2	5
OG0019693	2	1	2	5
OG0019694	1	2	2	5
OG0019695	1	2	2	5
OG0019696	1	2	2	5
OG0019697	4	0	1	5
OG0019698	2	2	1	5
OG0019699	2	2	1	5
OG0019700	2	1	2	5
OG0019701	1	2	2	5
OG0019702	2	1	2	5
OG0019703	1	2	2	5
OG0019704	2	1	2	5
OG0019705	1	2	2	5
OG0019706	2	1	2	5
OG0019707	2	1	2	5
OG0019708	3	1	1	5
OG0019709	1	3	1	5
OG0019710	1	2	2	5
OG0019711	1	2	2	5
OG0019712	3	2	0	5
OG0019713	2	1	2	5
OG0019714	2	2	1	5
OG0019715	1	2	2	5
OG0019716	2	1	2	5
OG0019717	1	2	2	5
OG0019718	1	2	2	5
OG0019719	1	2	2	5
OG0019720	1	2	2	5
OG0019721	3	1	1	5
OG0019722	1	2	2	5
OG0019723	1	2	2	5
OG0019724	1	2	2	5
OG0019725	2	1	2	5
OG0019726	2	1	2	5
OG0019727	1	2	2	5
OG0019728	2	1	2	5
OG0019729	2	1	2	5
OG0019730	2	2	1	5
OG0019731	2	2	1	5
OG0019732	1	2	2	5
OG0019733	1	2	2	5
OG0019734	1	2	2	5
OG0019735	3	2	0	5
OG0019736	2	2	1	5
OG0019737	3	2	0	5
OG0019738	2	2	1	5
OG0019739	1	2	2	5
OG0019740	2	2	1	5
OG0019741	2	3	0	5
OG0019742	2	2	1	5
OG0019743	1	2	2	5
OG0019744	1	2	2	5
OG0019745	1	2	2	5
OG0019746	2	1	2	5
OG0019747	3	2	0	5
OG0019748	3	2	0	5
OG0019749	3	2	0	5
OG0019750	1	2	2	5
OG0019751	1	2	2	5
OG0019752	2	1	2	5
OG0019753	1	2	2	5
OG0019754	2	1	2	5
OG0019755	2	1	2	5
OG0019756	2	1	2	5
OG0019757	2	1	2	5
OG0019758	2	1	2	5
OG0019759	2	2	1	5
OG0019760	1	2	2	5
OG0019761	2	2	1	5
OG0019762	2	2	1	5
OG0019763	2	2	1	5
OG0019764	1	2	2	5
OG0019765	1	2	2	5
OG0019766	1	2	2	5
OG0019767	1	2	2	5
OG0019768	1	2	2	5
OG0019769	2	1	2	5
OG0019770	2	1	2	5
OG0019771	2	1	2	5
OG0019772	1	2	2	5
OG0019773	1	2	2	5
OG0019774	1	2	2	5
OG0019775	2	1	2	5
OG0019776	2	1	2	5
OG0019777	2	1	2	5
OG0019778	2	2	1	5
OG0019779	1	2	2	5
OG0019780	2	2	1	5
OG0019781	2	2	1	5
OG0019782	1	2	2	5
OG0019783	1	2	2	5
OG0019784	1	2	2	5
OG0019785	1	2	2	5
OG0019786	2	3	0	5
OG0019787	1	2	2	5
OG0019788	1	2	2	5
OG0019789	2	2	1	5
OG0019790	1	2	2	5
OG0019791	1	2	2	5
OG0019792	1	2	2	5
OG0019793	2	2	1	5
OG0019794	1	2	2	5
OG0019795	1	2	2	5
OG0019796	2	1	2	5
OG0019797	1	2	2	5
OG0019798	1	2	2	5
OG0019799	1	2	2	5
OG0019800	2	2	1	5
OG0019801	1	2	2	5
OG0019802	1	2	2	5
OG0019803	1	2	2	5
OG0019804	1	2	2	5
OG0019805	2	1	2	5
OG0019806	2	1	2	5
OG0019807	2	2	1	5
OG0019808	1	2	2	5
OG0019809	2	1	2	5
OG0019810	2	2	1	5
OG0019811	3	1	1	5
OG0019812	2	1	2	5
OG0019813	2	2	1	5
OG0019814	1	2	2	5
OG0019815	1	2	2	5
OG0019816	2	0	3	5
OG0019817	2	1	2	5
OG0019818	1	2	2	5
OG0019819	1	2	2	5
OG0019820	1	2	2	5
OG0019821	2	2	1	5
OG0019822	1	2	2	5
OG0019823	1	2	2	5
OG0019824	1	2	2	5
OG0019825	1	2	2	5
OG0019826	1	2	2	5
OG0019827	1	2	2	5
OG0019828	1	2	2	5
OG0019829	1	2	2	5
OG0019830	2	1	2	5
OG0019831	1	2	2	5
OG0019832	2	2	1	5
OG0019833	2	1	2	5
OG0019834	2	0	3	5
OG0019835	2	1	2	5
OG0019836	1	2	2	5
OG0019837	2	1	2	5
OG0019838	1	2	2	5
OG0019839	2	1	2	5
OG0019840	1	2	2	5
OG0019841	1	2	2	5
OG0019842	2	1	2	5
OG0019843	1	2	2	5
OG0019844	1	2	2	5
OG0019845	2	1	2	5
OG0019846	1	2	2	5
OG0019847	1	2	2	5
OG0019848	2	1	2	5
OG0019849	1	2	2	5
OG0019850	2	2	1	5
OG0019851	1	2	2	5
OG0019852	2	2	1	5
OG0019853	2	1	2	5
OG0019854	2	2	1	5
OG0019855	2	2	1	5
OG0019856	2	1	2	5
OG0019857	2	2	1	5
OG0019858	1	2	2	5
OG0019859	1	2	2	5
OG0019860	1	2	2	5
OG0019861	2	3	0	5
OG0019862	2	3	0	5
OG0019863	2	2	1	5
OG0019864	1	2	2	5
OG0019865	2	1	2	5
OG0019866	1	2	2	5
OG0019867	2	1	2	5
OG0019868	2	3	0	5
OG0019869	2	1	2	5
OG0019870	2	2	1	5
OG0019871	2	2	1	5
OG0019872	2	1	2	5
OG0019873	2	1	2	5
OG0019874	2	1	2	5
OG0019875	2	2	1	5
OG0019876	2	2	1	5
OG0019877	2	1	2	5
OG0019878	1	2	2	5
OG0019879	2	2	1	5
OG0019880	2	2	1	5
OG0019881	1	2	2	5
OG0019882	2	2	1	5
OG0019883	2	1	2	5
OG0019884	3	2	0	5
OG0019885	3	2	0	5
OG0019886	2	2	1	5
OG0019887	1	2	2	5
OG0019888	2	2	1	5
OG0019889	1	2	2	5
OG0019890	1	2	2	5
OG0019891	1	2	2	5
OG0019892	2	1	2	5
OG0019893	1	2	2	5
OG0019894	2	1	2	5
OG0019895	2	2	1	5
OG0019896	1	2	2	5
OG0019897	2	1	2	5
OG0019898	2	2	1	5
OG0019899	2	1	2	5
OG0019900	2	1	2	5
OG0019901	1	2	2	5
OG0019902	2	2	1	5
OG0019903	1	2	2	5
OG0019904	1	2	2	5
OG0019905	1	2	2	5
OG0019906	1	2	2	5
OG0019907	2	1	2	5
OG0019908	2	1	2	5
OG0019909	1	2	2	5
OG0019910	2	1	2	5
OG0019911	2	2	1	5
OG0019912	2	3	0	5
OG0019913	1	2	2	5
OG0019914	1	2	2	5
OG0019915	3	2	0	5
OG0019916	1	2	2	5
OG0019917	2	2	1	5
OG0019918	1	2	2	5
OG0019919	2	1	2	5
OG0019920	2	1	2	5
OG0019921	2	1	2	5
OG0019922	1	2	2	5
OG0019923	1	2	2	5
OG0019924	2	2	1	5
OG0019925	2	1	2	5
OG0019926	1	2	2	5
OG0019927	1	2	2	5
OG0019928	2	1	2	5
OG0019929	2	1	2	5
OG0019930	1	2	2	5
OG0019931	1	2	2	5
OG0019932	1	2	2	5
OG0019933	1	2	2	5
OG0019934	2	1	2	5
OG0019935	2	1	2	5
OG0019936	1	2	2	5
OG0019937	2	2	1	5
OG0019938	2	1	2	5
OG0019939	1	2	2	5
OG0019940	1	2	2	5
OG0019941	1	2	2	5
OG0019942	1	2	2	5
OG0019943	2	1	2	5
OG0019944	1	2	2	5
OG0019945	2	1	2	5
OG0019946	1	2	2	5
OG0019947	2	2	1	5
OG0019948	1	2	2	5
OG0019949	2	2	1	5
OG0019950	2	2	1	5
OG0019951	1	2	2	5
OG0019952	2	1	2	5
OG0019953	2	2	1	5
OG0019954	1	2	2	5
OG0019955	1	2	2	5
OG0019956	2	2	1	5
OG0019957	1	2	2	5
OG0019958	1	2	2	5
OG0019959	1	2	2	5
OG0019960	3	1	1	5
OG0019961	2	1	2	5
OG0019962	1	2	2	5
OG0019963	1	2	2	5
OG0019964	2	2	1	5
OG0019965	1	2	2	5
OG0019966	2	2	1	5
OG0019967	2	1	2	5
OG0019968	2	1	2	5
OG0019969	1	2	2	5
OG0019970	2	1	2	5
OG0019971	2	1	2	5
OG0019972	2	2	1	5
OG0019973	1	2	2	5
OG0019974	1	2	2	5
OG0019975	1	2	2	5
OG0019976	2	2	1	5
OG0019977	1	2	2	5
OG0019978	1	2	2	5
OG0019979	1	2	2	5
OG0019980	1	2	2	5
OG0019981	2	2	1	5
OG0019982	1	2	2	5
OG0019983	1	2	2	5
OG0019984	2	1	2	5
OG0019985	2	1	2	5
OG0019986	1	2	2	5
OG0019987	1	2	2	5
OG0019988	1	2	2	5
OG0019989	2	2	1	5
OG0019990	4	1	0	5
OG0019991	1	2	2	5
OG0019992	1	2	2	5
OG0019993	2	2	1	5
OG0019994	2	1	2	5
OG0019995	2	1	2	5
OG0019996	2	1	2	5
OG0019997	1	2	2	5
OG0019998	1	2	2	5
OG0019999	2	2	1	5
OG0020000	1	2	2	5
OG0020001	1	2	2	5
OG0020002	1	2	2	5
OG0020003	1	2	2	5
OG0020004	1	2	2	5
OG0020005	1	2	2	5
OG0020006	1	2	2	5
OG0020007	1	2	2	5
OG0020008	1	2	2	5
OG0020009	1	2	2	5
OG0020010	1	2	2	5
OG0020011	1	2	2	5
OG0020012	2	2	1	5
OG0020013	1	2	2	5
OG0020014	1	2	2	5
OG0020015	1	2	2	5
OG0020016	2	2	1	5
OG0020017	1	2	2	5
OG0020018	1	2	2	5
OG0020019	1	2	2	5
OG0020020	1	2	2	5
OG0020021	1	2	2	5
OG0020022	1	2	2	5
OG0020023	2	1	2	5
OG0020024	1	2	2	5
OG0020025	2	2	1	5
OG0020026	2	1	2	5
OG0020027	1	2	2	5
OG0020028	1	2	2	5
OG0020029	2	3	0	5
OG0020030	1	2	2	5
OG0020031	1	3	1	5
OG0020032	1	2	2	5
OG0020033	2	1	2	5
OG0020034	1	2	2	5
OG0020035	4	1	0	5
OG0020036	2	2	1	5
OG0020037	1	2	2	5
OG0020038	1	2	2	5
OG0020039	1	2	2	5
OG0020040	1	2	2	5
OG0020041	1	2	2	5
OG0020042	1	2	2	5
OG0020043	2	2	1	5
OG0020044	1	2	2	5
OG0020045	1	2	2	5
OG0020046	2	1	2	5
OG0020047	2	1	2	5
OG0020048	2	2	1	5
OG0020049	2	1	2	5
OG0020050	1	2	2	5
OG0020051	2	2	1	5
OG0020052	1	2	2	5
OG0020053	2	2	1	5
OG0020054	1	2	2	5
OG0020055	2	2	1	5
OG0020056	2	1	2	5
OG0020057	1	2	2	5
OG0020058	2	1	2	5
OG0020059	1	2	2	5
OG0020060	2	1	2	5
OG0020061	2	1	2	5
OG0020062	2	1	2	5
OG0020063	1	2	2	5
OG0020064	1	2	2	5
OG0020065	1	2	2	5
OG0020066	1	2	2	5
OG0020067	1	2	2	5
OG0020068	2	1	2	5
OG0020069	2	1	2	5
OG0020070	2	1	2	5
OG0020071	2	1	2	5
OG0020072	2	1	2	5
OG0020073	2	2	1	5
OG0020074	2	1	2	5
OG0020075	1	2	2	5
OG0020076	1	2	2	5
OG0020077	1	2	2	5
OG0020078	1	2	2	5
OG0020079	1	2	2	5
OG0020080	1	2	2	5
OG0020081	2	1	2	5
OG0020082	2	2	1	5
OG0020083	2	1	2	5
OG0020084	2	1	2	5
OG0020085	1	2	2	5
OG0020086	2	2	1	5
OG0020087	1	2	2	5
OG0020088	1	2	2	5
OG0020089	2	2	1	5
OG0020090	2	2	1	5
OG0020091	1	2	2	5
OG0020092	1	2	2	5
OG0020093	1	2	2	5
OG0020094	1	2	2	5
OG0020095	1	2	2	5
OG0020096	2	2	1	5
OG0020097	2	1	2	5
OG0020098	1	2	2	5
OG0020099	2	1	2	5
OG0020100	2	2	1	5
OG0020101	1	2	2	5
OG0020102	2	3	0	5
OG0020103	2	1	2	5
OG0020104	2	1	2	5
OG0020105	2	1	2	5
OG0020106	1	2	2	5
OG0020107	1	2	2	5
OG0020108	1	2	2	5
OG0020109	2	1	2	5
OG0020110	1	2	2	5
OG0020111	2	1	2	5
OG0020112	1	2	2	5
OG0020113	2	1	2	5
OG0020114	1	2	2	5
OG0020115	1	2	2	5
OG0020116	2	2	1	5
OG0020117	2	1	2	5
OG0020118	1	2	2	5
OG0020119	2	1	2	5
OG0020120	2	2	1	5
OG0020121	1	2	2	5
OG0020122	3	2	0	5
OG0020123	2	1	2	5
OG0020124	1	2	2	5
OG0020125	1	2	2	5
OG0020126	2	2	1	5
OG0020127	2	1	2	5
OG0020128	2	1	2	5
OG0020129	3	1	1	5
OG0020130	2	2	1	5
OG0020131	2	1	2	5
OG0020132	1	2	2	5
OG0020133	2	2	1	5
OG0020134	1	2	2	5
OG0020135	2	2	1	5
OG0020136	1	2	2	5
OG0020137	1	2	2	5
OG0020138	2	1	2	5
OG0020139	1	2	2	5
OG0020140	1	2	2	5
OG0020141	2	2	1	5
OG0020142	1	2	2	5
OG0020143	1	2	2	5
OG0020144	1	2	2	5
OG0020145	1	2	2	5
OG0020146	1	2	2	5
OG0020147	2	2	1	5
OG0020148	2	1	2	5
OG0020149	2	1	2	5
OG0020150	2	2	1	5
OG0020151	1	2	2	5
OG0020152	2	1	2	5
OG0020153	2	2	1	5
OG0020154	2	1	2	5
OG0020155	2	2	1	5
OG0020156	1	2	2	5
OG0020157	2	2	1	5
OG0020158	2	1	2	5
OG0020159	1	2	2	5
OG0020160	4	1	0	5
OG0020161	2	1	2	5
OG0020162	2	1	2	5
OG0020163	1	2	2	5
OG0020164	4	1	0	5
OG0020165	2	1	2	5
OG0020166	2	2	1	5
OG0020167	2	1	2	5
OG0020168	2	1	2	5
OG0020169	1	2	2	5
OG0020170	2	1	2	5
OG0020171	1	2	2	5
OG0020172	1	2	2	5
OG0020173	1	2	2	5
OG0020174	1	2	2	5
OG0020175	2	1	2	5
OG0020176	2	1	2	5
OG0020177	1	2	2	5
OG0020178	1	2	2	5
OG0020179	1	2	2	5
OG0020180	1	2	2	5
OG0020181	1	2	2	5
OG0020182	2	1	2	5
OG0020183	1	2	2	5
OG0020184	1	2	2	5
OG0020185	1	2	2	5
OG0020186	1	2	2	5
OG0020187	1	2	2	5
OG0020188	1	2	2	5
OG0020189	1	2	2	5
OG0020190	1	2	2	5
OG0020191	1	2	2	5
OG0020192	1	2	2	5
OG0020193	1	2	2	5
OG0020194	1	2	2	5
OG0020195	1	2	2	5
OG0020196	1	2	2	5
OG0020197	1	2	2	5
OG0020198	2	2	1	5
OG0020199	1	2	2	5
OG0020200	1	2	2	5
OG0020201	3	1	1	5
OG0020202	1	2	2	5
OG0020203	1	2	2	5
OG0020204	1	2	2	5
OG0020205	1	2	2	5
OG0020206	3	1	1	5
OG0020207	1	2	2	5
OG0020208	1	2	2	5
OG0020209	1	2	2	5
OG0020210	1	2	2	5
OG0020211	1	2	2	5
OG0020212	1	2	2	5
OG0020213	2	3	0	5
OG0020214	1	2	2	5
OG0020215	1	2	2	5
OG0020216	1	2	2	5
OG0020217	1	2	2	5
OG0020218	1	3	1	5
OG0020219	1	2	2	5
OG0020220	1	2	2	5
OG0020221	3	1	1	5
OG0020222	1	2	2	5
OG0020223	1	2	2	5
OG0020224	1	2	2	5
OG0020225	1	2	2	5
OG0020226	1	2	2	5
OG0020227	1	2	2	5
OG0020228	1	2	2	5
OG0020229	1	2	2	5
OG0020230	1	2	2	5
OG0020231	1	2	2	5
OG0020232	1	0	4	5
OG0020233	2	2	1	5
OG0020234	1	2	2	5
OG0020235	1	2	2	5
OG0020236	1	2	2	5
OG0020237	4	1	0	5
OG0020238	1	2	2	5
OG0020239	1	2	2	5
OG0020240	1	2	2	5
OG0020241	1	2	2	5
OG0020242	1	2	2	5
OG0020243	1	2	2	5
OG0020244	1	3	1	5
OG0020245	1	2	2	5
OG0020246	1	2	2	5
OG0020247	1	2	2	5
OG0020248	1	2	2	5
OG0020249	1	2	2	5
OG0020250	1	2	2	5
OG0020251	1	2	2	5
OG0020252	1	2	2	5
OG0020253	1	2	2	5
OG0020254	1	2	2	5
OG0020255	2	0	3	5
OG0020256	1	2	2	5
OG0020257	1	2	2	5
OG0020258	1	2	2	5
OG0020259	1	2	2	5
OG0020260	1	2	2	5
OG0020261	1	3	1	5
OG0020262	1	2	2	5
OG0020263	2	3	0	5
OG0020264	3	2	0	5
OG0020265	1	2	2	5
OG0020266	1	2	2	5
OG0020267	1	2	2	5
OG0020268	1	3	1	5
OG0020269	1	2	2	5
OG0020270	1	2	2	5
OG0020271	1	2	2	5
OG0020272	1	2	2	5
OG0020273	1	2	2	5
OG0020274	1	2	2	5
OG0020275	1	2	2	5
OG0020276	1	2	2	5
OG0020277	1	2	2	5
OG0020278	1	2	2	5
OG0020279	2	2	1	5
OG0020280	1	2	2	5
OG0020281	1	2	2	5
OG0020282	1	2	2	5
OG0020283	1	2	2	5
OG0020284	1	2	2	5
OG0020285	1	2	2	5
OG0020286	1	2	2	5
OG0020287	1	2	2	5
OG0020288	2	2	1	5
OG0020289	1	2	2	5
OG0020290	1	2	2	5
OG0020291	1	2	2	5
OG0020292	1	2	2	5
OG0020293	1	2	2	5
OG0020294	1	2	2	5
OG0020295	2	2	1	5
OG0020296	1	2	2	5
OG0020297	1	2	2	5
OG0020298	1	2	2	5
OG0020299	1	2	2	5
OG0020300	1	2	2	5
OG0020301	1	2	2	5
OG0020302	1	2	2	5
OG0020303	1	2	2	5
OG0020304	1	2	2	5
OG0020305	1	2	2	5
OG0020306	1	2	2	5
OG0020307	2	2	1	5
OG0020308	1	2	2	5
OG0020309	1	2	2	5
OG0020310	1	2	2	5
OG0020311	1	2	2	5
OG0020312	1	2	2	5
OG0020313	1	2	2	5
OG0020314	1	2	2	5
OG0020315	1	2	2	5
OG0020316	1	0	4	5
OG0020317	1	2	2	5
OG0020318	2	2	1	5
OG0020319	2	2	1	5
OG0020320	2	1	2	5
OG0020321	2	2	1	5
OG0020322	1	2	2	5
OG0020323	1	2	2	5
OG0020324	2	1	2	5
OG0020325	1	2	2	5
OG0020326	2	1	2	5
OG0020327	1	2	2	5
OG0020328	1	2	2	5
OG0020329	1	2	2	5
OG0020330	1	2	2	5
OG0020331	1	2	2	5
OG0020332	2	1	2	5
OG0020333	1	2	2	5
OG0020334	2	2	1	5
OG0020335	1	2	2	5
OG0020336	1	2	2	5
OG0020337	1	2	2	5
OG0020338	1	2	2	5
OG0020339	2	2	1	5
OG0020340	2	2	1	5
OG0020341	1	2	2	5
OG0020342	2	2	1	5
OG0020343	1	2	2	5
OG0020344	1	2	2	5
OG0020345	2	2	1	5
OG0020346	2	1	2	5
OG0020347	1	2	2	5
OG0020348	1	2	2	5
OG0020349	1	2	2	5
OG0020350	1	2	2	5
OG0020351	2	1	2	5
OG0020352	1	2	2	5
OG0020353	2	2	1	5
OG0020354	1	2	2	5
OG0020355	1	2	2	5
OG0020356	3	1	1	5
OG0020357	2	1	2	5
OG0020358	2	1	2	5
OG0020359	2	2	1	5
OG0020360	2	2	1	5
OG0020361	2	2	1	5
OG0020362	2	2	1	5
OG0020363	2	2	1	5
OG0020364	1	2	2	5
OG0020365	1	2	2	5
OG0020366	1	2	2	5
OG0020367	2	1	2	5
OG0020368	1	2	2	5
OG0020369	1	2	2	5
OG0020370	1	2	2	5
OG0020371	1	2	2	5
OG0020372	2	2	1	5
OG0020373	1	2	2	5
OG0020374	1	2	2	5
OG0020375	2	1	2	5
OG0020376	2	2	1	5
OG0020377	1	2	2	5
OG0020378	2	2	1	5
OG0020379	1	2	2	5
OG0020380	2	2	1	5
OG0020381	2	2	1	5
OG0020382	2	2	1	5
OG0020383	1	2	2	5
OG0020384	2	2	1	5
OG0020385	2	1	2	5
OG0020386	1	2	2	5
OG0020387	1	2	2	5
OG0020388	1	2	2	5
OG0020389	1	2	2	5
OG0020390	2	1	2	5
OG0020391	1	2	2	5
OG0020392	3	1	1	5
OG0020393	1	2	2	5
OG0020394	1	2	2	5
OG0020395	2	2	1	5
OG0020396	2	1	2	5
OG0020397	2	2	1	5
OG0020398	1	2	2	5
OG0020399	2	2	1	5
OG0020400	2	2	1	5
OG0020401	1	2	2	5
OG0020402	2	2	1	5
OG0020403	2	2	1	5
OG0020404	1	2	2	5
OG0020405	1	2	2	5
OG0020406	2	2	1	5
OG0020407	1	2	2	5
OG0020408	2	1	2	5
OG0020409	1	2	2	5
OG0020410	2	2	1	5
OG0020411	1	4	0	5
OG0020412	2	1	2	5
OG0020413	2	1	2	5
OG0020414	2	2	1	5
OG0020415	1	2	2	5
OG0020416	1	2	2	5
OG0020417	1	2	2	5
OG0020418	2	1	2	5
OG0020419	2	1	2	5
OG0020420	1	2	2	5
OG0020421	1	2	2	5
OG0020422	1	2	2	5
OG0020423	2	1	2	5
OG0020424	2	1	2	5
OG0020425	1	2	2	5
OG0020426	2	2	1	5
OG0020427	2	2	1	5
OG0020428	2	2	1	5
OG0020429	2	1	2	5
OG0020430	2	1	2	5
OG0020431	2	2	1	5
OG0020432	1	2	2	5
OG0020433	1	2	2	5
OG0020434	1	2	2	5
OG0020435	1	2	2	5
OG0020436	2	2	1	5
OG0020437	2	2	1	5
OG0020438	1	2	2	5
OG0020439	1	2	2	5
OG0020440	2	1	2	5
OG0020441	1	2	2	5
OG0020442	1	2	2	5
OG0020443	2	2	1	5
OG0020444	1	2	2	5
OG0020445	1	3	1	5
OG0020446	2	2	1	5
OG0020447	1	3	1	5
OG0020448	2	1	2	5
OG0020449	2	2	1	5
OG0020450	2	2	1	5
OG0020451	2	1	2	5
OG0020452	2	2	1	5
OG0020453	1	2	2	5
OG0020454	1	2	2	5
OG0020455	1	2	2	5
OG0020456	1	2	2	5
OG0020457	1	2	2	5
OG0020458	3	1	1	5
OG0020459	1	2	2	5
OG0020460	1	2	2	5
OG0020461	1	2	2	5
OG0020462	2	2	1	5
OG0020463	2	2	1	5
OG0020464	1	2	2	5
OG0020465	2	2	1	5
OG0020466	1	2	2	5
OG0020467	1	2	2	5
OG0020468	1	2	2	5
OG0020469	1	2	2	5
OG0020470	2	1	2	5
OG0020471	3	1	1	5
OG0020472	2	1	2	5
OG0020473	1	2	2	5
OG0020474	1	2	2	5
OG0020475	2	1	2	5
OG0020476	1	2	2	5
OG0020477	1	2	2	5
OG0020478	2	1	2	5
OG0020479	1	2	2	5
OG0020480	2	2	1	5
OG0020481	2	2	1	5
OG0020482	1	2	2	5
OG0020483	1	3	1	5
OG0020484	1	2	2	5
OG0020485	2	1	2	5
OG0020486	2	1	2	5
OG0020487	1	2	2	5
OG0020488	1	2	2	5
OG0020489	1	2	2	5
OG0020490	2	2	1	5
OG0020491	3	1	1	5
OG0020492	2	1	2	5
OG0020493	1	2	2	5
OG0020494	2	2	1	5
OG0020495	1	2	2	5
OG0020496	1	2	2	5
OG0020497	1	2	2	5
OG0020498	2	2	1	5
OG0020499	1	2	2	5
OG0020500	1	2	2	5
OG0020501	1	2	2	5
OG0020502	2	1	2	5
OG0020503	2	1	2	5
OG0020504	2	2	1	5
OG0020505	1	2	2	5
OG0020506	1	1	3	5
OG0020507	2	1	2	5
OG0020508	2	1	2	5
OG0020509	1	2	2	5
OG0020510	2	1	2	5
OG0020511	1	2	2	5
OG0020512	1	2	2	5
OG0020513	2	1	2	5
OG0020514	1	2	2	5
OG0020515	2	2	1	5
OG0020516	1	2	2	5
OG0020517	1	2	2	5
OG0020518	1	2	2	5
OG0020519	2	2	1	5
OG0020520	2	1	2	5
OG0020521	1	2	2	5
OG0020522	2	2	1	5
OG0020523	2	2	1	5
OG0020524	1	2	2	5
OG0020525	2	2	1	5
OG0020526	1	2	2	5
OG0020527	1	2	2	5
OG0020528	1	2	2	5
OG0020529	2	2	1	5
OG0020530	2	2	1	5
OG0020531	2	2	1	5
OG0020532	1	2	2	5
OG0020533	1	2	2	5
OG0020534	1	2	2	5
OG0020535	1	2	2	5
OG0020536	1	2	2	5
OG0020537	2	1	2	5
OG0020538	2	1	2	5
OG0020539	2	2	1	5
OG0020540	2	2	1	5
OG0020541	2	1	2	5
OG0020542	1	2	2	5
OG0020543	2	1	2	5
OG0020544	1	2	2	5
OG0020545	1	2	2	5
OG0020546	1	2	2	5
OG0020547	2	2	1	5
OG0020548	1	2	2	5
OG0020549	2	2	1	5
OG0020550	1	2	2	5
OG0020551	1	2	2	5
OG0020552	1	2	2	5
OG0020553	1	2	2	5
OG0020554	1	2	2	5
OG0020555	1	2	2	5
OG0020556	2	2	1	5
OG0020557	2	2	1	5
OG0020558	2	2	1	5
OG0020559	1	2	2	5
OG0020560	3	2	0	5
OG0020561	1	2	2	5
OG0020562	1	2	2	5
OG0020563	2	2	1	5
OG0020564	2	2	1	5
OG0020565	2	1	2	5
OG0020566	2	2	1	5
OG0020567	1	2	2	5
OG0020568	2	2	1	5
OG0020569	2	2	1	5
OG0020570	1	2	2	5
OG0020571	1	2	2	5
OG0020572	1	2	2	5
OG0020573	1	2	2	5
OG0020574	2	2	1	5
OG0020575	1	2	2	5
OG0020576	2	2	1	5
OG0020577	1	2	2	5
OG0020578	2	2	1	5
OG0020579	2	1	2	5
OG0020580	2	1	2	5
OG0020581	2	1	2	5
OG0020582	1	2	2	5
OG0020583	1	2	2	5
OG0020584	1	2	2	5
OG0020585	2	2	1	5
OG0020586	1	2	2	5
OG0020587	4	1	0	5
OG0020588	3	2	0	5
OG0020589	1	2	2	5
OG0020590	2	2	1	5
OG0020591	1	2	2	5
OG0020592	1	2	2	5
OG0020593	2	1	2	5
OG0020594	2	1	2	5
OG0020595	2	2	1	5
OG0020596	3	1	1	5
OG0020597	2	1	2	5
OG0020598	1	2	2	5
OG0020599	2	2	1	5
OG0020600	1	2	2	5
OG0020601	2	1	2	5
OG0020602	1	2	2	5
OG0020603	1	2	2	5
OG0020604	1	1	3	5
OG0020605	2	1	2	5
OG0020606	2	1	2	5
OG0020607	1	2	2	5
OG0020608	1	2	2	5
OG0020609	2	2	1	5
OG0020610	1	2	2	5
OG0020611	1	2	2	5
OG0020612	1	2	2	5
OG0020613	1	2	2	5
OG0020614	2	1	2	5
OG0020615	1	2	2	5
OG0020616	1	2	2	5
OG0020617	1	2	2	5
OG0020618	2	1	2	5
OG0020619	2	1	2	5
OG0020620	2	2	1	5
OG0020621	3	1	1	5
OG0020622	2	1	2	5
OG0020623	1	2	2	5
OG0020624	1	2	2	5
OG0020625	2	2	1	5
OG0020626	2	2	1	5
OG0020627	2	1	2	5
OG0020628	1	2	2	5
OG0020629	2	1	2	5
OG0020630	1	2	2	5
OG0020631	1	2	2	5
OG0020632	1	1	3	5
OG0020633	2	1	2	5
OG0020634	2	2	1	5
OG0020635	1	2	2	5
OG0020636	4	1	0	5
OG0020637	1	2	2	5
OG0020638	2	1	2	5
OG0020639	2	1	2	5
OG0020640	2	2	1	5
OG0020641	2	2	1	5
OG0020642	2	1	2	5
OG0020643	2	2	1	5
OG0020644	2	1	2	5
OG0020645	1	2	2	5
OG0020646	1	2	2	5
OG0020647	1	2	2	5
OG0020648	4	1	0	5
OG0020649	1	2	2	5
OG0020650	2	1	2	5
OG0020651	1	2	2	5
OG0020652	2	2	1	5
OG0020653	1	2	2	5
OG0020654	2	2	1	5
OG0020655	2	2	1	5
OG0020656	1	2	2	5
OG0020657	1	2	2	5
OG0020658	1	2	2	5
OG0020659	1	2	2	5
OG0020660	1	2	2	5
OG0020661	1	2	2	5
OG0020662	2	1	2	5
OG0020663	1	2	2	5
OG0020664	1	2	2	5
OG0020665	1	2	2	5
OG0020666	2	2	1	5
OG0020667	2	2	1	5
OG0020668	1	2	2	5
OG0020669	2	2	1	5
OG0020670	1	2	2	5
OG0020671	1	3	1	5
OG0020672	1	2	2	5
OG0020673	3	1	1	5
OG0020674	1	2	2	5
OG0020675	1	2	2	5
OG0020676	1	2	2	5
OG0020677	4	1	0	5
OG0020678	1	2	2	5
OG0020679	1	2	2	5
OG0020680	1	4	0	5
OG0020681	2	2	1	5
OG0020682	1	3	1	5
OG0020683	2	1	2	5
OG0020684	2	2	1	5
OG0020685	2	1	2	5
OG0020686	2	1	2	5
OG0020687	2	2	1	5
OG0020688	2	1	2	5
OG0020689	1	2	2	5
OG0020690	2	2	1	5
OG0020691	1	3	1	5
OG0020692	2	2	1	5
OG0020693	2	2	1	5
OG0020694	3	2	0	5
OG0020695	1	2	2	5
OG0020696	1	2	2	5
OG0020697	1	2	2	5
OG0020698	1	2	2	5
OG0020699	1	2	2	5
OG0020700	2	1	2	5
OG0020701	1	2	2	5
OG0020702	1	2	2	5
OG0020703	2	1	2	5
OG0020704	2	2	1	5
OG0020705	2	2	1	5
OG0020706	1	2	2	5
OG0020707	1	2	2	5
OG0020708	1	2	2	5
OG0020709	1	2	2	5
OG0020710	1	2	2	5
OG0020711	3	2	0	5
OG0020712	2	1	2	5
OG0020713	1	2	2	5
OG0020714	1	2	2	5
OG0020715	1	2	2	5
OG0020716	2	1	2	5
OG0020717	1	3	1	5
OG0020718	2	2	1	5
OG0020719	1	2	2	5
OG0020720	2	1	2	5
OG0020721	2	1	2	5
OG0020722	2	1	2	5
OG0020723	1	2	2	5
OG0020724	1	2	2	5
OG0020725	2	2	1	5
OG0020726	1	3	1	5
OG0020727	2	1	2	5
OG0020728	2	2	1	5
OG0020729	1	2	2	5
OG0020730	1	2	2	5
OG0020731	1	2	2	5
OG0020732	2	2	1	5
OG0020733	2	1	2	5
OG0020734	2	1	2	5
OG0020735	2	1	2	5
OG0020736	1	2	2	5
OG0020737	1	2	2	5
OG0020738	1	2	2	5
OG0020739	1	2	2	5
OG0020740	1	2	2	5
OG0020741	1	2	2	5
OG0020742	1	2	2	5
OG0020743	2	1	2	5
OG0020744	1	2	2	5
OG0020745	3	2	0	5
OG0020746	2	1	2	5
OG0020747	1	2	2	5
OG0020748	2	2	1	5
OG0020749	1	2	2	5
OG0020750	1	2	2	5
OG0020751	1	2	2	5
OG0020752	2	2	1	5
OG0020753	1	2	2	5
OG0020754	1	2	2	5
OG0020755	1	2	2	5
OG0020756	2	2	1	5
OG0020757	1	2	2	5
OG0020758	3	2	0	5
OG0020759	1	2	2	5
OG0020760	1	2	2	5
OG0020761	1	2	2	5
OG0020762	1	2	2	5
OG0020763	1	2	2	5
OG0020764	1	2	2	5
OG0020765	1	2	2	5
OG0020766	1	2	2	5
OG0020767	2	1	2	5
OG0020768	1	2	2	5
OG0020769	1	2	2	5
OG0020770	1	2	2	5
OG0020771	1	2	2	5
OG0020772	1	2	2	5
OG0020773	1	2	2	5
OG0020774	2	2	1	5
OG0020775	1	2	2	5
OG0020776	2	2	1	5
OG0020777	2	2	1	5
OG0020778	2	2	1	5
OG0020779	1	2	2	5
OG0020780	2	2	1	5
OG0020781	1	2	2	5
OG0020782	1	2	2	5
OG0020783	1	2	2	5
OG0020784	2	2	1	5
OG0020785	2	2	1	5
OG0020786	1	2	2	5
OG0020787	1	2	2	5
OG0020788	1	2	2	5
OG0020789	2	2	1	5
OG0020790	2	1	2	5
OG0020791	1	2	2	5
OG0020792	1	2	2	5
OG0020793	1	3	1	5
OG0020794	1	2	2	5
OG0020795	1	2	2	5
OG0020796	1	2	2	5
OG0020797	3	1	1	5
OG0020798	2	1	2	5
OG0020799	1	2	2	5
OG0020800	1	2	2	5
OG0020801	1	2	2	5
OG0020802	2	2	1	5
OG0020803	2	1	2	5
OG0020804	1	2	2	5
OG0020805	1	2	2	5
OG0020806	1	2	2	5
OG0020807	1	2	2	5
OG0020808	2	1	2	5
OG0020809	2	2	1	5
OG0020810	2	1	2	5
OG0020811	2	2	1	5
OG0020812	2	2	1	5
OG0020813	2	2	1	5
OG0020814	3	1	1	5
OG0020815	2	1	2	5
OG0020816	1	2	2	5
OG0020817	1	3	1	5
OG0020818	4	1	0	5
OG0020819	1	2	2	5
OG0020820	2	1	2	5
OG0020821	1	2	2	5
OG0020822	1	2	2	5
OG0020823	1	2	2	5
OG0020824	1	2	2	5
OG0020825	4	1	0	5
OG0020826	1	2	2	5
OG0020827	1	2	2	5
OG0020828	1	2	2	5
OG0020829	1	2	2	5
OG0020830	1	2	2	5
OG0020831	1	2	2	5
OG0020832	2	2	1	5
OG0020833	1	2	2	5
OG0020834	1	2	2	5
OG0020835	3	0	2	5
OG0020836	2	1	2	5
OG0020837	1	2	2	5
OG0020838	2	2	1	5
OG0020839	1	2	2	5
OG0020840	2	2	1	5
OG0020841	1	3	1	5
OG0020842	1	2	2	5
OG0020843	2	2	1	5
OG0020844	1	2	2	5
OG0020845	2	2	1	5
OG0020846	1	2	2	5
OG0020847	1	2	2	5
OG0020848	1	2	2	5
OG0020849	1	2	2	5
OG0020850	1	2	2	5
OG0020851	1	2	2	5
OG0020852	1	2	2	5
OG0020853	1	2	2	5
OG0020854	2	2	1	5
OG0020855	2	2	1	5
OG0020856	2	2	1	5
OG0020857	1	2	2	5
OG0020858	2	2	1	5
OG0020859	2	2	1	5
OG0020860	1	2	2	5
OG0020861	2	1	2	5
OG0020862	1	2	2	5
OG0020863	3	1	1	5
OG0020864	1	2	2	5
OG0020865	2	2	1	5
OG0020866	1	2	2	5
OG0020867	1	2	2	5
OG0020868	2	1	2	5
OG0020869	1	2	2	5
OG0020870	1	2	2	5
OG0020871	1	2	2	5
OG0020872	2	2	1	5
OG0020873	1	2	2	5
OG0020874	1	2	2	5
OG0020875	1	2	2	5
OG0020876	1	2	2	5
OG0020877	2	1	2	5
OG0020878	1	2	2	5
OG0020879	1	2	2	5
OG0020880	1	2	2	5
OG0020881	1	2	2	5
OG0020882	1	2	2	5
OG0020883	2	2	1	5
OG0020884	2	2	1	5
OG0020885	2	2	1	5
OG0020886	1	2	2	5
OG0020887	1	2	2	5
OG0020888	2	1	2	5
OG0020889	1	2	2	5
OG0020890	1	2	2	5
OG0020891	2	1	2	5
OG0020892	1	2	2	5
OG0020893	1	2	2	5
OG0020894	1	2	2	5
OG0020895	1	2	2	5
OG0020896	2	3	0	5
OG0020897	1	2	2	5
OG0020898	2	1	2	5
OG0020899	1	2	2	5
OG0020900	1	2	2	5
OG0020901	1	2	2	5
OG0020902	1	2	2	5
OG0020903	1	2	2	5
OG0020904	1	2	2	5
OG0020905	1	2	2	5
OG0020906	1	2	2	5
OG0020907	2	1	2	5
OG0020908	3	2	0	5
OG0020909	2	2	1	5
OG0020910	2	1	2	5
OG0020911	1	2	2	5
OG0020912	1	2	2	5
OG0020913	2	1	2	5
OG0020914	1	2	2	5
OG0020915	2	3	0	5
OG0020916	1	2	2	5
OG0020917	3	2	0	5
OG0020918	1	2	2	5
OG0020919	1	2	2	5
OG0020920	1	2	2	5
OG0020921	1	2	2	5
OG0020922	1	2	2	5
OG0020923	1	2	2	5
OG0020924	1	2	2	5
OG0020925	1	2	2	5
OG0020926	1	2	2	5
OG0020927	1	2	2	5
OG0020928	1	2	2	5
OG0020929	1	2	2	5
OG0020930	2	1	2	5
OG0020931	1	2	2	5
OG0020932	2	2	1	5
OG0020933	2	1	2	5
OG0020934	1	2	2	5
OG0020935	2	1	2	5
OG0020936	1	2	2	5
OG0020937	1	2	2	5
OG0020938	1	2	2	5
OG0020939	1	2	2	5
OG0020940	1	2	2	5
OG0020941	1	2	2	5
OG0020942	2	1	2	5
OG0020943	2	1	2	5
OG0020944	1	3	1	5
OG0020945	2	1	2	5
OG0020946	1	2	2	5
OG0020947	1	2	2	5
OG0020948	1	2	2	5
OG0020949	1	2	2	5
OG0020950	1	2	2	5
OG0020951	2	2	1	5
OG0020952	1	2	2	5
OG0020953	1	2	2	5
OG0020954	2	2	1	5
OG0020955	1	2	2	5
OG0020956	2	0	3	5
OG0020957	1	2	2	5
OG0020958	1	0	4	5
OG0020959	3	0	2	5
OG0020960	1	2	2	5
OG0020961	1	2	2	5
OG0020962	2	2	1	5
OG0020963	1	2	2	5
OG0020964	2	1	2	5
OG0020965	1	2	2	5
OG0020966	2	2	1	5
OG0020967	1	2	2	5
OG0020968	3	1	1	5
OG0020969	2	2	1	5
OG0020970	1	2	2	5
OG0020971	2	2	1	5
OG0020972	1	2	2	5
OG0020973	2	2	1	5
OG0020974	1	2	2	5
OG0020975	1	2	2	5
OG0020976	2	3	0	5
OG0020977	1	2	2	5
OG0020978	1	2	2	5
OG0020979	2	1	2	5
OG0020980	1	2	2	5
OG0020981	2	2	1	5
OG0020982	2	1	2	5
OG0020983	1	2	2	5
OG0020984	1	2	2	5
OG0020985	2	2	1	5
OG0020986	1	2	2	5
OG0020987	1	2	2	5
OG0020988	2	2	1	5
OG0020989	3	1	1	5
OG0020990	1	2	2	5
OG0020991	2	2	1	5
OG0020992	1	2	2	5
OG0020993	2	1	2	5
OG0020994	2	1	2	5
OG0020995	1	2	2	5
OG0020996	2	1	2	5
OG0020997	1	2	2	5
OG0020998	1	2	2	5
OG0020999	2	2	1	5
OG0021000	2	1	2	5
OG0021001	2	2	1	5
OG0021002	1	2	2	5
OG0021003	2	0	3	5
OG0021004	1	2	2	5
OG0021005	1	2	2	5
OG0021006	2	2	1	5
OG0021007	1	2	2	5
OG0021008	2	1	2	5
OG0021009	2	1	2	5
OG0021010	1	2	2	5
OG0021011	2	2	1	5
OG0021012	1	2	2	5
OG0021013	2	2	1	5
OG0021014	1	2	2	5
OG0021015	1	2	2	5
OG0021016	1	2	2	5
OG0021017	1	2	2	5
OG0021018	2	2	1	5
OG0021019	1	2	2	5
OG0021020	2	1	2	5
OG0021021	2	2	1	5
OG0021022	2	1	2	5
OG0021023	2	2	1	5
OG0021024	1	2	2	5
OG0021025	1	2	2	5
OG0021026	3	1	1	5
OG0021027	2	1	2	5
OG0021028	2	2	1	5
OG0021029	2	0	3	5
OG0021030	1	2	2	5
OG0021031	1	2	2	5
OG0021032	1	2	2	5
OG0021033	1	2	2	5
OG0021034	1	2	2	5
OG0021035	1	3	1	5
OG0021036	2	2	1	5
OG0021037	2	1	2	5
OG0021038	2	2	1	5
OG0021039	2	1	2	5
OG0021040	2	1	2	5
OG0021041	1	2	2	5
OG0021042	1	2	2	5
OG0021043	1	2	2	5
OG0021044	2	2	1	5
OG0021045	1	2	2	5
OG0021046	2	1	2	5
OG0021047	1	2	2	5
OG0021048	3	2	0	5
OG0021049	1	2	2	5
OG0021050	2	2	1	5
OG0021051	2	1	2	5
OG0021052	2	1	2	5
OG0021053	2	2	1	5
OG0021054	1	2	2	5
OG0021055	1	2	2	5
OG0021056	2	2	1	5
OG0021057	1	2	2	5
OG0021058	2	1	2	5
OG0021059	1	2	2	5
OG0021060	1	3	1	5
OG0021061	2	2	1	5
OG0021062	1	2	2	5
OG0021063	2	2	1	5
OG0021064	2	3	0	5
OG0021065	2	2	1	5
OG0021066	1	2	2	5
OG0021067	2	2	1	5
OG0021068	1	2	2	5
OG0021069	1	2	2	5
OG0021070	2	1	2	5
OG0021071	2	1	2	5
OG0021072	3	2	0	5
OG0021073	1	1	3	5
OG0021074	1	2	2	5
OG0021075	2	1	2	5
OG0021076	1	2	2	5
OG0021077	1	2	2	5
OG0021078	2	1	2	5
OG0021079	1	2	2	5
OG0021080	1	2	2	5
OG0021081	1	2	2	5
OG0021082	2	2	1	5
OG0021083	1	2	2	5
OG0021084	1	2	2	5
OG0021085	1	2	2	5
OG0021086	1	2	2	5
OG0021087	1	2	2	5
OG0021088	1	2	2	5
OG0021089	1	2	2	5
OG0021090	1	2	2	5
OG0021091	1	2	2	5
OG0021092	1	2	2	5
OG0021093	1	2	2	5
OG0021094	1	2	2	5
OG0021095	1	2	2	5
OG0021096	1	2	2	5
OG0021097	1	2	2	5
OG0021098	1	2	2	5
OG0021099	3	1	1	5
OG0021100	1	2	2	5
OG0021101	1	2	2	5
OG0021102	3	2	0	5
OG0021103	1	2	2	5
OG0021104	1	2	2	5
OG0021105	1	2	2	5
OG0021106	2	1	2	5
OG0021107	1	2	2	5
OG0021108	1	2	2	5
OG0021109	1	2	2	5
OG0021110	1	2	2	5
OG0021111	1	2	2	5
OG0021112	1	2	2	5
OG0021113	1	2	2	5
OG0021114	1	2	2	5
OG0021115	1	2	2	5
OG0021116	1	2	2	5
OG0021117	1	2	2	5
OG0021118	1	2	2	5
OG0021119	1	3	1	5
OG0021120	1	2	2	5
OG0021121	1	2	2	5
OG0021122	1	2	2	5
OG0021123	1	2	2	5
OG0021124	1	2	2	5
OG0021125	1	2	2	5
OG0021126	1	2	2	5
OG0021127	1	2	2	5
OG0021128	1	2	2	5
OG0021129	1	2	2	5
OG0021130	1	2	2	5
OG0021131	1	2	2	5
OG0021132	1	2	2	5
OG0021133	1	2	2	5
OG0021134	1	2	2	5
OG0021135	1	2	2	5
OG0021136	1	2	2	5
OG0021137	1	2	2	5
OG0021138	4	0	1	5
OG0021139	1	2	2	5
OG0021140	1	2	2	5
OG0021141	1	2	2	5
OG0021142	1	2	2	5
OG0021143	1	2	2	5
OG0021144	1	2	2	5
OG0021145	1	2	2	5
OG0021146	1	2	2	5
OG0021147	2	3	0	5
OG0021148	1	2	2	5
OG0021149	1	2	2	5
OG0021150	1	2	2	5
OG0021151	1	2	2	5
OG0021152	1	2	2	5
OG0021153	1	2	2	5
OG0021154	1	2	2	5
OG0021155	1	2	2	5
OG0021156	1	2	2	5
OG0021157	1	2	2	5
OG0021158	1	2	2	5
OG0021159	1	2	2	5
OG0021160	1	2	2	5
OG0021161	1	2	2	5
OG0021162	1	2	2	5
OG0021163	1	2	2	5
OG0021164	1	2	2	5
OG0021165	1	2	2	5
OG0021166	1	2	2	5
OG0021167	3	1	1	5
OG0021168	1	2	2	5
OG0021169	1	2	2	5
OG0021170	1	2	2	5
OG0021171	1	2	2	5
OG0021172	3	1	1	5
OG0021173	1	2	2	5
OG0021174	1	2	2	5
OG0021175	1	2	2	5
OG0021176	1	2	2	5
OG0021177	1	2	2	5
OG0021178	1	3	1	5
OG0021179	1	2	2	5
OG0021180	1	2	2	5
OG0021181	1	2	2	5
OG0021182	1	2	2	5
OG0021183	1	0	4	5
OG0021184	1	2	2	5
OG0021185	1	2	2	5
OG0021186	1	2	2	5
OG0021187	1	2	2	5
OG0021188	1	2	2	5
OG0021189	1	2	2	5
OG0021190	2	0	3	5
OG0021191	1	2	2	5
OG0021192	1	2	2	5
OG0021193	1	2	2	5
OG0021194	1	2	2	5
OG0021195	1	2	2	5
OG0021196	1	2	2	5
OG0021197	2	1	2	5
OG0021198	2	1	2	5
OG0021199	1	2	2	5
OG0021200	1	2	2	5
OG0021201	1	2	2	5
OG0021202	1	2	2	5
OG0021203	1	2	2	5
OG0021204	1	2	2	5
OG0021205	1	2	2	5
OG0021206	1	2	2	5
OG0021207	1	2	2	5
OG0021208	1	2	2	5
OG0021209	1	2	2	5
OG0021210	1	2	2	5
OG0021211	1	2	2	5
OG0021212	1	2	2	5
OG0021213	1	2	2	5
OG0021214	2	2	1	5
OG0021215	2	2	1	5
OG0021216	1	4	0	5
OG0021217	1	2	2	5
OG0021218	1	2	2	5
OG0021219	1	2	2	5
OG0021220	1	2	2	5
OG0021221	1	2	2	5
OG0021222	1	2	2	5
OG0021223	1	2	2	5
OG0021224	1	2	2	5
OG0021225	1	2	2	5
OG0021226	2	1	2	5
OG0021227	1	2	2	5
OG0021228	1	2	2	5
OG0021229	3	1	1	5
OG0021230	2	2	1	5
OG0021231	1	2	2	5
OG0021232	1	2	2	5
OG0021233	1	2	2	5
OG0021234	3	1	1	5
OG0021235	1	2	2	5
OG0021236	1	2	2	5
OG0021237	1	2	2	5
OG0021238	1	2	2	5
OG0021239	1	2	2	5
OG0021240	1	2	2	5
OG0021241	2	1	2	5
OG0021242	1	2	2	5
OG0021243	3	1	1	5
OG0021244	1	2	2	5
OG0021245	1	2	2	5
OG0021246	1	2	2	5
OG0021247	1	2	2	5
OG0021248	1	2	2	5
OG0021249	1	2	2	5
OG0021250	1	2	2	5
OG0021251	1	2	2	5
OG0021252	1	2	2	5
OG0021253	1	0	4	5
OG0021254	1	2	2	5
OG0021255	1	2	2	5
OG0021256	1	2	2	5
OG0021257	1	2	2	5
OG0021258	1	2	2	5
OG0021259	2	2	1	5
OG0021260	1	2	2	5
OG0021261	1	2	2	5
OG0021262	1	1	3	5
OG0021263	1	0	4	5
OG0021264	1	2	2	5
OG0021265	1	2	2	5
OG0021266	1	2	2	5
OG0021267	1	2	2	5
OG0021268	1	2	2	5
OG0021269	1	4	0	5
OG0021270	1	2	2	5
OG0021271	2	2	1	5
OG0021272	2	2	1	5
OG0021273	1	4	0	5
OG0021274	2	2	1	5
OG0021275	2	2	1	5
OG0021276	1	2	2	5
OG0021277	2	1	2	5
OG0021278	2	2	1	5
OG0021279	3	0	2	5
OG0021280	1	2	2	5
OG0021281	1	2	2	5
OG0021282	1	2	2	5
OG0021283	1	2	2	5
OG0021284	1	2	2	5
OG0021285	4	1	0	5
OG0021286	1	2	2	5
OG0021287	2	2	1	5
OG0021288	1	2	2	5
OG0021289	1	2	2	5
OG0021290	1	2	2	5
OG0021291	1	2	2	5
OG0021292	2	1	2	5
OG0021293	1	2	2	5
OG0021294	1	3	1	5
OG0021295	1	2	2	5
OG0021296	1	2	2	5
OG0021297	1	2	2	5
OG0021298	1	2	2	5
OG0021299	1	2	2	5
OG0021300	1	2	2	5
OG0021301	2	2	1	5
OG0021302	2	2	1	5
OG0021303	1	2	2	5
OG0021304	1	2	2	5
OG0021305	3	1	1	5
OG0021306	1	2	2	5
OG0021307	1	2	2	5
OG0021308	1	2	2	5
OG0021309	1	2	2	5
OG0021310	1	2	2	5
OG0021311	1	2	2	5
OG0021312	2	1	2	5
OG0021313	2	2	1	5
OG0021314	1	2	2	5
OG0021315	1	2	2	5
OG0021316	1	4	0	5
OG0021317	1	2	2	5
OG0021318	1	2	2	5
OG0021319	1	2	2	5
OG0021320	1	2	2	5
OG0021321	1	2	2	5
OG0021322	1	2	2	5
OG0021323	1	2	2	5
OG0021324	1	2	2	5
OG0021325	1	2	2	5
OG0021326	1	2	2	5
OG0021327	1	2	2	5
OG0021328	1	2	2	5
OG0021329	1	2	2	5
OG0021330	2	2	1	5
OG0021331	2	2	1	5
OG0021332	3	1	1	5
OG0021333	2	2	1	5
OG0021334	1	2	2	5
OG0021335	1	2	2	5
OG0021336	1	2	2	5
OG0021337	1	2	2	5
OG0021338	3	1	1	5
OG0021339	1	2	2	5
OG0021340	1	1	3	5
OG0021341	1	2	2	5
OG0021342	1	2	2	5
OG0021343	1	2	2	5
OG0021344	1	2	2	5
OG0021345	1	2	2	5
OG0021346	1	2	2	5
OG0021347	1	2	2	5
OG0021348	1	2	2	5
OG0021349	2	2	1	5
OG0021350	1	2	2	5
OG0021351	1	2	2	5
OG0021352	1	2	2	5
OG0021353	2	2	1	5
OG0021354	1	2	2	5
OG0021355	1	2	2	5
OG0021356	1	2	2	5
OG0021357	1	2	2	5
OG0021358	2	2	1	5
OG0021359	1	2	2	5
OG0021360	1	2	2	5
OG0021361	1	2	2	5
OG0021362	2	2	1	5
OG0021363	1	2	2	5
OG0021364	4	1	0	5
OG0021365	1	2	2	5
OG0021366	1	2	2	5
OG0021367	1	2	2	5
OG0021368	1	2	2	5
OG0021369	1	2	2	5
OG0021370	1	2	2	5
OG0021371	1	2	2	5
OG0021372	1	2	2	5
OG0021373	1	2	2	5
OG0021374	1	2	2	5
OG0021375	3	2	0	5
OG0021376	1	2	2	5
OG0021377	1	2	2	5
OG0021378	1	2	2	5
OG0021379	1	2	2	5
OG0021380	1	2	2	5
OG0021381	2	2	1	5
OG0021382	3	1	1	5
OG0021383	1	2	2	5
OG0021384	1	2	2	5
OG0021385	1	2	2	5
OG0021386	1	2	2	5
OG0021387	1	2	2	5
OG0021388	1	2	2	5
OG0021389	1	2	2	5
OG0021390	1	2	2	5
OG0021391	1	2	2	5
OG0021392	1	2	2	5
OG0021393	1	2	2	5
OG0021394	1	2	2	5
OG0021395	1	2	2	5
OG0021396	1	2	2	5
OG0021397	1	2	2	5
OG0021398	1	2	2	5
OG0021399	1	3	1	5
OG0021400	1	2	2	5
OG0021401	1	2	2	5
OG0021402	1	2	2	5
OG0021403	1	2	2	5
OG0021404	1	2	2	5
OG0021405	1	2	2	5
OG0021406	1	3	1	5
OG0021407	1	2	2	5
OG0021408	1	2	2	5
OG0021409	1	2	2	5
OG0021410	1	2	2	5
OG0021411	1	2	2	5
OG0021412	1	2	2	5
OG0021413	1	2	2	5
OG0021414	1	2	2	5
OG0021415	1	2	2	5
OG0021416	1	2	2	5
OG0021417	1	2	2	5
OG0021418	1	2	2	5
OG0021419	1	2	2	5
OG0021420	1	2	2	5
OG0021421	1	2	2	5
OG0021422	1	2	2	5
OG0021423	1	2	2	5
OG0021424	1	2	2	5
OG0021425	1	2	2	5
OG0021426	1	2	2	5
OG0021427	1	2	2	5
OG0021428	1	2	2	5
OG0021429	1	2	2	5
OG0021430	1	2	2	5
OG0021431	1	2	2	5
OG0021432	1	2	2	5
OG0021433	1	2	2	5
OG0021434	1	2	2	5
OG0021435	1	2	2	5
OG0021436	1	2	2	5
OG0021437	1	2	2	5
OG0021438	1	2	2	5
OG0021439	1	2	2	5
OG0021440	1	2	2	5
OG0021441	2	1	2	5
OG0021442	1	2	2	5
OG0021443	1	2	2	5
OG0021444	1	2	2	5
OG0021445	3	1	1	5
OG0021446	1	2	2	5
OG0021447	1	2	2	5
OG0021448	1	2	2	5
OG0021449	1	2	2	5
OG0021450	1	2	2	5
OG0021451	1	2	2	5
OG0021452	1	2	2	5
OG0021453	1	2	2	5
OG0021454	1	2	2	5
OG0021455	2	1	2	5
OG0021456	1	2	2	5
OG0021457	1	2	2	5
OG0021458	1	2	2	5
OG0021459	1	2	2	5
OG0021460	1	2	2	5
OG0021461	1	2	2	5
OG0021462	1	2	2	5
OG0021463	1	2	2	5
OG0021464	1	2	2	5
OG0021465	1	2	2	5
OG0021466	1	2	2	5
OG0021467	1	2	2	5
OG0021468	1	2	2	5
OG0021469	1	2	2	5
OG0021470	1	2	2	5
OG0021471	1	2	2	5
OG0021472	1	2	2	5
OG0021473	1	2	2	5
OG0021474	1	2	2	5
OG0021475	3	1	1	5
OG0021476	1	2	2	5
OG0021477	1	2	2	5
OG0021478	4	0	1	5
OG0021479	1	2	2	5
OG0021480	2	2	1	5
OG0021481	1	2	2	5
OG0021482	1	3	1	5
OG0021483	1	3	1	5
OG0021484	2	2	1	5
OG0021485	1	2	2	5
OG0021486	1	2	2	5
OG0021487	1	2	2	5
OG0021488	1	2	2	5
OG0021489	3	1	1	5
OG0021490	1	2	2	5
OG0021491	1	2	2	5
OG0021492	1	2	2	5
OG0021493	1	2	2	5
OG0021494	1	1	3	5
OG0021495	2	3	0	5
OG0021496	1	2	2	5
OG0021497	1	2	2	5
OG0021498	3	1	1	5
OG0021499	1	2	2	5
OG0021500	4	1	0	5
OG0021501	1	2	2	5
OG0021502	3	1	1	5
OG0021503	1	4	0	5
OG0021504	1	2	2	5
OG0021505	1	2	2	5
OG0021506	1	2	2	5
OG0021507	2	3	0	5
OG0021508	1	2	2	5
OG0021509	1	2	2	5
OG0021510	1	2	2	5
OG0021511	1	2	2	5
OG0021512	1	2	2	5
OG0021513	2	2	1	5
OG0021514	1	2	2	5
OG0021515	2	2	1	5
OG0021516	1	2	2	5
OG0021517	1	2	2	5
OG0021518	1	2	2	5
OG0021519	2	2	1	5
OG0021520	1	2	2	5
OG0021521	1	3	1	5
OG0021522	1	2	2	5
OG0021523	3	2	0	5
OG0021524	1	2	2	5
OG0021525	2	1	2	5
OG0021526	1	2	2	5
OG0021527	1	2	2	5
OG0021528	1	2	2	5
OG0021529	1	2	2	5
OG0021530	1	2	2	5
OG0021531	1	2	2	5
OG0021532	1	2	2	5
OG0021533	1	2	2	5
OG0021534	1	2	2	5
OG0021535	1	2	2	5
OG0021536	2	2	1	5
OG0021537	1	2	2	5
OG0021538	1	2	2	5
OG0021539	1	2	2	5
OG0021540	1	2	2	5
OG0021541	1	2	2	5
OG0021542	1	2	2	5
OG0021543	1	2	2	5
OG0021544	1	2	2	5
OG0021545	1	2	2	5
OG0021546	1	2	2	5
OG0021547	2	2	1	5
OG0021548	3	2	0	5
OG0021549	1	2	2	5
OG0021550	1	2	2	5
OG0021551	3	2	0	5
OG0021552	1	2	2	5
OG0021553	1	2	2	5
OG0021554	3	1	1	5
OG0021555	1	2	2	5
OG0021556	1	2	2	5
OG0021557	1	2	2	5
OG0021558	1	2	2	5
OG0021559	1	2	2	5
OG0021560	1	2	2	5
OG0021561	1	2	2	5
OG0021562	1	2	2	5
OG0021563	1	2	2	5
OG0021564	1	2	2	5
OG0021565	1	2	2	5
OG0021566	2	2	1	5
OG0021567	1	2	2	5
OG0021568	1	2	2	5
OG0021569	1	2	2	5
OG0021570	1	2	2	5
OG0021571	1	2	2	5
OG0021572	2	2	1	5
OG0021573	1	2	2	5
OG0021574	1	2	2	5
OG0021575	1	2	2	5
OG0021576	1	2	2	5
OG0021577	1	2	2	5
OG0021578	1	2	2	5
OG0021579	1	2	2	5
OG0021580	1	2	2	5
OG0021581	1	2	2	5
OG0021582	1	2	2	5
OG0021583	1	2	2	5
OG0021584	1	2	2	5
OG0021585	1	3	1	5
OG0021586	1	2	2	5
OG0021587	1	2	2	5
OG0021588	1	2	2	5
OG0021589	1	2	2	5
OG0021590	1	2	2	5
OG0021591	1	2	2	5
OG0021592	1	2	2	5
OG0021593	1	3	1	5
OG0021594	1	2	2	5
OG0021595	1	2	2	5
OG0021596	1	0	4	5
OG0021597	1	2	2	5
OG0021598	1	2	2	5
OG0021599	1	2	2	5
OG0021600	1	2	2	5
OG0021601	1	2	2	5
OG0021602	1	3	1	5
OG0021603	1	2	2	5
OG0021604	1	2	2	5
OG0021605	2	2	1	5
OG0021606	1	2	2	5
OG0021607	3	1	1	5
OG0021608	1	2	2	5
OG0021609	1	2	2	5
OG0021610	1	1	3	5
OG0021611	1	2	2	5
OG0021612	2	2	1	5
OG0021613	1	4	0	5
OG0021614	1	2	2	5
OG0021615	2	2	1	5
OG0021616	1	2	2	5
OG0021617	2	2	1	5
OG0021618	3	1	1	5
OG0021619	2	2	1	5
OG0021620	1	2	2	5
OG0021621	1	2	2	5
OG0021622	1	4	0	5
OG0021623	1	2	2	5
OG0021624	1	1	3	5
OG0021625	2	2	1	5
OG0021626	1	2	2	5
OG0021627	1	2	2	5
OG0021628	1	2	2	5
OG0021629	1	2	2	5
OG0021630	1	2	2	5
OG0021631	1	1	3	5
OG0021632	3	2	0	5
OG0021633	2	2	1	5
OG0021634	1	2	2	5
OG0021635	1	2	2	5
OG0021636	1	2	2	5
OG0021637	1	2	2	5
OG0021638	1	2	2	5
OG0021639	2	2	1	5
OG0021640	1	2	2	5
OG0021641	1	2	2	5
OG0021642	1	0	4	5
OG0021643	1	2	2	5
OG0021644	1	2	2	5
OG0021645	1	2	2	5
OG0021646	1	2	2	5
OG0021647	1	2	2	5
OG0021648	1	2	2	5
OG0021649	1	2	2	5
OG0021650	1	1	3	5
OG0021651	1	2	2	5
OG0021652	1	2	2	5
OG0021653	1	2	2	5
OG0021654	1	2	2	5
OG0021655	1	2	2	5
OG0021656	1	2	2	5
OG0021657	1	2	2	5
OG0021658	1	2	2	5
OG0021659	1	2	2	5
OG0021660	1	2	2	5
OG0021661	1	2	2	5
OG0021662	1	2	2	5
OG0021663	1	2	2	5
OG0021664	1	2	2	5
OG0021665	1	2	2	5
OG0021666	2	2	1	5
OG0021667	1	2	2	5
OG0021668	1	2	2	5
OG0021669	1	2	2	5
OG0021670	1	2	2	5
OG0021671	1	2	2	5
OG0021672	1	2	2	5
OG0021673	1	2	2	5
OG0021674	1	2	2	5
OG0021675	1	2	2	5
OG0021676	1	2	2	5
OG0021677	1	2	2	5
OG0021678	1	2	2	5
OG0021679	1	2	2	5
OG0021680	1	2	2	5
OG0021681	3	1	1	5
OG0021682	1	2	2	5
OG0021683	1	2	2	5
OG0021684	1	2	2	5
OG0021685	1	2	2	5
OG0021686	1	2	2	5
OG0021687	1	2	2	5
OG0021688	1	2	2	5
OG0021689	1	2	2	5
OG0021690	1	2	2	5
OG0021691	1	2	2	5
OG0021692	1	2	2	5
OG0021693	1	2	2	5
OG0021694	1	2	2	5
OG0021695	1	2	2	5
OG0021696	1	2	2	5
OG0021697	1	2	2	5
OG0021698	1	2	2	5
OG0021699	2	1	2	5
OG0021700	1	2	2	5
OG0021701	1	2	2	5
OG0021702	1	2	2	5
OG0021703	1	2	2	5
OG0021704	1	2	2	5
OG0021705	1	2	2	5
OG0021706	1	2	2	5
OG0021707	1	2	2	5
OG0021708	1	2	2	5
OG0021709	1	2	2	5
OG0021710	1	2	2	5
OG0021711	1	2	2	5
OG0021712	1	2	2	5
OG0021713	1	2	2	5
OG0021714	1	2	2	5
OG0021715	1	2	2	5
OG0021716	1	2	2	5
OG0021717	1	2	2	5
OG0021718	1	2	2	5
OG0021719	1	2	2	5
OG0021720	1	2	2	5
OG0021721	1	2	2	5
OG0021722	1	2	2	5
OG0021723	1	2	2	5
OG0021724	1	2	2	5
OG0021725	2	2	1	5
OG0021726	1	2	2	5
OG0021727	1	2	2	5
OG0021728	1	2	2	5
OG0021729	1	2	2	5
OG0021730	1	2	2	5
OG0021731	1	2	2	5
OG0021732	1	2	2	5
OG0021733	1	2	2	5
OG0021734	1	2	2	5
OG0021735	1	2	2	5
OG0021736	1	2	2	5
OG0021737	1	2	2	5
OG0021738	1	2	2	5
OG0021739	1	2	2	5
OG0021740	1	2	2	5
OG0021741	1	2	2	5
OG0021742	1	3	1	5
OG0021743	1	2	2	5
OG0021744	1	2	2	5
OG0021745	1	2	2	5
OG0021746	1	2	2	5
OG0021747	1	2	2	5
OG0021748	1	2	2	5
OG0021749	2	2	1	5
OG0021750	3	1	1	5
OG0021751	1	2	2	5
OG0021752	1	2	2	5
OG0021753	1	2	2	5
OG0021754	1	2	2	5
OG0021755	1	2	2	5
OG0021756	1	2	2	5
OG0021757	1	2	2	5
OG0021758	1	2	2	5
OG0021759	1	2	2	5
OG0021760	1	2	2	5
OG0021761	1	2	2	5
OG0021762	1	2	2	5
OG0021763	1	2	2	5
OG0021764	1	2	2	5
OG0021765	4	1	0	5
OG0021766	1	2	2	5
OG0021767	1	2	2	5
OG0021768	1	2	2	5
OG0021769	1	2	2	5
OG0021770	1	2	2	5
OG0021771	1	2	2	5
OG0021772	1	2	2	5
OG0021773	1	2	2	5
OG0021774	1	2	2	5
OG0021775	1	2	2	5
OG0021776	1	2	2	5
OG0021777	1	2	2	5
OG0021778	1	2	2	5
OG0021779	1	2	2	5
OG0021780	1	2	2	5
OG0021781	1	2	2	5
OG0021782	1	2	2	5
OG0021783	2	2	1	5
OG0021784	1	2	2	5
OG0021785	1	2	2	5
OG0021786	1	2	2	5
OG0021787	1	2	2	5
OG0021788	2	2	1	5
OG0021789	1	2	2	5
OG0021790	1	2	2	5
OG0021791	1	2	2	5
OG0021792	3	1	1	5
OG0021793	1	2	2	5
OG0021794	1	2	2	5
OG0021795	1	2	2	5
OG0021796	1	2	2	5
OG0021797	1	2	2	5
OG0021798	1	2	2	5
OG0021799	1	2	2	5
OG0021800	2	1	2	5
OG0021801	1	2	2	5
OG0021802	1	2	2	5
OG0021803	1	2	2	5
OG0021804	1	2	2	5
OG0021805	1	2	2	5
OG0021806	1	2	2	5
OG0021807	1	2	2	5
OG0021808	1	2	2	5
OG0021809	1	2	2	5
OG0021810	1	2	2	5
OG0021811	1	2	2	5
OG0021812	2	2	1	5
OG0021813	1	3	1	5
OG0021814	1	2	2	5
OG0021815	1	3	1	5
OG0021816	1	2	2	5
OG0021817	3	1	1	5
OG0021818	1	2	2	5
OG0021819	2	1	2	5
OG0021820	1	2	2	5
OG0021821	1	2	2	5
OG0021822	1	2	2	5
OG0021823	1	2	2	5
OG0021824	1	2	2	5
OG0021825	1	2	2	5
OG0021826	1	2	2	5
OG0021827	1	2	2	5
OG0021828	1	2	2	5
OG0021829	1	2	2	5
OG0021830	1	2	2	5
OG0021831	1	2	2	5
OG0021832	1	2	2	5
OG0021833	1	2	2	5
OG0021834	1	2	2	5
OG0021835	1	2	2	5
OG0021836	1	2	2	5
OG0021837	1	2	2	5
OG0021838	1	3	1	5
OG0021839	1	2	2	5
OG0021840	1	2	2	5
OG0021841	1	2	2	5
OG0021842	1	2	2	5
OG0021843	1	2	2	5
OG0021844	1	2	2	5
OG0021845	3	1	1	5
OG0021846	1	2	2	5
OG0021847	1	2	2	5
OG0021848	1	2	2	5
OG0021849	1	2	2	5
OG0021850	1	2	2	5
OG0021851	1	2	2	5
OG0021852	1	2	2	5
OG0021853	1	2	2	5
OG0021854	1	2	2	5
OG0021855	1	2	2	5
OG0021856	2	1	2	5
OG0021857	1	2	2	5
OG0021858	1	2	2	5
OG0021859	2	2	1	5
OG0021860	1	2	2	5
OG0021861	1	2	2	5
OG0021862	1	2	2	5
OG0021863	1	2	2	5
OG0021864	2	2	1	5
OG0021865	1	2	2	5
OG0021866	1	2	2	5
OG0021867	1	2	2	5
OG0021868	1	2	2	5
OG0021869	1	2	2	5
OG0021870	1	2	2	5
OG0021871	1	2	2	5
OG0021872	1	2	2	5
OG0021873	1	2	2	5
OG0021874	1	2	2	5
OG0021875	1	2	2	5
OG0021876	1	2	2	5
OG0021877	1	2	2	5
OG0021878	1	2	2	5
OG0021879	1	2	2	5
OG0021880	1	2	2	5
OG0021881	1	2	2	5
OG0021882	3	1	1	5
OG0021883	1	2	2	5
OG0021884	1	2	2	5
OG0021885	1	2	2	5
OG0021886	1	2	2	5
OG0021887	1	2	2	5
OG0021888	1	2	2	5
OG0021889	1	2	2	5
OG0021890	1	2	2	5
OG0021891	1	2	2	5
OG0021892	1	2	2	5
OG0021893	3	1	1	5
OG0021894	1	2	2	5
OG0021895	1	2	2	5
OG0021896	2	2	1	5
OG0021897	1	2	2	5
OG0021898	1	2	2	5
OG0021899	4	1	0	5
OG0021900	1	2	2	5
OG0021901	1	2	2	5
OG0021902	1	2	2	5
OG0021903	1	2	2	5
OG0021904	1	2	2	5
OG0021905	3	1	1	5
OG0021906	1	2	2	5
OG0021907	1	2	2	5
OG0021908	1	4	0	5
OG0021909	1	2	2	5
OG0021910	2	2	1	5
OG0021911	1	2	2	5
OG0021912	2	2	1	5
OG0021913	1	2	2	5
OG0021914	2	2	1	5
OG0021915	1	2	2	5
OG0021916	1	2	2	5
OG0021917	1	2	2	5
OG0021918	1	2	2	5
OG0021919	1	2	2	5
OG0021920	1	2	2	5
OG0021921	1	2	2	5
OG0021922	1	2	2	5
OG0021923	1	2	2	5
OG0021924	1	1	3	5
OG0021925	1	2	2	5
OG0021926	1	2	2	5
OG0021927	1	4	0	5
OG0021928	1	2	2	5
OG0021929	1	2	2	5
OG0021930	1	2	2	5
OG0021931	2	2	1	5
OG0021932	1	2	2	5
OG0021933	1	2	2	5
OG0021934	3	1	1	5
OG0021935	1	2	2	5
OG0021936	2	2	1	5
OG0021937	1	2	2	5
OG0021938	1	2	2	5
OG0021939	1	2	2	5
OG0021940	1	2	2	5
OG0021941	1	2	2	5
OG0021942	1	2	2	5
OG0021943	1	2	2	5
OG0021944	1	2	2	5
OG0021945	1	2	2	5
OG0021946	2	1	2	5
OG0021947	1	2	2	5
OG0021948	1	2	2	5
OG0021949	1	2	2	5
OG0021950	1	2	2	5
OG0021951	1	2	2	5
OG0021952	1	2	2	5
OG0021953	1	2	2	5
OG0021954	1	2	2	5
OG0021955	1	2	2	5
OG0021956	1	2	2	5
OG0021957	1	2	2	5
OG0021958	1	2	2	5
OG0021959	1	2	2	5
OG0021960	1	2	2	5
OG0021961	1	3	1	5
OG0021962	1	2	2	5
OG0021963	1	2	2	5
OG0021964	1	2	2	5
OG0021965	1	2	2	5
OG0021966	3	2	0	5
OG0021967	1	2	2	5
OG0021968	1	2	2	5
OG0021969	1	2	2	5
OG0021970	1	2	2	5
OG0021971	1	2	2	5
OG0021972	1	2	2	5
OG0021973	1	2	2	5
OG0021974	2	2	1	5
OG0021975	1	2	2	5
OG0021976	1	2	2	5
OG0021977	1	2	2	5
OG0021978	1	2	2	5
OG0021979	1	2	2	5
OG0021980	1	2	2	5
OG0021981	1	2	2	5
OG0021982	1	3	1	5
OG0021983	1	2	2	5
OG0021984	1	2	2	5
OG0021985	1	0	4	5
OG0021986	1	2	2	5
OG0021987	2	1	2	5
OG0021988	1	3	1	5
OG0021989	1	2	2	5
OG0021990	2	2	1	5
OG0021991	1	2	2	5
OG0021992	1	2	2	5
OG0021993	1	2	2	5
OG0021994	1	2	2	5
OG0021995	2	2	1	5
OG0021996	1	2	2	5
OG0021997	3	1	1	5
OG0021998	2	2	1	5
OG0021999	1	2	2	5
OG0022000	1	2	2	5
OG0022001	1	2	2	5
OG0022002	1	2	2	5
OG0022003	2	2	1	5
OG0022004	1	2	2	5
OG0022005	1	2	2	5
OG0022006	1	2	2	5
OG0022007	3	1	1	5
OG0022008	1	3	1	5
OG0022009	1	2	2	5
OG0022010	1	2	2	5
OG0022011	1	2	2	5
OG0022012	1	2	2	5
OG0022013	2	2	1	5
OG0022014	1	2	2	5
OG0022015	1	2	2	5
OG0022016	1	2	2	5
OG0022017	1	2	2	5
OG0022018	1	2	2	5
OG0022019	2	2	1	5
OG0022020	1	2	2	5
OG0022021	1	2	2	5
OG0022022	1	2	2	5
OG0022023	1	2	2	5
OG0022024	3	1	1	5
OG0022025	2	2	1	5
OG0022026	1	2	2	5
OG0022027	2	3	0	5
OG0022028	4	1	0	5
OG0022029	1	2	2	5
OG0022030	2	1	2	5
OG0022031	1	2	2	5
OG0022032	1	2	2	5
OG0022033	1	2	2	5
OG0022034	1	2	2	5
OG0022035	1	2	2	5
OG0022036	1	2	2	5
OG0022037	1	4	0	5
OG0022038	1	2	2	5
OG0022039	2	2	1	5
OG0022040	1	2	2	5
OG0022041	3	1	1	5
OG0022042	1	2	2	5
OG0022043	1	2	2	5
OG0022044	1	2	2	5
OG0022045	1	2	2	5
OG0022046	1	2	2	5
OG0022047	1	2	2	5
OG0022048	2	1	2	5
OG0022049	1	2	2	5
OG0022050	1	2	2	5
OG0022051	1	2	2	5
OG0022052	1	2	2	5
OG0022053	1	2	2	5
OG0022054	1	2	2	5
OG0022055	1	2	2	5
OG0022056	1	2	2	5
OG0022057	1	2	2	5
OG0022058	4	0	1	5
OG0022059	1	2	2	5
OG0022060	1	2	2	5
OG0022061	1	2	2	5
OG0022062	1	2	2	5
OG0022063	2	1	2	5
OG0022064	2	2	1	5
OG0022065	1	2	2	5
OG0022066	1	2	2	5
OG0022067	1	2	2	5
OG0022068	1	2	2	5
OG0022069	1	2	2	5
OG0022070	1	2	2	5
OG0022071	1	2	2	5
OG0022072	1	2	2	5
OG0022073	1	2	2	5
OG0022074	1	2	2	5
OG0022075	1	2	2	5
OG0022076	1	2	2	5
OG0022077	1	2	2	5
OG0022078	1	2	2	5
OG0022079	1	2	2	5
OG0022080	1	2	2	5
OG0022081	1	2	2	5
OG0022082	1	2	2	5
OG0022083	1	2	2	5
OG0022084	1	2	2	5
OG0022085	1	2	2	5
OG0022086	1	2	2	5
OG0022087	1	2	2	5
OG0022088	1	2	2	5
OG0022089	3	1	1	5
OG0022090	1	2	2	5
OG0022091	1	2	2	5
OG0022092	1	2	2	5
OG0022093	1	2	2	5
OG0022094	1	2	2	5
OG0022095	1	3	1	5
OG0022096	1	2	2	5
OG0022097	1	2	2	5
OG0022098	1	2	2	5
OG0022099	1	2	2	5
OG0022100	1	2	2	5
OG0022101	1	2	2	5
OG0022102	1	2	2	5
OG0022103	1	2	2	5
OG0022104	1	2	2	5
OG0022105	1	2	2	5
OG0022106	1	2	2	5
OG0022107	1	2	2	5
OG0022108	1	2	2	5
OG0022109	1	2	2	5
OG0022110	1	2	2	5
OG0022111	1	2	2	5
OG0022112	1	2	2	5
OG0022113	1	2	2	5
OG0022114	1	2	2	5
OG0022115	1	2	2	5
OG0022116	1	2	2	5
OG0022117	1	2	2	5
OG0022118	1	2	2	5
OG0022119	1	2	2	5
OG0022120	1	2	2	5
OG0022121	1	2	2	5
OG0022122	1	2	2	5
OG0022123	1	2	2	5
OG0022124	1	2	2	5
OG0022125	1	2	2	5
OG0022126	1	2	2	5
OG0022127	1	2	2	5
OG0022128	1	2	2	5
OG0022129	1	2	2	5
OG0022130	1	2	2	5
OG0022131	1	2	2	5
OG0022132	1	2	2	5
OG0022133	1	2	2	5
OG0022134	1	2	2	5
OG0022135	1	2	2	5
OG0022136	1	2	2	5
OG0022137	1	2	2	5
OG0022138	1	2	2	5
OG0022139	1	2	2	5
OG0022140	1	2	2	5
OG0022141	1	2	2	5
OG0022142	1	2	2	5
OG0022143	1	2	2	5
OG0022144	1	2	2	5
OG0022145	1	2	2	5
OG0022146	1	2	2	5
OG0022147	1	2	2	5
OG0022148	1	3	1	5
OG0022149	1	2	2	5
OG0022150	1	2	2	5
OG0022151	1	2	2	5
OG0022152	1	2	2	5
OG0022153	1	2	2	5
OG0022154	1	2	2	5
OG0022155	1	2	2	5
OG0022156	1	2	2	5
OG0022157	2	2	1	5
OG0022158	2	3	0	5
OG0022159	2	2	1	5
OG0022160	1	2	2	5
OG0022161	1	2	2	5
OG0022162	1	2	2	5
OG0022163	1	2	2	5
OG0022164	1	2	2	5
OG0022165	1	2	2	5
OG0022166	1	2	2	5
OG0022167	1	2	2	5
OG0022168	1	2	2	5
OG0022169	1	2	2	5
OG0022170	1	2	2	5
OG0022171	1	2	2	5
OG0022172	1	2	2	5
OG0022173	1	2	2	5
OG0022174	1	2	2	5
OG0022175	1	2	2	5
OG0022176	1	2	2	5
OG0022177	1	2	2	5
OG0022178	1	2	2	5
OG0022179	3	1	1	5
OG0022180	1	2	2	5
OG0022181	1	2	2	5
OG0022182	1	2	2	5
OG0022183	1	2	2	5
OG0022184	1	2	2	5
OG0022185	3	1	1	5
OG0022186	1	2	2	5
OG0022187	1	2	2	5
OG0022188	1	2	2	5
OG0022189	1	2	2	5
OG0022190	1	2	2	5
OG0022191	1	2	2	5
OG0022192	1	2	2	5
OG0022193	1	2	2	5
OG0022194	1	2	2	5
OG0022195	1	2	2	5
OG0022196	3	1	1	5
OG0022197	1	2	2	5
OG0022198	1	2	2	5
OG0022199	2	1	2	5
OG0022200	1	2	2	5
OG0022201	1	3	1	5
OG0022202	1	2	2	5
OG0022203	1	2	2	5
OG0022204	1	2	2	5
OG0022205	1	2	2	5
OG0022206	1	2	2	5
OG0022207	1	2	2	5
OG0022208	1	2	2	5
OG0022209	1	2	2	5
OG0022210	1	3	1	5
OG0022211	1	2	2	5
OG0022212	1	2	2	5
OG0022213	1	2	2	5
OG0022214	1	2	2	5
OG0022215	1	2	2	5
OG0022216	1	2	2	5
OG0022217	1	2	2	5
OG0022218	1	2	2	5
OG0022219	1	2	2	5
OG0022220	1	2	2	5
OG0022221	1	2	2	5
OG0022222	1	2	2	5
OG0022223	1	2	2	5
OG0022224	1	2	2	5
OG0022225	1	2	2	5
OG0022226	1	3	1	5
OG0022227	1	2	2	5
OG0022228	1	2	2	5
OG0022229	1	2	2	5
OG0022230	1	2	2	5
OG0022231	1	2	2	5
OG0022232	1	2	2	5
OG0022233	1	2	2	5
OG0022234	1	2	2	5
OG0022235	1	2	2	5
OG0022236	1	3	1	5
OG0022237	1	2	2	5
OG0022238	2	2	1	5
OG0022239	1	2	2	5
OG0022240	1	2	2	5
OG0022241	1	2	2	5
OG0022242	1	2	2	5
OG0022243	1	2	2	5
OG0022244	2	2	1	5
OG0022245	1	2	2	5
OG0022246	1	2	2	5
OG0022247	1	2	2	5
OG0022248	1	2	2	5
OG0022249	2	2	1	5
OG0022250	1	2	2	5
OG0022251	1	2	2	5
OG0022252	1	2	2	5
OG0022253	1	2	2	5
OG0022254	1	2	2	5
OG0022255	1	2	2	5
OG0022256	1	2	2	5
OG0022257	1	2	2	5
OG0022258	1	2	2	5
OG0022259	1	2	2	5
OG0022260	2	2	1	5
OG0022261	1	2	2	5
OG0022262	1	2	2	5
OG0022263	1	2	2	5
OG0022264	1	2	2	5
OG0022265	1	0	4	5
OG0022266	1	2	2	5
OG0022267	1	2	2	5
OG0022268	1	2	2	5
OG0022269	1	2	2	5
OG0022270	1	3	1	5
OG0022271	1	2	2	5
OG0022272	1	2	2	5
OG0022273	2	1	2	5
OG0022274	1	2	2	5
OG0022275	1	2	2	5
OG0022276	1	2	2	5
OG0022277	1	2	2	5
OG0022278	3	1	1	5
OG0022279	1	2	2	5
OG0022280	1	3	1	5
OG0022281	1	2	2	5
OG0022282	1	2	2	5
OG0022283	1	2	2	5
OG0022284	1	2	2	5
OG0022285	1	2	2	5
OG0022286	1	2	2	5
OG0022287	1	2	2	5
OG0022288	2	3	0	5
OG0022289	1	2	2	5
OG0022290	1	2	2	5
OG0022291	1	2	2	5
OG0022292	1	2	2	5
OG0022293	1	2	2	5
OG0022294	1	2	2	5
OG0022295	1	1	3	5
OG0022296	1	2	2	5
OG0022297	1	2	2	5
OG0022298	1	2	2	5
OG0022299	1	2	2	5
OG0022300	1	2	2	5
OG0022301	1	2	2	5
OG0022302	1	2	2	5
OG0022303	1	2	2	5
OG0022304	1	2	2	5
OG0022305	1	2	2	5
OG0022306	1	2	2	5
OG0022307	1	2	2	5
OG0022308	1	2	2	5
OG0022309	1	3	1	5
OG0022310	1	2	2	5
OG0022311	1	2	2	5
OG0022312	1	2	2	5
OG0022313	1	2	2	5
OG0022314	1	2	2	5
OG0022315	3	2	0	5
OG0022316	1	2	2	5
OG0022317	1	2	2	5
OG0022318	1	2	2	5
OG0022319	2	1	2	5
OG0022320	1	2	2	5
OG0022321	1	2	2	5
OG0022322	1	3	1	5
OG0022323	1	2	2	5
OG0022324	1	2	2	5
OG0022325	1	2	2	5
OG0022326	1	2	2	5
OG0022327	2	2	1	5
OG0022328	1	2	2	5
OG0022329	1	2	2	5
OG0022330	1	2	2	5
OG0022331	1	2	2	5
OG0022332	1	2	2	5
OG0022333	1	2	2	5
OG0022334	1	2	2	5
OG0022335	1	2	2	5
OG0022336	1	2	2	5
OG0022337	1	2	2	5
OG0022338	3	1	1	5
OG0022339	1	2	2	5
OG0022340	1	2	2	5
OG0022341	1	2	2	5
OG0022342	1	2	2	5
OG0022343	1	2	2	5
OG0022344	1	2	2	5
OG0022345	1	2	2	5
OG0022346	1	2	2	5
OG0022347	1	2	2	5
OG0022348	1	2	2	5
OG0022349	2	2	1	5
OG0022350	1	2	2	5
OG0022351	1	2	2	5
OG0022352	1	2	2	5
OG0022353	1	2	2	5
OG0022354	1	2	2	5
OG0022355	1	2	2	5
OG0022356	1	2	2	5
OG0022357	1	2	2	5
OG0022358	1	2	2	5
OG0022359	1	2	2	5
OG0022360	1	2	2	5
OG0022361	1	2	2	5
OG0022362	1	2	2	5
OG0022363	2	3	0	5
OG0022364	1	2	2	5
OG0022365	1	2	2	5
OG0022366	2	2	1	5
OG0022367	1	2	2	5
OG0022368	1	2	2	5
OG0022369	1	2	2	5
OG0022370	1	0	4	5
OG0022371	1	2	2	5
OG0022372	1	2	2	5
OG0022373	1	2	2	5
OG0022374	1	3	1	5
OG0022375	1	2	2	5
OG0022376	1	2	2	5
OG0022377	1	2	2	5
OG0022378	1	2	2	5
OG0022379	1	2	2	5
OG0022380	1	2	2	5
OG0022381	2	0	3	5
OG0022382	1	3	1	5
OG0022383	2	3	0	5
OG0022384	1	3	1	5
OG0022385	2	2	1	5
OG0022386	1	2	2	5
OG0022387	1	2	2	5
OG0022388	1	3	1	5
OG0022389	1	2	2	5
OG0022390	1	2	2	5
OG0022391	1	2	2	5
OG0022392	1	2	2	5
OG0022393	1	2	2	5
OG0022394	2	2	1	5
OG0022395	1	2	2	5
OG0022396	1	2	2	5
OG0022397	1	2	2	5
OG0022398	1	2	2	5
OG0022399	1	2	2	5
OG0022400	1	2	2	5
OG0022401	1	2	2	5
OG0022402	1	2	2	5
OG0022403	1	2	2	5
OG0022404	3	1	1	5
OG0022405	1	2	2	5
OG0022406	1	2	2	5
OG0022407	1	2	2	5
OG0022408	2	2	1	5
OG0022409	1	2	2	5
OG0022410	1	2	2	5
OG0022411	1	2	2	5
OG0022412	1	2	2	5
OG0022413	1	2	2	5
OG0022414	1	2	2	5
OG0022415	1	2	2	5
OG0022416	1	2	2	5
OG0022417	1	2	2	5
OG0022418	1	2	2	5
OG0022419	1	2	2	5
OG0022420	1	2	2	5
OG0022421	2	1	2	5
OG0022422	1	2	2	5
OG0022423	1	2	2	5
OG0022424	1	2	2	5
OG0022425	1	2	2	5
OG0022426	1	2	2	5
OG0022427	1	2	2	5
OG0022428	1	2	2	5
OG0022429	2	2	1	5
OG0022430	1	2	2	5
OG0022431	1	2	2	5
OG0022432	3	1	1	5
OG0022433	1	2	2	5
OG0022434	1	2	2	5
OG0022435	1	2	2	5
OG0022436	1	2	2	5
OG0022437	1	2	2	5
OG0022438	1	2	2	5
OG0022439	4	1	0	5
OG0022440	1	2	2	5
OG0022441	1	2	2	5
OG0022442	1	2	2	5
OG0022443	1	2	2	5
OG0022444	1	2	2	5
OG0022445	1	2	2	5
OG0022446	1	2	2	5
OG0022447	1	2	2	5
OG0022448	1	2	2	5
OG0022449	1	2	2	5
OG0022450	1	2	2	5
OG0022451	1	2	2	5
OG0022452	2	2	1	5
OG0022453	4	0	1	5
OG0022454	1	2	2	5
OG0022455	1	2	2	5
OG0022456	1	2	2	5
OG0022457	1	2	2	5
OG0022458	1	2	2	5
OG0022459	1	2	2	5
OG0022460	2	2	1	5
OG0022461	1	2	2	5
OG0022462	4	1	0	5
OG0022463	1	2	2	5
OG0022464	1	2	2	5
OG0022465	1	2	2	5
OG0022466	1	2	2	5
OG0022467	1	2	2	5
OG0022468	1	2	2	5
OG0022469	1	2	2	5
OG0022470	1	2	2	5
OG0022471	1	2	2	5
OG0022472	2	2	1	5
OG0022473	1	2	2	5
OG0022474	1	2	2	5
OG0022475	1	2	2	5
OG0022476	1	2	2	5
OG0022477	1	2	2	5
OG0022478	1	2	2	5
OG0022479	1	2	2	5
OG0022480	1	2	2	5
OG0022481	2	2	1	5
OG0022482	1	2	2	5
OG0022483	1	2	2	5
OG0022484	1	2	2	5
OG0022485	1	2	2	5
OG0022486	1	2	2	5
OG0022487	2	2	1	5
OG0022488	1	2	2	5
OG0022489	1	2	2	5
OG0022490	1	2	2	5
OG0022491	1	2	2	5
OG0022492	1	2	2	5
OG0022493	1	2	2	5
OG0022494	1	2	2	5
OG0022495	1	2	2	5
OG0022496	1	2	2	5
OG0022497	1	2	2	5
OG0022498	1	2	2	5
OG0022499	1	2	2	5
OG0022500	1	2	2	5
OG0022501	1	2	2	5
OG0022502	1	2	2	5
OG0022503	1	2	2	5
OG0022504	1	2	2	5
OG0022505	1	2	2	5
OG0022506	1	2	2	5
OG0022507	1	2	2	5
OG0022508	1	2	2	5
OG0022509	3	1	1	5
OG0022510	1	2	2	5
OG0022511	1	2	2	5
OG0022512	2	2	1	5
OG0022513	1	2	2	5
OG0022514	1	2	2	5
OG0022515	1	2	2	5
OG0022516	1	3	1	5
OG0022517	1	2	2	5
OG0022518	1	2	2	5
OG0022519	1	2	2	5
OG0022520	1	2	2	5
OG0022521	1	1	3	5
OG0022522	1	2	2	5
OG0022523	1	2	2	5
OG0022524	1	2	2	5
OG0022525	1	2	2	5
OG0022526	1	2	2	5
OG0022527	1	2	2	5
OG0022528	1	2	2	5
OG0022529	1	2	2	5
OG0022530	1	2	2	5
OG0022531	1	2	2	5
OG0022532	1	2	2	5
OG0022533	1	2	2	5
OG0022534	1	2	2	5
OG0022535	1	2	2	5
OG0022536	1	2	2	5
OG0022537	1	2	2	5
OG0022538	1	2	2	5
OG0022539	1	2	2	5
OG0022540	1	2	2	5
OG0022541	1	2	2	5
OG0022542	1	2	2	5
OG0022543	1	2	2	5
OG0022544	1	2	2	5
OG0022545	1	2	2	5
OG0022546	1	2	2	5
OG0022547	1	2	2	5
OG0022548	1	2	2	5
OG0022549	1	2	2	5
OG0022550	1	2	2	5
OG0022551	1	2	2	5
OG0022552	1	2	2	5
OG0022553	1	2	2	5
OG0022554	1	2	2	5
OG0022555	2	2	1	5
OG0022556	3	0	2	5
OG0022557	1	2	2	5
OG0022558	1	2	2	5
OG0022559	1	2	2	5
OG0022560	1	2	2	5
OG0022561	1	2	2	5
OG0022562	1	2	2	5
OG0022563	1	2	2	5
OG0022564	1	2	2	5
OG0022565	2	2	1	5
OG0022566	1	0	4	5
OG0022567	1	2	2	5
OG0022568	1	2	2	5
OG0022569	1	2	2	5
OG0022570	1	2	2	5
OG0022571	2	2	1	5
OG0022572	1	2	2	5
OG0022573	1	2	2	5
OG0022574	1	2	2	5
OG0022575	1	2	2	5
OG0022576	1	4	0	5
OG0022577	1	2	2	5
OG0022578	1	2	2	5
OG0022579	1	3	1	5
OG0022580	1	2	2	5
OG0022581	1	2	2	5
OG0022582	1	2	2	5
OG0022583	1	2	2	5
OG0022584	2	2	1	5
OG0022585	1	2	2	5
OG0022586	1	2	2	5
OG0022587	1	2	2	5
OG0022588	1	3	1	5
OG0022589	1	2	2	5
OG0022590	3	1	1	5
OG0022591	1	2	2	5
OG0022592	2	2	1	5
OG0022593	2	1	2	5
OG0022594	1	2	2	5
OG0022595	1	2	2	5
OG0022596	4	1	0	5
OG0022597	1	2	2	5
OG0022598	1	2	2	5
OG0022599	1	2	2	5
OG0022600	1	2	2	5
OG0022601	3	1	1	5
OG0022602	1	2	2	5
OG0022603	1	2	2	5
OG0022604	1	2	2	5
OG0022605	1	2	2	5
OG0022606	1	2	2	5
OG0022607	1	2	2	5
OG0022608	3	1	1	5
OG0022609	1	2	2	5
OG0022610	1	3	1	5
OG0022611	2	3	0	5
OG0022612	1	2	2	5
OG0022613	1	2	2	5
OG0022614	1	2	2	5
OG0022615	1	2	2	5
OG0022616	1	2	2	5
OG0022617	1	2	2	5
OG0022618	2	3	0	5
OG0022619	1	2	2	5
OG0022620	1	2	2	5
OG0022621	3	1	1	5
OG0022622	1	2	2	5
OG0022623	1	2	2	5
OG0022624	1	2	2	5
OG0022625	1	2	2	5
OG0022626	1	3	1	5
OG0022627	1	2	2	5
OG0022628	1	2	2	5
OG0022629	1	3	1	5
OG0022630	1	2	2	5
OG0022631	2	2	1	5
OG0022632	1	2	2	5
OG0022633	1	2	2	5
OG0022634	3	2	0	5
OG0022635	1	3	1	5
OG0022636	1	2	2	5
OG0022637	1	2	2	5
OG0022638	1	2	2	5
OG0022639	1	2	2	5
OG0022640	1	2	2	5
OG0022641	1	2	2	5
OG0022642	1	2	2	5
OG0022643	1	2	2	5
OG0022644	1	1	3	5
OG0022645	1	2	2	5
OG0022646	2	2	1	5
OG0022647	1	2	2	5
OG0022648	2	1	2	5
OG0022649	1	2	2	5
OG0022650	1	2	2	5
OG0022651	1	2	2	5
OG0022652	1	2	2	5
OG0022653	1	2	2	5
OG0022654	1	3	1	5
OG0022655	1	4	0	5
OG0022656	1	2	2	5
OG0022657	1	4	0	5
OG0022658	1	2	2	5
OG0022659	3	1	1	5
OG0022660	1	2	2	5
OG0022661	1	2	2	5
OG0022662	1	1	3	5
OG0022663	1	2	2	5
OG0022664	2	3	0	5
OG0022665	1	2	2	5
OG0022666	1	2	2	5
OG0022667	1	2	2	5
OG0022668	1	2	2	5
OG0022669	1	2	2	5
OG0022670	1	2	2	5
OG0022671	1	2	2	5
OG0022672	1	2	2	5
OG0022673	1	2	2	5
OG0022674	1	2	2	5
OG0022675	1	2	2	5
OG0022676	1	2	2	5
OG0022677	2	1	2	5
OG0022678	1	2	2	5
OG0022679	2	3	0	5
OG0022680	1	2	2	5
OG0022681	1	2	2	5
OG0022682	1	2	2	5
OG0022683	1	4	0	5
OG0022684	1	2	2	5
OG0022685	1	2	2	5
OG0022686	1	2	2	5
OG0022687	1	2	2	5
OG0022688	1	2	2	5
OG0022689	2	2	1	5
OG0022690	1	2	2	5
OG0022691	2	2	1	5
OG0022692	1	2	2	5
OG0022693	1	2	2	5
OG0022694	1	2	2	5
OG0022695	0	3	2	5
OG0022696	0	3	2	5
OG0022697	0	2	3	5
OG0022698	0	4	1	5
OG0022699	0	3	2	5
OG0022700	0	4	1	5
OG0022701	0	3	2	5
OG0022702	0	3	2	5
OG0022703	0	2	3	5
OG0022704	0	4	1	5
OG0022705	0	4	1	5
OG0022706	0	1	4	5
OG0022707	0	4	1	5
OG0022708	0	3	2	5
OG0022709	0	4	1	5
OG0022710	0	3	2	5
OG0022711	0	1	4	5
OG0022712	0	2	3	5
OG0022713	0	4	1	5
OG0022714	0	4	1	5
OG0022715	0	1	4	5
OG0022716	0	4	1	5
OG0022717	0	3	2	5
OG0022718	0	3	2	5
OG0022719	0	4	1	5
OG0022720	0	4	1	5
OG0022721	0	1	4	5
OG0022722	0	2	3	5
OG0022723	0	3	2	5
OG0022724	0	1	4	5
OG0022725	0	2	3	5
OG0022726	0	2	3	5
OG0022727	0	2	3	5
OG0022728	0	2	3	5
OG0022729	0	0	5	5
OG0022730	2	0	2	4
OG0022731	1	1	2	4
OG0022732	1	2	1	4
OG0022733	1	2	1	4
OG0022734	1	1	2	4
OG0022735	2	1	1	4
OG0022736	1	0	3	4
OG0022737	2	1	1	4
OG0022738	2	1	1	4
OG0022739	1	2	1	4
OG0022740	2	2	0	4
OG0022741	1	2	1	4
OG0022742	2	1	1	4
OG0022743	1	1	2	4
OG0022744	2	0	2	4
OG0022745	1	1	2	4
OG0022746	2	1	1	4
OG0022747	2	2	0	4
OG0022748	1	1	2	4
OG0022749	1	1	2	4
OG0022750	1	2	1	4
OG0022751	1	2	1	4
OG0022752	2	2	0	4
OG0022753	2	2	0	4
OG0022754	2	0	2	4
OG0022755	1	1	2	4
OG0022756	2	2	0	4
OG0022757	2	1	1	4
OG0022758	1	1	2	4
OG0022759	2	1	1	4
OG0022760	2	2	0	4
OG0022761	1	2	1	4
OG0022762	2	1	1	4
OG0022763	2	0	2	4
OG0022764	1	1	2	4
OG0022765	2	2	0	4
OG0022766	2	0	2	4
OG0022767	1	1	2	4
OG0022768	1	3	0	4
OG0022769	1	2	1	4
OG0022770	2	1	1	4
OG0022771	2	2	0	4
OG0022772	2	2	0	4
OG0022773	1	2	1	4
OG0022774	1	2	1	4
OG0022775	2	1	1	4
OG0022776	2	2	0	4
OG0022777	1	1	2	4
OG0022778	2	2	0	4
OG0022779	2	0	2	4
OG0022780	2	2	0	4
OG0022781	1	1	2	4
OG0022782	1	1	2	4
OG0022783	2	0	2	4
OG0022784	2	1	1	4
OG0022785	2	2	0	4
OG0022786	2	0	2	4
OG0022787	1	1	2	4
OG0022788	1	1	2	4
OG0022789	2	0	2	4
OG0022790	2	0	2	4
OG0022791	1	1	2	4
OG0022792	1	2	1	4
OG0022793	2	2	0	4
OG0022794	2	2	0	4
OG0022795	2	1	1	4
OG0022796	1	3	0	4
OG0022797	1	1	2	4
OG0022798	2	0	2	4
OG0022799	1	1	2	4
OG0022800	2	1	1	4
OG0022801	2	0	2	4
OG0022802	1	2	1	4
OG0022803	2	2	0	4
OG0022804	1	2	1	4
OG0022805	1	2	1	4
OG0022806	2	1	1	4
OG0022807	1	1	2	4
OG0022808	3	0	1	4
OG0022809	2	2	0	4
OG0022810	2	1	1	4
OG0022811	1	2	1	4
OG0022812	2	1	1	4
OG0022813	2	0	2	4
OG0022814	2	2	0	4
OG0022815	2	1	1	4
OG0022816	1	2	1	4
OG0022817	1	1	2	4
OG0022818	1	1	2	4
OG0022819	2	0	2	4
OG0022820	2	2	0	4
OG0022821	2	0	2	4
OG0022822	2	0	2	4
OG0022823	2	2	0	4
OG0022824	1	1	2	4
OG0022825	1	1	2	4
OG0022826	2	2	0	4
OG0022827	1	2	1	4
OG0022828	2	1	1	4
OG0022829	2	0	2	4
OG0022830	1	2	1	4
OG0022831	1	1	2	4
OG0022832	1	2	1	4
OG0022833	2	0	2	4
OG0022834	2	0	2	4
OG0022835	1	1	2	4
OG0022836	3	1	0	4
OG0022837	3	0	1	4
OG0022838	3	0	1	4
OG0022839	1	2	1	4
OG0022840	1	2	1	4
OG0022841	1	1	2	4
OG0022842	1	2	1	4
OG0022843	1	1	2	4
OG0022844	1	1	2	4
OG0022845	1	2	1	4
OG0022846	2	2	0	4
OG0022847	2	1	1	4
OG0022848	1	1	2	4
OG0022849	2	0	2	4
OG0022850	2	1	1	4
OG0022851	1	2	1	4
OG0022852	1	2	1	4
OG0022853	1	1	2	4
OG0022854	2	2	0	4
OG0022855	1	2	1	4
OG0022856	2	1	1	4
OG0022857	2	0	2	4
OG0022858	2	0	2	4
OG0022859	2	0	2	4
OG0022860	2	1	1	4
OG0022861	3	1	0	4
OG0022862	1	1	2	4
OG0022863	2	1	1	4
OG0022864	2	1	1	4
OG0022865	2	2	0	4
OG0022866	1	2	1	4
OG0022867	1	1	2	4
OG0022868	1	2	1	4
OG0022869	3	0	1	4
OG0022870	2	2	0	4
OG0022871	2	0	2	4
OG0022872	2	0	2	4
OG0022873	1	1	2	4
OG0022874	2	2	0	4
OG0022875	2	2	0	4
OG0022876	3	1	0	4
OG0022877	2	1	1	4
OG0022878	1	1	2	4
OG0022879	2	1	1	4
OG0022880	1	2	1	4
OG0022881	1	1	2	4
OG0022882	1	2	1	4
OG0022883	2	1	1	4
OG0022884	2	1	1	4
OG0022885	1	1	2	4
OG0022886	2	1	1	4
OG0022887	1	2	1	4
OG0022888	2	1	1	4
OG0022889	1	1	2	4
OG0022890	2	1	1	4
OG0022891	1	1	2	4
OG0022892	3	1	0	4
OG0022893	3	1	0	4
OG0022894	2	0	2	4
OG0022895	1	2	1	4
OG0022896	2	0	2	4
OG0022897	1	1	2	4
OG0022898	1	3	0	4
OG0022899	3	0	1	4
OG0022900	2	1	1	4
OG0022901	2	1	1	4
OG0022902	1	1	2	4
OG0022903	2	0	2	4
OG0022904	1	2	1	4
OG0022905	2	1	1	4
OG0022906	1	1	2	4
OG0022907	1	1	2	4
OG0022908	2	0	2	4
OG0022909	1	1	2	4
OG0022910	2	1	1	4
OG0022911	1	1	2	4
OG0022912	1	1	2	4
OG0022913	2	2	0	4
OG0022914	2	1	1	4
OG0022915	1	1	2	4
OG0022916	1	2	1	4
OG0022917	1	2	1	4
OG0022918	1	2	1	4
OG0022919	2	0	2	4
OG0022920	2	1	1	4
OG0022921	1	1	2	4
OG0022922	2	2	0	4
OG0022923	2	2	0	4
OG0022924	2	0	2	4
OG0022925	2	0	2	4
OG0022926	2	2	0	4
OG0022927	2	1	1	4
OG0022928	1	2	1	4
OG0022929	3	1	0	4
OG0022930	2	0	2	4
OG0022931	2	2	0	4
OG0022932	2	2	0	4
OG0022933	2	1	1	4
OG0022934	2	0	2	4
OG0022935	1	1	2	4
OG0022936	1	2	1	4
OG0022937	2	2	0	4
OG0022938	1	2	1	4
OG0022939	1	1	2	4
OG0022940	1	1	2	4
OG0022941	1	1	2	4
OG0022942	2	2	0	4
OG0022943	1	1	2	4
OG0022944	2	2	0	4
OG0022945	1	1	2	4
OG0022946	1	2	1	4
OG0022947	2	1	1	4
OG0022948	1	1	2	4
OG0022949	1	1	2	4
OG0022950	1	1	2	4
OG0022951	2	2	0	4
OG0022952	1	2	1	4
OG0022953	1	1	2	4
OG0022954	3	1	0	4
OG0022955	1	2	1	4
OG0022956	2	2	0	4
OG0022957	2	1	1	4
OG0022958	2	1	1	4
OG0022959	2	0	2	4
OG0022960	2	2	0	4
OG0022961	1	1	2	4
OG0022962	3	1	0	4
OG0022963	2	0	2	4
OG0022964	2	1	1	4
OG0022965	1	2	1	4
OG0022966	2	2	0	4
OG0022967	2	2	0	4
OG0022968	2	1	1	4
OG0022969	2	0	2	4
OG0022970	1	2	1	4
OG0022971	2	2	0	4
OG0022972	1	1	2	4
OG0022973	2	0	2	4
OG0022974	1	1	2	4
OG0022975	2	1	1	4
OG0022976	2	1	1	4
OG0022977	1	1	2	4
OG0022978	1	2	1	4
OG0022979	1	2	1	4
OG0022980	1	0	3	4
OG0022981	2	1	1	4
OG0022982	1	2	1	4
OG0022983	1	2	1	4
OG0022984	2	2	0	4
OG0022985	2	1	1	4
OG0022986	1	2	1	4
OG0022987	2	2	0	4
OG0022988	2	0	2	4
OG0022989	1	1	2	4
OG0022990	2	1	1	4
OG0022991	2	2	0	4
OG0022992	1	2	1	4
OG0022993	2	2	0	4
OG0022994	2	2	0	4
OG0022995	3	1	0	4
OG0022996	3	1	0	4
OG0022997	2	1	1	4
OG0022998	2	0	2	4
OG0022999	2	2	0	4
OG0023000	1	2	1	4
OG0023001	1	1	2	4
OG0023002	2	0	2	4
OG0023003	2	1	1	4
OG0023004	2	1	1	4
OG0023005	2	0	2	4
OG0023006	1	0	3	4
OG0023007	2	1	1	4
OG0023008	2	1	1	4
OG0023009	1	1	2	4
OG0023010	2	0	2	4
OG0023011	1	1	2	4
OG0023012	2	2	0	4
OG0023013	2	1	1	4
OG0023014	2	2	0	4
OG0023015	2	0	2	4
OG0023016	2	1	1	4
OG0023017	1	2	1	4
OG0023018	2	2	0	4
OG0023019	2	1	1	4
OG0023020	2	2	0	4
OG0023021	1	1	2	4
OG0023022	2	0	2	4
OG0023023	2	0	2	4
OG0023024	2	0	2	4
OG0023025	2	1	1	4
OG0023026	2	0	2	4
OG0023027	1	1	2	4
OG0023028	2	1	1	4
OG0023029	1	2	1	4
OG0023030	1	2	1	4
OG0023031	1	2	1	4
OG0023032	1	1	2	4
OG0023033	2	1	1	4
OG0023034	2	1	1	4
OG0023035	2	1	1	4
OG0023036	2	0	2	4
OG0023037	1	2	1	4
OG0023038	1	1	2	4
OG0023039	2	0	2	4
OG0023040	1	1	2	4
OG0023041	1	2	1	4
OG0023042	2	1	1	4
OG0023043	2	0	2	4
OG0023044	3	0	1	4
OG0023045	2	1	1	4
OG0023046	2	2	0	4
OG0023047	2	1	1	4
OG0023048	2	1	1	4
OG0023049	1	2	1	4
OG0023050	1	2	1	4
OG0023051	2	1	1	4
OG0023052	2	1	1	4
OG0023053	1	1	2	4
OG0023054	2	2	0	4
OG0023055	1	2	1	4
OG0023056	1	2	1	4
OG0023057	1	2	1	4
OG0023058	1	2	1	4
OG0023059	2	1	1	4
OG0023060	2	0	2	4
OG0023061	2	0	2	4
OG0023062	2	0	2	4
OG0023063	1	1	2	4
OG0023064	2	2	0	4
OG0023065	1	1	2	4
OG0023066	2	1	1	4
OG0023067	2	1	1	4
OG0023068	1	2	1	4
OG0023069	2	1	1	4
OG0023070	1	2	1	4
OG0023071	3	1	0	4
OG0023072	2	1	1	4
OG0023073	2	1	1	4
OG0023074	1	2	1	4
OG0023075	1	1	2	4
OG0023076	1	2	1	4
OG0023077	1	2	1	4
OG0023078	1	1	2	4
OG0023079	1	1	2	4
OG0023080	2	1	1	4
OG0023081	2	1	1	4
OG0023082	2	1	1	4
OG0023083	2	2	0	4
OG0023084	2	1	1	4
OG0023085	1	1	2	4
OG0023086	1	2	1	4
OG0023087	3	0	1	4
OG0023088	1	0	3	4
OG0023089	2	0	2	4
OG0023090	2	2	0	4
OG0023091	2	1	1	4
OG0023092	1	2	1	4
OG0023093	1	1	2	4
OG0023094	1	2	1	4
OG0023095	2	0	2	4
OG0023096	2	1	1	4
OG0023097	2	0	2	4
OG0023098	2	2	0	4
OG0023099	1	1	2	4
OG0023100	1	1	2	4
OG0023101	1	1	2	4
OG0023102	1	2	1	4
OG0023103	1	2	1	4
OG0023104	2	2	0	4
OG0023105	1	1	2	4
OG0023106	1	2	1	4
OG0023107	2	1	1	4
OG0023108	2	1	1	4
OG0023109	1	2	1	4
OG0023110	1	2	1	4
OG0023111	2	0	2	4
OG0023112	2	2	0	4
OG0023113	1	2	1	4
OG0023114	1	1	2	4
OG0023115	1	2	1	4
OG0023116	1	1	2	4
OG0023117	1	2	1	4
OG0023118	2	1	1	4
OG0023119	1	1	2	4
OG0023120	2	0	2	4
OG0023121	1	2	1	4
OG0023122	1	1	2	4
OG0023123	2	0	2	4
OG0023124	1	1	2	4
OG0023125	1	3	0	4
OG0023126	1	2	1	4
OG0023127	2	0	2	4
OG0023128	2	0	2	4
OG0023129	1	2	1	4
OG0023130	1	1	2	4
OG0023131	1	1	2	4
OG0023132	1	1	2	4
OG0023133	2	1	1	4
OG0023134	1	0	3	4
OG0023135	2	0	2	4
OG0023136	1	1	2	4
OG0023137	1	2	1	4
OG0023138	2	0	2	4
OG0023139	2	1	1	4
OG0023140	2	0	2	4
OG0023141	1	1	2	4
OG0023142	3	1	0	4
OG0023143	2	1	1	4
OG0023144	3	1	0	4
OG0023145	2	2	0	4
OG0023146	2	0	2	4
OG0023147	1	1	2	4
OG0023148	3	1	0	4
OG0023149	1	1	2	4
OG0023150	1	1	2	4
OG0023151	2	1	1	4
OG0023152	2	0	2	4
OG0023153	2	2	0	4
OG0023154	1	2	1	4
OG0023155	2	1	1	4
OG0023156	1	1	2	4
OG0023157	2	1	1	4
OG0023158	2	1	1	4
OG0023159	2	1	1	4
OG0023160	2	2	0	4
OG0023161	2	2	0	4
OG0023162	2	0	2	4
OG0023163	2	1	1	4
OG0023164	1	1	2	4
OG0023165	1	2	1	4
OG0023166	2	0	2	4
OG0023167	1	2	1	4
OG0023168	1	1	2	4
OG0023169	1	1	2	4
OG0023170	1	1	2	4
OG0023171	2	2	0	4
OG0023172	2	0	2	4
OG0023173	2	1	1	4
OG0023174	2	1	1	4
OG0023175	3	1	0	4
OG0023176	2	1	1	4
OG0023177	1	2	1	4
OG0023178	2	2	0	4
OG0023179	2	1	1	4
OG0023180	1	1	2	4
OG0023181	1	1	2	4
OG0023182	1	1	2	4
OG0023183	2	1	1	4
OG0023184	2	1	1	4
OG0023185	1	2	1	4
OG0023186	2	1	1	4
OG0023187	2	0	2	4
OG0023188	2	2	0	4
OG0023189	2	1	1	4
OG0023190	1	1	2	4
OG0023191	1	2	1	4
OG0023192	1	1	2	4
OG0023193	1	2	1	4
OG0023194	2	0	2	4
OG0023195	2	2	0	4
OG0023196	1	1	2	4
OG0023197	1	2	1	4
OG0023198	1	1	2	4
OG0023199	2	1	1	4
OG0023200	2	2	0	4
OG0023201	2	2	0	4
OG0023202	2	1	1	4
OG0023203	1	2	1	4
OG0023204	2	2	0	4
OG0023205	2	2	0	4
OG0023206	2	1	1	4
OG0023207	1	1	2	4
OG0023208	2	1	1	4
OG0023209	1	2	1	4
OG0023210	1	1	2	4
OG0023211	1	1	2	4
OG0023212	3	0	1	4
OG0023213	1	2	1	4
OG0023214	1	2	1	4
OG0023215	1	2	1	4
OG0023216	1	1	2	4
OG0023217	2	2	0	4
OG0023218	1	2	1	4
OG0023219	2	0	2	4
OG0023220	3	1	0	4
OG0023221	1	1	2	4
OG0023222	1	1	2	4
OG0023223	2	0	2	4
OG0023224	2	2	0	4
OG0023225	1	1	2	4
OG0023226	2	0	2	4
OG0023227	1	0	3	4
OG0023228	3	0	1	4
OG0023229	1	1	2	4
OG0023230	2	1	1	4
OG0023231	2	0	2	4
OG0023232	1	1	2	4
OG0023233	2	1	1	4
OG0023234	1	1	2	4
OG0023235	1	2	1	4
OG0023236	1	1	2	4
OG0023237	1	2	1	4
OG0023238	2	2	0	4
OG0023239	1	2	1	4
OG0023240	2	2	0	4
OG0023241	2	1	1	4
OG0023242	2	0	2	4
OG0023243	1	2	1	4
OG0023244	1	2	1	4
OG0023245	1	1	2	4
OG0023246	1	1	2	4
OG0023247	2	2	0	4
OG0023248	2	1	1	4
OG0023249	2	1	1	4
OG0023250	2	0	2	4
OG0023251	2	0	2	4
OG0023252	1	1	2	4
OG0023253	2	0	2	4
OG0023254	2	0	2	4
OG0023255	1	1	2	4
OG0023256	1	2	1	4
OG0023257	2	0	2	4
OG0023258	1	1	2	4
OG0023259	2	2	0	4
OG0023260	1	1	2	4
OG0023261	1	2	1	4
OG0023262	2	2	0	4
OG0023263	2	0	2	4
OG0023264	1	1	2	4
OG0023265	1	2	1	4
OG0023266	1	2	1	4
OG0023267	2	2	0	4
OG0023268	1	1	2	4
OG0023269	1	1	2	4
OG0023270	2	1	1	4
OG0023271	2	1	1	4
OG0023272	1	1	2	4
OG0023273	1	2	1	4
OG0023274	2	1	1	4
OG0023275	1	3	0	4
OG0023276	2	1	1	4
OG0023277	1	2	1	4
OG0023278	1	1	2	4
OG0023279	1	1	2	4
OG0023280	1	1	2	4
OG0023281	1	2	1	4
OG0023282	1	1	2	4
OG0023283	1	1	2	4
OG0023284	1	1	2	4
OG0023285	1	1	2	4
OG0023286	2	1	1	4
OG0023287	1	2	1	4
OG0023288	1	2	1	4
OG0023289	1	2	1	4
OG0023290	1	1	2	4
OG0023291	1	1	2	4
OG0023292	1	2	1	4
OG0023293	3	0	1	4
OG0023294	1	2	1	4
OG0023295	1	2	1	4
OG0023296	1	1	2	4
OG0023297	1	2	1	4
OG0023298	1	2	1	4
OG0023299	1	0	3	4
OG0023300	1	3	0	4
OG0023301	2	1	1	4
OG0023302	2	1	1	4
OG0023303	2	1	1	4
OG0023304	1	2	1	4
OG0023305	2	1	1	4
OG0023306	1	2	1	4
OG0023307	1	2	1	4
OG0023308	1	1	2	4
OG0023309	1	1	2	4
OG0023310	2	1	1	4
OG0023311	2	1	1	4
OG0023312	1	2	1	4
OG0023313	1	1	2	4
OG0023314	1	1	2	4
OG0023315	3	0	1	4
OG0023316	1	2	1	4
OG0023317	1	1	2	4
OG0023318	1	2	1	4
OG0023319	2	1	1	4
OG0023320	1	2	1	4
OG0023321	1	1	2	4
OG0023322	1	2	1	4
OG0023323	1	1	2	4
OG0023324	1	2	1	4
OG0023325	1	3	0	4
OG0023326	1	2	1	4
OG0023327	1	1	2	4
OG0023328	1	1	2	4
OG0023329	1	1	2	4
OG0023330	1	1	2	4
OG0023331	1	1	2	4
OG0023332	4	0	0	4
OG0023333	3	0	1	4
OG0023334	1	2	1	4
OG0023335	1	2	1	4
OG0023336	1	2	1	4
OG0023337	3	1	0	4
OG0023338	1	2	1	4
OG0023339	1	3	0	4
OG0023340	1	1	2	4
OG0023341	1	2	1	4
OG0023342	2	1	1	4
OG0023343	1	1	2	4
OG0023344	1	2	1	4
OG0023345	1	1	2	4
OG0023346	2	1	1	4
OG0023347	2	0	2	4
OG0023348	1	1	2	4
OG0023349	1	1	2	4
OG0023350	2	1	1	4
OG0023351	3	1	0	4
OG0023352	1	1	2	4
OG0023353	2	2	0	4
OG0023354	1	3	0	4
OG0023355	2	2	0	4
OG0023356	2	1	1	4
OG0023357	1	1	2	4
OG0023358	2	0	2	4
OG0023359	2	1	1	4
OG0023360	2	2	0	4
OG0023361	2	2	0	4
OG0023362	2	0	2	4
OG0023363	2	0	2	4
OG0023364	1	2	1	4
OG0023365	1	1	2	4
OG0023366	1	1	2	4
OG0023367	1	2	1	4
OG0023368	3	1	0	4
OG0023369	2	1	1	4
OG0023370	2	0	2	4
OG0023371	1	1	2	4
OG0023372	1	2	1	4
OG0023373	2	2	0	4
OG0023374	2	1	1	4
OG0023375	2	0	2	4
OG0023376	2	2	0	4
OG0023377	1	1	2	4
OG0023378	1	3	0	4
OG0023379	2	1	1	4
OG0023380	1	1	2	4
OG0023381	1	1	2	4
OG0023382	2	0	2	4
OG0023383	1	1	2	4
OG0023384	2	2	0	4
OG0023385	2	1	1	4
OG0023386	1	1	2	4
OG0023387	1	2	1	4
OG0023388	1	2	1	4
OG0023389	2	0	2	4
OG0023390	1	1	2	4
OG0023391	1	1	2	4
OG0023392	1	1	2	4
OG0023393	2	1	1	4
OG0023394	1	1	2	4
OG0023395	2	0	2	4
OG0023396	1	2	1	4
OG0023397	2	1	1	4
OG0023398	2	2	0	4
OG0023399	1	2	1	4
OG0023400	1	2	1	4
OG0023401	1	2	1	4
OG0023402	1	2	1	4
OG0023403	3	0	1	4
OG0023404	2	1	1	4
OG0023405	1	1	2	4
OG0023406	1	2	1	4
OG0023407	1	1	2	4
OG0023408	2	1	1	4
OG0023409	1	2	1	4
OG0023410	1	2	1	4
OG0023411	1	1	2	4
OG0023412	2	1	1	4
OG0023413	1	2	1	4
OG0023414	2	0	2	4
OG0023415	1	1	2	4
OG0023416	2	1	1	4
OG0023417	2	1	1	4
OG0023418	1	2	1	4
OG0023419	1	2	1	4
OG0023420	2	2	0	4
OG0023421	1	0	3	4
OG0023422	1	3	0	4
OG0023423	1	3	0	4
OG0023424	1	3	0	4
OG0023425	2	1	1	4
OG0023426	2	0	2	4
OG0023427	2	1	1	4
OG0023428	1	2	1	4
OG0023429	2	1	1	4
OG0023430	1	2	1	4
OG0023431	2	1	1	4
OG0023432	1	2	1	4
OG0023433	1	3	0	4
OG0023434	2	0	2	4
OG0023435	1	2	1	4
OG0023436	2	1	1	4
OG0023437	2	2	0	4
OG0023438	2	2	0	4
OG0023439	1	1	2	4
OG0023440	2	2	0	4
OG0023441	2	2	0	4
OG0023442	2	2	0	4
OG0023443	2	2	0	4
OG0023444	1	2	1	4
OG0023445	2	0	2	4
OG0023446	2	2	0	4
OG0023447	2	2	0	4
OG0023448	2	0	2	4
OG0023449	2	2	0	4
OG0023450	2	2	0	4
OG0023451	1	1	2	4
OG0023452	2	1	1	4
OG0023453	2	2	0	4
OG0023454	2	2	0	4
OG0023455	1	1	2	4
OG0023456	2	1	1	4
OG0023457	2	0	2	4
OG0023458	2	1	1	4
OG0023459	1	2	1	4
OG0023460	1	2	1	4
OG0023461	1	0	3	4
OG0023462	2	2	0	4
OG0023463	1	2	1	4
OG0023464	2	1	1	4
OG0023465	2	1	1	4
OG0023466	2	1	1	4
OG0023467	2	0	2	4
OG0023468	2	0	2	4
OG0023469	1	1	2	4
OG0023470	1	1	2	4
OG0023471	1	1	2	4
OG0023472	1	2	1	4
OG0023473	1	1	2	4
OG0023474	1	1	2	4
OG0023475	1	2	1	4
OG0023476	2	2	0	4
OG0023477	1	2	1	4
OG0023478	2	0	2	4
OG0023479	2	2	0	4
OG0023480	2	2	0	4
OG0023481	1	1	2	4
OG0023482	1	1	2	4
OG0023483	1	2	1	4
OG0023484	2	0	2	4
OG0023485	1	2	1	4
OG0023486	2	0	2	4
OG0023487	1	1	2	4
OG0023488	3	1	0	4
OG0023489	1	2	1	4
OG0023490	1	2	1	4
OG0023491	2	2	0	4
OG0023492	1	2	1	4
OG0023493	2	2	0	4
OG0023494	2	0	2	4
OG0023495	1	2	1	4
OG0023496	2	1	1	4
OG0023497	2	2	0	4
OG0023498	1	1	2	4
OG0023499	1	2	1	4
OG0023500	1	1	2	4
OG0023501	1	1	2	4
OG0023502	1	2	1	4
OG0023503	1	1	2	4
OG0023504	2	2	0	4
OG0023505	2	1	1	4
OG0023506	1	0	3	4
OG0023507	1	0	3	4
OG0023508	2	1	1	4
OG0023509	2	1	1	4
OG0023510	1	1	2	4
OG0023511	2	0	2	4
OG0023512	1	2	1	4
OG0023513	1	1	2	4
OG0023514	1	2	1	4
OG0023515	1	2	1	4
OG0023516	1	2	1	4
OG0023517	1	2	1	4
OG0023518	2	1	1	4
OG0023519	1	1	2	4
OG0023520	1	2	1	4
OG0023521	1	2	1	4
OG0023522	1	2	1	4
OG0023523	2	1	1	4
OG0023524	1	1	2	4
OG0023525	2	2	0	4
OG0023526	1	1	2	4
OG0023527	2	1	1	4
OG0023528	2	2	0	4
OG0023529	1	1	2	4
OG0023530	1	2	1	4
OG0023531	1	2	1	4
OG0023532	1	1	2	4
OG0023533	1	2	1	4
OG0023534	2	1	1	4
OG0023535	2	0	2	4
OG0023536	2	1	1	4
OG0023537	1	1	2	4
OG0023538	2	0	2	4
OG0023539	2	0	2	4
OG0023540	2	1	1	4
OG0023541	2	0	2	4
OG0023542	2	0	2	4
OG0023543	2	0	2	4
OG0023544	3	1	0	4
OG0023545	2	2	0	4
OG0023546	1	2	1	4
OG0023547	2	0	2	4
OG0023548	1	1	2	4
OG0023549	1	1	2	4
OG0023550	1	2	1	4
OG0023551	1	2	1	4
OG0023552	1	1	2	4
OG0023553	1	1	2	4
OG0023554	2	2	0	4
OG0023555	1	1	2	4
OG0023556	2	2	0	4
OG0023557	2	2	0	4
OG0023558	1	2	1	4
OG0023559	1	1	2	4
OG0023560	2	1	1	4
OG0023561	2	2	0	4
OG0023562	2	0	2	4
OG0023563	1	2	1	4
OG0023564	1	1	2	4
OG0023565	1	2	1	4
OG0023566	1	2	1	4
OG0023567	1	1	2	4
OG0023568	2	2	0	4
OG0023569	1	2	1	4
OG0023570	2	0	2	4
OG0023571	2	1	1	4
OG0023572	2	0	2	4
OG0023573	2	0	2	4
OG0023574	1	2	1	4
OG0023575	1	1	2	4
OG0023576	2	2	0	4
OG0023577	1	1	2	4
OG0023578	1	2	1	4
OG0023579	1	2	1	4
OG0023580	3	1	0	4
OG0023581	2	2	0	4
OG0023582	1	1	2	4
OG0023583	2	0	2	4
OG0023584	1	1	2	4
OG0023585	2	2	0	4
OG0023586	1	1	2	4
OG0023587	3	0	1	4
OG0023588	1	1	2	4
OG0023589	2	1	1	4
OG0023590	1	2	1	4
OG0023591	2	2	0	4
OG0023592	2	2	0	4
OG0023593	2	0	2	4
OG0023594	2	1	1	4
OG0023595	3	1	0	4
OG0023596	2	1	1	4
OG0023597	2	1	1	4
OG0023598	3	0	1	4
OG0023599	2	1	1	4
OG0023600	2	1	1	4
OG0023601	2	0	2	4
OG0023602	1	3	0	4
OG0023603	1	2	1	4
OG0023604	2	2	0	4
OG0023605	1	2	1	4
OG0023606	2	1	1	4
OG0023607	1	2	1	4
OG0023608	1	2	1	4
OG0023609	1	1	2	4
OG0023610	2	1	1	4
OG0023611	2	1	1	4
OG0023612	2	2	0	4
OG0023613	1	3	0	4
OG0023614	1	2	1	4
OG0023615	3	1	0	4
OG0023616	2	0	2	4
OG0023617	2	0	2	4
OG0023618	1	2	1	4
OG0023619	2	2	0	4
OG0023620	1	1	2	4
OG0023621	1	1	2	4
OG0023622	1	1	2	4
OG0023623	1	2	1	4
OG0023624	1	1	2	4
OG0023625	1	1	2	4
OG0023626	2	1	1	4
OG0023627	1	1	2	4
OG0023628	2	1	1	4
OG0023629	1	1	2	4
OG0023630	2	1	1	4
OG0023631	2	2	0	4
OG0023632	2	2	0	4
OG0023633	1	1	2	4
OG0023634	1	3	0	4
OG0023635	2	1	1	4
OG0023636	1	1	2	4
OG0023637	2	0	2	4
OG0023638	1	1	2	4
OG0023639	1	1	2	4
OG0023640	1	2	1	4
OG0023641	2	2	0	4
OG0023642	3	1	0	4
OG0023643	3	1	0	4
OG0023644	2	0	2	4
OG0023645	1	2	1	4
OG0023646	2	0	2	4
OG0023647	1	2	1	4
OG0023648	2	0	2	4
OG0023649	2	2	0	4
OG0023650	1	1	2	4
OG0023651	2	1	1	4
OG0023652	1	1	2	4
OG0023653	1	2	1	4
OG0023654	2	1	1	4
OG0023655	1	1	2	4
OG0023656	3	1	0	4
OG0023657	2	2	0	4
OG0023658	1	2	1	4
OG0023659	1	0	3	4
OG0023660	1	2	1	4
OG0023661	1	2	1	4
OG0023662	2	2	0	4
OG0023663	2	1	1	4
OG0023664	1	1	2	4
OG0023665	1	1	2	4
OG0023666	1	2	1	4
OG0023667	2	0	2	4
OG0023668	2	2	0	4
OG0023669	2	1	1	4
OG0023670	1	1	2	4
OG0023671	1	1	2	4
OG0023672	1	1	2	4
OG0023673	1	2	1	4
OG0023674	1	2	1	4
OG0023675	2	1	1	4
OG0023676	1	0	3	4
OG0023677	2	0	2	4
OG0023678	1	0	3	4
OG0023679	1	1	2	4
OG0023680	2	1	1	4
OG0023681	1	2	1	4
OG0023682	1	2	1	4
OG0023683	2	1	1	4
OG0023684	2	1	1	4
OG0023685	1	2	1	4
OG0023686	1	1	2	4
OG0023687	1	2	1	4
OG0023688	1	0	3	4
OG0023689	1	0	3	4
OG0023690	2	1	1	4
OG0023691	2	1	1	4
OG0023692	1	1	2	4
OG0023693	1	2	1	4
OG0023694	1	1	2	4
OG0023695	2	0	2	4
OG0023696	2	1	1	4
OG0023697	2	2	0	4
OG0023698	1	1	2	4
OG0023699	2	1	1	4
OG0023700	1	2	1	4
OG0023701	2	0	2	4
OG0023702	2	2	0	4
OG0023703	2	2	0	4
OG0023704	3	1	0	4
OG0023705	1	2	1	4
OG0023706	1	1	2	4
OG0023707	1	2	1	4
OG0023708	1	2	1	4
OG0023709	2	2	0	4
OG0023710	1	1	2	4
OG0023711	1	1	2	4
OG0023712	1	1	2	4
OG0023713	1	1	2	4
OG0023714	1	1	2	4
OG0023715	1	2	1	4
OG0023716	1	2	1	4
OG0023717	1	1	2	4
OG0023718	1	1	2	4
OG0023719	2	2	0	4
OG0023720	2	0	2	4
OG0023721	3	0	1	4
OG0023722	1	2	1	4
OG0023723	2	1	1	4
OG0023724	2	1	1	4
OG0023725	1	2	1	4
OG0023726	1	2	1	4
OG0023727	2	0	2	4
OG0023728	2	1	1	4
OG0023729	1	2	1	4
OG0023730	2	0	2	4
OG0023731	2	0	2	4
OG0023732	2	1	1	4
OG0023733	2	1	1	4
OG0023734	2	2	0	4
OG0023735	1	2	1	4
OG0023736	1	0	3	4
OG0023737	2	1	1	4
OG0023738	1	2	1	4
OG0023739	2	0	2	4
OG0023740	1	1	2	4
OG0023741	2	0	2	4
OG0023742	1	1	2	4
OG0023743	2	2	0	4
OG0023744	1	1	2	4
OG0023745	2	2	0	4
OG0023746	1	1	2	4
OG0023747	2	2	0	4
OG0023748	2	1	1	4
OG0023749	1	2	1	4
OG0023750	2	1	1	4
OG0023751	2	1	1	4
OG0023752	1	1	2	4
OG0023753	2	1	1	4
OG0023754	3	0	1	4
OG0023755	2	1	1	4
OG0023756	1	2	1	4
OG0023757	1	0	3	4
OG0023758	1	2	1	4
OG0023759	2	0	2	4
OG0023760	2	1	1	4
OG0023761	1	3	0	4
OG0023762	2	2	0	4
OG0023763	2	2	0	4
OG0023764	1	1	2	4
OG0023765	2	1	1	4
OG0023766	1	1	2	4
OG0023767	1	1	2	4
OG0023768	3	1	0	4
OG0023769	1	1	2	4
OG0023770	2	0	2	4
OG0023771	2	1	1	4
OG0023772	1	2	1	4
OG0023773	3	1	0	4
OG0023774	2	0	2	4
OG0023775	2	1	1	4
OG0023776	1	2	1	4
OG0023777	2	2	0	4
OG0023778	1	2	1	4
OG0023779	1	1	2	4
OG0023780	1	1	2	4
OG0023781	1	1	2	4
OG0023782	1	1	2	4
OG0023783	1	3	0	4
OG0023784	1	2	1	4
OG0023785	1	2	1	4
OG0023786	1	1	2	4
OG0023787	1	1	2	4
OG0023788	1	3	0	4
OG0023789	2	2	0	4
OG0023790	2	2	0	4
OG0023791	2	1	1	4
OG0023792	1	1	2	4
OG0023793	4	0	0	4
OG0023794	2	0	2	4
OG0023795	1	2	1	4
OG0023796	1	0	3	4
OG0023797	1	1	2	4
OG0023798	2	0	2	4
OG0023799	1	1	2	4
OG0023800	2	0	2	4
OG0023801	2	2	0	4
OG0023802	1	1	2	4
OG0023803	2	2	0	4
OG0023804	2	2	0	4
OG0023805	3	0	1	4
OG0023806	2	1	1	4
OG0023807	2	2	0	4
OG0023808	2	1	1	4
OG0023809	1	1	2	4
OG0023810	1	1	2	4
OG0023811	1	1	2	4
OG0023812	1	3	0	4
OG0023813	1	2	1	4
OG0023814	3	1	0	4
OG0023815	1	2	1	4
OG0023816	2	2	0	4
OG0023817	2	0	2	4
OG0023818	1	2	1	4
OG0023819	1	2	1	4
OG0023820	1	3	0	4
OG0023821	1	1	2	4
OG0023822	2	2	0	4
OG0023823	1	3	0	4
OG0023824	2	1	1	4
OG0023825	2	2	0	4
OG0023826	2	0	2	4
OG0023827	1	1	2	4
OG0023828	1	2	1	4
OG0023829	1	1	2	4
OG0023830	2	0	2	4
OG0023831	1	1	2	4
OG0023832	3	1	0	4
OG0023833	1	2	1	4
OG0023834	2	2	0	4
OG0023835	2	2	0	4
OG0023836	2	2	0	4
OG0023837	1	2	1	4
OG0023838	1	1	2	4
OG0023839	2	1	1	4
OG0023840	1	2	1	4
OG0023841	1	1	2	4
OG0023842	1	1	2	4
OG0023843	1	2	1	4
OG0023844	1	1	2	4
OG0023845	2	0	2	4
OG0023846	1	1	2	4
OG0023847	2	0	2	4
OG0023848	2	1	1	4
OG0023849	2	0	2	4
OG0023850	1	2	1	4
OG0023851	1	1	2	4
OG0023852	1	0	3	4
OG0023853	1	2	1	4
OG0023854	2	0	2	4
OG0023855	1	2	1	4
OG0023856	3	0	1	4
OG0023857	1	2	1	4
OG0023858	3	0	1	4
OG0023859	2	2	0	4
OG0023860	2	1	1	4
OG0023861	1	2	1	4
OG0023862	2	1	1	4
OG0023863	1	2	1	4
OG0023864	2	1	1	4
OG0023865	1	1	2	4
OG0023866	3	1	0	4
OG0023867	1	3	0	4
OG0023868	1	2	1	4
OG0023869	1	2	1	4
OG0023870	1	1	2	4
OG0023871	2	2	0	4
OG0023872	3	0	1	4
OG0023873	1	1	2	4
OG0023874	2	1	1	4
OG0023875	1	1	2	4
OG0023876	1	1	2	4
OG0023877	1	1	2	4
OG0023878	1	2	1	4
OG0023879	3	1	0	4
OG0023880	3	1	0	4
OG0023881	2	1	1	4
OG0023882	1	1	2	4
OG0023883	1	1	2	4
OG0023884	2	2	0	4
OG0023885	1	2	1	4
OG0023886	1	2	1	4
OG0023887	2	2	0	4
OG0023888	2	1	1	4
OG0023889	3	0	1	4
OG0023890	1	1	2	4
OG0023891	1	1	2	4
OG0023892	2	1	1	4
OG0023893	1	1	2	4
OG0023894	1	1	2	4
OG0023895	1	1	2	4
OG0023896	1	1	2	4
OG0023897	1	1	2	4
OG0023898	2	1	1	4
OG0023899	1	1	2	4
OG0023900	2	0	2	4
OG0023901	1	2	1	4
OG0023902	2	2	0	4
OG0023903	1	1	2	4
OG0023904	1	2	1	4
OG0023905	1	2	1	4
OG0023906	1	2	1	4
OG0023907	1	1	2	4
OG0023908	1	0	3	4
OG0023909	1	1	2	4
OG0023910	1	2	1	4
OG0023911	2	1	1	4
OG0023912	1	2	1	4
OG0023913	1	2	1	4
OG0023914	1	1	2	4
OG0023915	2	1	1	4
OG0023916	1	2	1	4
OG0023917	2	1	1	4
OG0023918	1	3	0	4
OG0023919	1	1	2	4
OG0023920	2	1	1	4
OG0023921	1	1	2	4
OG0023922	2	1	1	4
OG0023923	2	1	1	4
OG0023924	3	1	0	4
OG0023925	2	1	1	4
OG0023926	2	2	0	4
OG0023927	1	2	1	4
OG0023928	2	1	1	4
OG0023929	3	0	1	4
OG0023930	1	2	1	4
OG0023931	1	0	3	4
OG0023932	1	2	1	4
OG0023933	2	1	1	4
OG0023934	1	2	1	4
OG0023935	1	2	1	4
OG0023936	2	1	1	4
OG0023937	1	1	2	4
OG0023938	1	1	2	4
OG0023939	1	3	0	4
OG0023940	1	1	2	4
OG0023941	1	2	1	4
OG0023942	1	2	1	4
OG0023943	1	2	1	4
OG0023944	1	2	1	4
OG0023945	1	2	1	4
OG0023946	1	1	2	4
OG0023947	1	1	2	4
OG0023948	3	1	0	4
OG0023949	1	1	2	4
OG0023950	2	1	1	4
OG0023951	1	2	1	4
OG0023952	1	2	1	4
OG0023953	1	1	2	4
OG0023954	1	2	1	4
OG0023955	1	2	1	4
OG0023956	2	2	0	4
OG0023957	1	1	2	4
OG0023958	2	1	1	4
OG0023959	1	1	2	4
OG0023960	2	2	0	4
OG0023961	2	0	2	4
OG0023962	1	1	2	4
OG0023963	1	1	2	4
OG0023964	1	1	2	4
OG0023965	2	0	2	4
OG0023966	2	0	2	4
OG0023967	1	3	0	4
OG0023968	2	0	2	4
OG0023969	2	1	1	4
OG0023970	1	2	1	4
OG0023971	3	0	1	4
OG0023972	3	1	0	4
OG0023973	2	2	0	4
OG0023974	2	2	0	4
OG0023975	1	3	0	4
OG0023976	2	2	0	4
OG0023977	1	2	1	4
OG0023978	1	2	1	4
OG0023979	2	0	2	4
OG0023980	1	2	1	4
OG0023981	1	2	1	4
OG0023982	1	1	2	4
OG0023983	1	1	2	4
OG0023984	2	0	2	4
OG0023985	2	0	2	4
OG0023986	1	1	2	4
OG0023987	1	1	2	4
OG0023988	2	0	2	4
OG0023989	2	0	2	4
OG0023990	1	1	2	4
OG0023991	1	1	2	4
OG0023992	1	2	1	4
OG0023993	1	2	1	4
OG0023994	1	2	1	4
OG0023995	2	2	0	4
OG0023996	2	1	1	4
OG0023997	2	0	2	4
OG0023998	2	1	1	4
OG0023999	2	1	1	4
OG0024000	2	1	1	4
OG0024001	3	1	0	4
OG0024002	2	1	1	4
OG0024003	1	3	0	4
OG0024004	1	1	2	4
OG0024005	1	1	2	4
OG0024006	2	1	1	4
OG0024007	2	2	0	4
OG0024008	3	0	1	4
OG0024009	2	2	0	4
OG0024010	1	2	1	4
OG0024011	1	1	2	4
OG0024012	2	2	0	4
OG0024013	2	1	1	4
OG0024014	2	0	2	4
OG0024015	2	1	1	4
OG0024016	1	1	2	4
OG0024017	1	2	1	4
OG0024018	2	1	1	4
OG0024019	1	1	2	4
OG0024020	1	1	2	4
OG0024021	2	2	0	4
OG0024022	1	1	2	4
OG0024023	2	1	1	4
OG0024024	2	1	1	4
OG0024025	2	1	1	4
OG0024026	1	2	1	4
OG0024027	2	1	1	4
OG0024028	3	0	1	4
OG0024029	1	1	2	4
OG0024030	1	1	2	4
OG0024031	1	3	0	4
OG0024032	1	1	2	4
OG0024033	2	2	0	4
OG0024034	1	2	1	4
OG0024035	1	2	1	4
OG0024036	1	2	1	4
OG0024037	2	2	0	4
OG0024038	2	1	1	4
OG0024039	2	1	1	4
OG0024040	2	0	2	4
OG0024041	1	2	1	4
OG0024042	1	2	1	4
OG0024043	2	1	1	4
OG0024044	2	0	2	4
OG0024045	2	0	2	4
OG0024046	1	2	1	4
OG0024047	2	1	1	4
OG0024048	2	1	1	4
OG0024049	1	1	2	4
OG0024050	2	2	0	4
OG0024051	1	1	2	4
OG0024052	1	2	1	4
OG0024053	2	0	2	4
OG0024054	2	2	0	4
OG0024055	2	2	0	4
OG0024056	2	0	2	4
OG0024057	2	1	1	4
OG0024058	2	0	2	4
OG0024059	2	0	2	4
OG0024060	1	2	1	4
OG0024061	1	1	2	4
OG0024062	1	2	1	4
OG0024063	2	0	2	4
OG0024064	1	1	2	4
OG0024065	2	0	2	4
OG0024066	2	0	2	4
OG0024067	1	1	2	4
OG0024068	1	2	1	4
OG0024069	1	1	2	4
OG0024070	2	0	2	4
OG0024071	2	2	0	4
OG0024072	1	1	2	4
OG0024073	2	0	2	4
OG0024074	1	2	1	4
OG0024075	2	1	1	4
OG0024076	1	2	1	4
OG0024077	3	0	1	4
OG0024078	2	0	2	4
OG0024079	2	0	2	4
OG0024080	2	0	2	4
OG0024081	1	2	1	4
OG0024082	2	0	2	4
OG0024083	2	2	0	4
OG0024084	1	1	2	4
OG0024085	2	1	1	4
OG0024086	2	0	2	4
OG0024087	1	1	2	4
OG0024088	3	0	1	4
OG0024089	2	1	1	4
OG0024090	1	1	2	4
OG0024091	2	2	0	4
OG0024092	1	1	2	4
OG0024093	1	1	2	4
OG0024094	3	0	1	4
OG0024095	2	1	1	4
OG0024096	1	2	1	4
OG0024097	2	0	2	4
OG0024098	3	1	0	4
OG0024099	1	1	2	4
OG0024100	2	2	0	4
OG0024101	1	1	2	4
OG0024102	1	0	3	4
OG0024103	1	1	2	4
OG0024104	1	1	2	4
OG0024105	2	2	0	4
OG0024106	2	1	1	4
OG0024107	2	2	0	4
OG0024108	3	1	0	4
OG0024109	2	1	1	4
OG0024110	1	2	1	4
OG0024111	1	1	2	4
OG0024112	1	3	0	4
OG0024113	2	1	1	4
OG0024114	2	2	0	4
OG0024115	1	1	2	4
OG0024116	2	2	0	4
OG0024117	1	2	1	4
OG0024118	2	1	1	4
OG0024119	1	2	1	4
OG0024120	1	1	2	4
OG0024121	2	1	1	4
OG0024122	1	2	1	4
OG0024123	2	2	0	4
OG0024124	2	1	1	4
OG0024125	1	1	2	4
OG0024126	1	2	1	4
OG0024127	2	2	0	4
OG0024128	2	0	2	4
OG0024129	2	0	2	4
OG0024130	1	2	1	4
OG0024131	2	0	2	4
OG0024132	2	0	2	4
OG0024133	1	3	0	4
OG0024134	1	1	2	4
OG0024135	1	3	0	4
OG0024136	2	0	2	4
OG0024137	2	0	2	4
OG0024138	1	1	2	4
OG0024139	2	1	1	4
OG0024140	1	1	2	4
OG0024141	1	1	2	4
OG0024142	1	1	2	4
OG0024143	2	0	2	4
OG0024144	2	1	1	4
OG0024145	1	1	2	4
OG0024146	2	0	2	4
OG0024147	1	3	0	4
OG0024148	2	1	1	4
OG0024149	1	2	1	4
OG0024150	2	1	1	4
OG0024151	1	1	2	4
OG0024152	1	2	1	4
OG0024153	1	2	1	4
OG0024154	2	1	1	4
OG0024155	1	1	2	4
OG0024156	1	2	1	4
OG0024157	2	2	0	4
OG0024158	1	2	1	4
OG0024159	1	1	2	4
OG0024160	1	2	1	4
OG0024161	2	2	0	4
OG0024162	2	2	0	4
OG0024163	1	3	0	4
OG0024164	1	1	2	4
OG0024165	1	1	2	4
OG0024166	1	2	1	4
OG0024167	2	2	0	4
OG0024168	2	2	0	4
OG0024169	2	2	0	4
OG0024170	2	1	1	4
OG0024171	1	3	0	4
OG0024172	1	1	2	4
OG0024173	1	2	1	4
OG0024174	2	2	0	4
OG0024175	1	3	0	4
OG0024176	2	1	1	4
OG0024177	1	1	2	4
OG0024178	2	2	0	4
OG0024179	1	2	1	4
OG0024180	1	1	2	4
OG0024181	2	0	2	4
OG0024182	2	1	1	4
OG0024183	1	2	1	4
OG0024184	1	2	1	4
OG0024185	1	1	2	4
OG0024186	3	1	0	4
OG0024187	3	0	1	4
OG0024188	1	2	1	4
OG0024189	1	2	1	4
OG0024190	2	1	1	4
OG0024191	2	0	2	4
OG0024192	1	2	1	4
OG0024193	2	1	1	4
OG0024194	2	0	2	4
OG0024195	1	2	1	4
OG0024196	2	0	2	4
OG0024197	1	1	2	4
OG0024198	1	1	2	4
OG0024199	1	2	1	4
OG0024200	1	2	1	4
OG0024201	2	0	2	4
OG0024202	3	1	0	4
OG0024203	2	2	0	4
OG0024204	1	2	1	4
OG0024205	2	0	2	4
OG0024206	1	2	1	4
OG0024207	1	2	1	4
OG0024208	1	2	1	4
OG0024209	2	1	1	4
OG0024210	1	1	2	4
OG0024211	2	0	2	4
OG0024212	2	2	0	4
OG0024213	2	1	1	4
OG0024214	2	2	0	4
OG0024215	2	0	2	4
OG0024216	2	0	2	4
OG0024217	2	2	0	4
OG0024218	1	2	1	4
OG0024219	3	1	0	4
OG0024220	1	2	1	4
OG0024221	2	1	1	4
OG0024222	3	1	0	4
OG0024223	2	0	2	4
OG0024224	1	2	1	4
OG0024225	2	1	1	4
OG0024226	2	1	1	4
OG0024227	2	1	1	4
OG0024228	1	2	1	4
OG0024229	1	2	1	4
OG0024230	1	2	1	4
OG0024231	3	0	1	4
OG0024232	2	2	0	4
OG0024233	2	2	0	4
OG0024234	2	2	0	4
OG0024235	3	1	0	4
OG0024236	2	2	0	4
OG0024237	1	2	1	4
OG0024238	1	2	1	4
OG0024239	1	2	1	4
OG0024240	1	3	0	4
OG0024241	2	0	2	4
OG0024242	2	1	1	4
OG0024243	1	2	1	4
OG0024244	2	1	1	4
OG0024245	1	2	1	4
OG0024246	2	2	0	4
OG0024247	1	1	2	4
OG0024248	1	2	1	4
OG0024249	1	2	1	4
OG0024250	2	1	1	4
OG0024251	1	2	1	4
OG0024252	1	0	3	4
OG0024253	2	1	1	4
OG0024254	1	2	1	4
OG0024255	2	1	1	4
OG0024256	2	0	2	4
OG0024257	1	1	2	4
OG0024258	1	2	1	4
OG0024259	1	1	2	4
OG0024260	1	2	1	4
OG0024261	2	2	0	4
OG0024262	1	3	0	4
OG0024263	1	1	2	4
OG0024264	3	0	1	4
OG0024265	1	2	1	4
OG0024266	2	0	2	4
OG0024267	2	2	0	4
OG0024268	1	1	2	4
OG0024269	1	3	0	4
OG0024270	2	1	1	4
OG0024271	1	2	1	4
OG0024272	1	0	3	4
OG0024273	3	0	1	4
OG0024274	2	2	0	4
OG0024275	1	2	1	4
OG0024276	2	0	2	4
OG0024277	1	1	2	4
OG0024278	1	1	2	4
OG0024279	2	1	1	4
OG0024280	2	2	0	4
OG0024281	2	1	1	4
OG0024282	3	0	1	4
OG0024283	1	2	1	4
OG0024284	2	1	1	4
OG0024285	1	2	1	4
OG0024286	2	0	2	4
OG0024287	2	2	0	4
OG0024288	1	2	1	4
OG0024289	2	1	1	4
OG0024290	1	2	1	4
OG0024291	2	0	2	4
OG0024292	1	1	2	4
OG0024293	2	2	0	4
OG0024294	2	1	1	4
OG0024295	2	1	1	4
OG0024296	1	2	1	4
OG0024297	1	2	1	4
OG0024298	2	1	1	4
OG0024299	2	1	1	4
OG0024300	2	1	1	4
OG0024301	1	1	2	4
OG0024302	1	1	2	4
OG0024303	2	1	1	4
OG0024304	2	1	1	4
OG0024305	1	2	1	4
OG0024306	2	2	0	4
OG0024307	1	2	1	4
OG0024308	1	1	2	4
OG0024309	1	2	1	4
OG0024310	1	1	2	4
OG0024311	2	0	2	4
OG0024312	1	1	2	4
OG0024313	1	1	2	4
OG0024314	1	2	1	4
OG0024315	1	2	1	4
OG0024316	1	2	1	4
OG0024317	1	1	2	4
OG0024318	1	1	2	4
OG0024319	3	1	0	4
OG0024320	1	1	2	4
OG0024321	1	3	0	4
OG0024322	1	2	1	4
OG0024323	2	1	1	4
OG0024324	3	1	0	4
OG0024325	3	1	0	4
OG0024326	2	1	1	4
OG0024327	1	1	2	4
OG0024328	1	3	0	4
OG0024329	1	2	1	4
OG0024330	2	1	1	4
OG0024331	1	2	1	4
OG0024332	2	1	1	4
OG0024333	1	2	1	4
OG0024334	1	1	2	4
OG0024335	2	1	1	4
OG0024336	1	2	1	4
OG0024337	1	1	2	4
OG0024338	1	2	1	4
OG0024339	1	2	1	4
OG0024340	1	1	2	4
OG0024341	1	1	2	4
OG0024342	1	1	2	4
OG0024343	1	2	1	4
OG0024344	1	2	1	4
OG0024345	1	2	1	4
OG0024346	1	2	1	4
OG0024347	3	0	1	4
OG0024348	2	1	1	4
OG0024349	2	1	1	4
OG0024350	2	1	1	4
OG0024351	1	2	1	4
OG0024352	1	1	2	4
OG0024353	2	1	1	4
OG0024354	2	2	0	4
OG0024355	1	1	2	4
OG0024356	1	2	1	4
OG0024357	1	2	1	4
OG0024358	1	1	2	4
OG0024359	1	3	0	4
OG0024360	2	1	1	4
OG0024361	1	2	1	4
OG0024362	2	0	2	4
OG0024363	2	2	0	4
OG0024364	2	1	1	4
OG0024365	2	1	1	4
OG0024366	2	1	1	4
OG0024367	3	1	0	4
OG0024368	1	1	2	4
OG0024369	2	2	0	4
OG0024370	3	1	0	4
OG0024371	1	1	2	4
OG0024372	1	2	1	4
OG0024373	1	2	1	4
OG0024374	1	2	1	4
OG0024375	1	2	1	4
OG0024376	2	1	1	4
OG0024377	1	2	1	4
OG0024378	1	1	2	4
OG0024379	1	1	2	4
OG0024380	3	1	0	4
OG0024381	1	2	1	4
OG0024382	2	1	1	4
OG0024383	1	1	2	4
OG0024384	1	2	1	4
OG0024385	1	0	3	4
OG0024386	1	2	1	4
OG0024387	1	2	1	4
OG0024388	1	1	2	4
OG0024389	1	2	1	4
OG0024390	1	2	1	4
OG0024391	2	0	2	4
OG0024392	1	1	2	4
OG0024393	2	1	1	4
OG0024394	1	2	1	4
OG0024395	2	1	1	4
OG0024396	1	1	2	4
OG0024397	1	2	1	4
OG0024398	3	1	0	4
OG0024399	1	2	1	4
OG0024400	2	1	1	4
OG0024401	1	2	1	4
OG0024402	2	2	0	4
OG0024403	1	1	2	4
OG0024404	1	2	1	4
OG0024405	2	2	0	4
OG0024406	1	2	1	4
OG0024407	1	1	2	4
OG0024408	1	2	1	4
OG0024409	2	2	0	4
OG0024410	1	2	1	4
OG0024411	1	1	2	4
OG0024412	1	2	1	4
OG0024413	2	1	1	4
OG0024414	1	2	1	4
OG0024415	1	1	2	4
OG0024416	3	1	0	4
OG0024417	3	1	0	4
OG0024418	1	1	2	4
OG0024419	1	1	2	4
OG0024420	2	1	1	4
OG0024421	1	1	2	4
OG0024422	2	0	2	4
OG0024423	1	2	1	4
OG0024424	3	1	0	4
OG0024425	2	1	1	4
OG0024426	1	1	2	4
OG0024427	1	2	1	4
OG0024428	1	1	2	4
OG0024429	1	3	0	4
OG0024430	2	1	1	4
OG0024431	1	1	2	4
OG0024432	1	1	2	4
OG0024433	2	2	0	4
OG0024434	2	2	0	4
OG0024435	2	1	1	4
OG0024436	1	1	2	4
OG0024437	1	2	1	4
OG0024438	1	1	2	4
OG0024439	1	2	1	4
OG0024440	1	1	2	4
OG0024441	1	1	2	4
OG0024442	1	1	2	4
OG0024443	2	1	1	4
OG0024444	1	2	1	4
OG0024445	1	1	2	4
OG0024446	1	1	2	4
OG0024447	2	1	1	4
OG0024448	2	1	1	4
OG0024449	2	1	1	4
OG0024450	1	2	1	4
OG0024451	1	1	2	4
OG0024452	1	2	1	4
OG0024453	1	1	2	4
OG0024454	2	1	1	4
OG0024455	1	2	1	4
OG0024456	1	1	2	4
OG0024457	1	1	2	4
OG0024458	2	1	1	4
OG0024459	1	1	2	4
OG0024460	1	1	2	4
OG0024461	1	2	1	4
OG0024462	2	1	1	4
OG0024463	1	1	2	4
OG0024464	1	2	1	4
OG0024465	1	1	2	4
OG0024466	2	1	1	4
OG0024467	1	2	1	4
OG0024468	1	1	2	4
OG0024469	2	2	0	4
OG0024470	1	2	1	4
OG0024471	2	1	1	4
OG0024472	2	1	1	4
OG0024473	1	1	2	4
OG0024474	1	1	2	4
OG0024475	1	2	1	4
OG0024476	1	2	1	4
OG0024477	3	1	0	4
OG0024478	1	2	1	4
OG0024479	1	2	1	4
OG0024480	1	1	2	4
OG0024481	1	1	2	4
OG0024482	2	1	1	4
OG0024483	2	1	1	4
OG0024484	1	2	1	4
OG0024485	1	1	2	4
OG0024486	3	0	1	4
OG0024487	1	2	1	4
OG0024488	1	2	1	4
OG0024489	1	2	1	4
OG0024490	1	1	2	4
OG0024491	2	1	1	4
OG0024492	1	1	2	4
OG0024493	1	2	1	4
OG0024494	1	2	1	4
OG0024495	3	1	0	4
OG0024496	1	1	2	4
OG0024497	1	1	2	4
OG0024498	1	3	0	4
OG0024499	1	2	1	4
OG0024500	1	1	2	4
OG0024501	2	1	1	4
OG0024502	1	1	2	4
OG0024503	1	1	2	4
OG0024504	3	0	1	4
OG0024505	3	1	0	4
OG0024506	2	1	1	4
OG0024507	1	2	1	4
OG0024508	1	2	1	4
OG0024509	1	1	2	4
OG0024510	1	1	2	4
OG0024511	1	0	3	4
OG0024512	1	2	1	4
OG0024513	1	2	1	4
OG0024514	2	1	1	4
OG0024515	2	1	1	4
OG0024516	1	2	1	4
OG0024517	1	0	3	4
OG0024518	2	1	1	4
OG0024519	2	1	1	4
OG0024520	2	0	2	4
OG0024521	1	2	1	4
OG0024522	1	1	2	4
OG0024523	2	2	0	4
OG0024524	2	0	2	4
OG0024525	1	1	2	4
OG0024526	2	1	1	4
OG0024527	1	1	2	4
OG0024528	1	2	1	4
OG0024529	1	2	1	4
OG0024530	1	1	2	4
OG0024531	1	2	1	4
OG0024532	1	2	1	4
OG0024533	1	2	1	4
OG0024534	2	1	1	4
OG0024535	2	1	1	4
OG0024536	1	1	2	4
OG0024537	1	2	1	4
OG0024538	1	2	1	4
OG0024539	1	1	2	4
OG0024540	1	1	2	4
OG0024541	2	1	1	4
OG0024542	1	2	1	4
OG0024543	1	2	1	4
OG0024544	1	2	1	4
OG0024545	1	2	1	4
OG0024546	1	1	2	4
OG0024547	2	1	1	4
OG0024548	1	1	2	4
OG0024549	1	2	1	4
OG0024550	1	1	2	4
OG0024551	1	1	2	4
OG0024552	2	1	1	4
OG0024553	1	2	1	4
OG0024554	1	3	0	4
OG0024555	2	1	1	4
OG0024556	2	1	1	4
OG0024557	2	1	1	4
OG0024558	2	0	2	4
OG0024559	2	1	1	4
OG0024560	1	1	2	4
OG0024561	1	2	1	4
OG0024562	1	1	2	4
OG0024563	2	1	1	4
OG0024564	2	1	1	4
OG0024565	2	1	1	4
OG0024566	1	2	1	4
OG0024567	1	2	1	4
OG0024568	2	1	1	4
OG0024569	1	2	1	4
OG0024570	1	1	2	4
OG0024571	1	2	1	4
OG0024572	1	0	3	4
OG0024573	1	1	2	4
OG0024574	1	2	1	4
OG0024575	1	2	1	4
OG0024576	1	2	1	4
OG0024577	1	2	1	4
OG0024578	1	1	2	4
OG0024579	2	2	0	4
OG0024580	1	1	2	4
OG0024581	2	1	1	4
OG0024582	2	1	1	4
OG0024583	1	1	2	4
OG0024584	2	1	1	4
OG0024585	1	2	1	4
OG0024586	2	0	2	4
OG0024587	2	1	1	4
OG0024588	2	1	1	4
OG0024589	1	1	2	4
OG0024590	1	2	1	4
OG0024591	3	1	0	4
OG0024592	2	1	1	4
OG0024593	1	1	2	4
OG0024594	2	2	0	4
OG0024595	1	1	2	4
OG0024596	1	2	1	4
OG0024597	1	3	0	4
OG0024598	1	3	0	4
OG0024599	1	2	1	4
OG0024600	3	1	0	4
OG0024601	1	1	2	4
OG0024602	1	2	1	4
OG0024603	1	1	2	4
OG0024604	2	1	1	4
OG0024605	1	1	2	4
OG0024606	1	1	2	4
OG0024607	1	2	1	4
OG0024608	1	1	2	4
OG0024609	1	1	2	4
OG0024610	1	2	1	4
OG0024611	1	1	2	4
OG0024612	1	2	1	4
OG0024613	1	2	1	4
OG0024614	1	1	2	4
OG0024615	3	1	0	4
OG0024616	2	1	1	4
OG0024617	1	1	2	4
OG0024618	1	1	2	4
OG0024619	1	1	2	4
OG0024620	2	1	1	4
OG0024621	1	1	2	4
OG0024622	1	2	1	4
OG0024623	1	1	2	4
OG0024624	1	2	1	4
OG0024625	1	2	1	4
OG0024626	2	1	1	4
OG0024627	1	1	2	4
OG0024628	1	3	0	4
OG0024629	1	2	1	4
OG0024630	1	1	2	4
OG0024631	1	1	2	4
OG0024632	1	1	2	4
OG0024633	2	1	1	4
OG0024634	1	1	2	4
OG0024635	1	1	2	4
OG0024636	1	2	1	4
OG0024637	2	0	2	4
OG0024638	1	2	1	4
OG0024639	1	2	1	4
OG0024640	1	2	1	4
OG0024641	1	1	2	4
OG0024642	1	1	2	4
OG0024643	2	1	1	4
OG0024644	1	2	1	4
OG0024645	2	1	1	4
OG0024646	1	2	1	4
OG0024647	1	1	2	4
OG0024648	2	1	1	4
OG0024649	1	1	2	4
OG0024650	1	2	1	4
OG0024651	1	2	1	4
OG0024652	1	1	2	4
OG0024653	1	1	2	4
OG0024654	1	1	2	4
OG0024655	1	2	1	4
OG0024656	1	1	2	4
OG0024657	1	2	1	4
OG0024658	1	1	2	4
OG0024659	2	1	1	4
OG0024660	2	0	2	4
OG0024661	1	1	2	4
OG0024662	1	2	1	4
OG0024663	1	1	2	4
OG0024664	2	1	1	4
OG0024665	1	1	2	4
OG0024666	3	1	0	4
OG0024667	1	1	2	4
OG0024668	1	1	2	4
OG0024669	1	2	1	4
OG0024670	3	1	0	4
OG0024671	1	1	2	4
OG0024672	3	1	0	4
OG0024673	1	0	3	4
OG0024674	1	1	2	4
OG0024675	2	1	1	4
OG0024676	1	1	2	4
OG0024677	1	1	2	4
OG0024678	1	1	2	4
OG0024679	2	1	1	4
OG0024680	1	2	1	4
OG0024681	1	1	2	4
OG0024682	1	1	2	4
OG0024683	1	3	0	4
OG0024684	1	2	1	4
OG0024685	2	2	0	4
OG0024686	2	2	0	4
OG0024687	1	2	1	4
OG0024688	3	0	1	4
OG0024689	3	1	0	4
OG0024690	1	1	2	4
OG0024691	2	1	1	4
OG0024692	1	1	2	4
OG0024693	2	1	1	4
OG0024694	2	1	1	4
OG0024695	1	2	1	4
OG0024696	1	1	2	4
OG0024697	1	1	2	4
OG0024698	1	1	2	4
OG0024699	1	1	2	4
OG0024700	1	3	0	4
OG0024701	2	2	0	4
OG0024702	1	2	1	4
OG0024703	1	3	0	4
OG0024704	2	1	1	4
OG0024705	1	1	2	4
OG0024706	2	2	0	4
OG0024707	2	1	1	4
OG0024708	2	1	1	4
OG0024709	2	1	1	4
OG0024710	1	2	1	4
OG0024711	1	3	0	4
OG0024712	1	2	1	4
OG0024713	1	1	2	4
OG0024714	2	1	1	4
OG0024715	2	2	0	4
OG0024716	2	1	1	4
OG0024717	2	1	1	4
OG0024718	1	2	1	4
OG0024719	1	2	1	4
OG0024720	2	2	0	4
OG0024721	1	1	2	4
OG0024722	1	2	1	4
OG0024723	1	1	2	4
OG0024724	1	0	3	4
OG0024725	1	1	2	4
OG0024726	1	1	2	4
OG0024727	1	2	1	4
OG0024728	2	2	0	4
OG0024729	1	2	1	4
OG0024730	1	3	0	4
OG0024731	2	1	1	4
OG0024732	1	1	2	4
OG0024733	1	2	1	4
OG0024734	1	2	1	4
OG0024735	2	1	1	4
OG0024736	1	1	2	4
OG0024737	1	1	2	4
OG0024738	2	1	1	4
OG0024739	1	2	1	4
OG0024740	1	1	2	4
OG0024741	1	2	1	4
OG0024742	1	1	2	4
OG0024743	1	1	2	4
OG0024744	2	1	1	4
OG0024745	1	1	2	4
OG0024746	1	1	2	4
OG0024747	2	1	1	4
OG0024748	2	2	0	4
OG0024749	2	1	1	4
OG0024750	1	2	1	4
OG0024751	1	2	1	4
OG0024752	1	2	1	4
OG0024753	1	2	1	4
OG0024754	1	1	2	4
OG0024755	1	2	1	4
OG0024756	1	2	1	4
OG0024757	2	2	0	4
OG0024758	2	1	1	4
OG0024759	1	1	2	4
OG0024760	3	1	0	4
OG0024761	1	1	2	4
OG0024762	1	1	2	4
OG0024763	2	1	1	4
OG0024764	2	1	1	4
OG0024765	1	1	2	4
OG0024766	1	1	2	4
OG0024767	1	1	2	4
OG0024768	1	2	1	4
OG0024769	1	1	2	4
OG0024770	1	1	2	4
OG0024771	1	2	1	4
OG0024772	1	1	2	4
OG0024773	3	1	0	4
OG0024774	1	3	0	4
OG0024775	2	1	1	4
OG0024776	1	1	2	4
OG0024777	1	1	2	4
OG0024778	3	1	0	4
OG0024779	1	1	2	4
OG0024780	2	2	0	4
OG0024781	2	1	1	4
OG0024782	1	2	1	4
OG0024783	2	1	1	4
OG0024784	2	1	1	4
OG0024785	1	1	2	4
OG0024786	1	1	2	4
OG0024787	1	2	1	4
OG0024788	1	2	1	4
OG0024789	1	2	1	4
OG0024790	1	1	2	4
OG0024791	1	1	2	4
OG0024792	1	2	1	4
OG0024793	2	1	1	4
OG0024794	1	3	0	4
OG0024795	1	0	3	4
OG0024796	2	2	0	4
OG0024797	1	1	2	4
OG0024798	1	1	2	4
OG0024799	1	1	2	4
OG0024800	1	1	2	4
OG0024801	1	2	1	4
OG0024802	2	1	1	4
OG0024803	2	0	2	4
OG0024804	2	1	1	4
OG0024805	1	1	2	4
OG0024806	2	1	1	4
OG0024807	1	2	1	4
OG0024808	1	2	1	4
OG0024809	1	1	2	4
OG0024810	3	1	0	4
OG0024811	1	3	0	4
OG0024812	1	1	2	4
OG0024813	1	1	2	4
OG0024814	2	1	1	4
OG0024815	1	2	1	4
OG0024816	2	1	1	4
OG0024817	2	2	0	4
OG0024818	1	2	1	4
OG0024819	2	0	2	4
OG0024820	2	2	0	4
OG0024821	1	0	3	4
OG0024822	1	2	1	4
OG0024823	1	3	0	4
OG0024824	1	1	2	4
OG0024825	1	2	1	4
OG0024826	1	2	1	4
OG0024827	1	2	1	4
OG0024828	1	2	1	4
OG0024829	1	1	2	4
OG0024830	1	2	1	4
OG0024831	1	1	2	4
OG0024832	2	1	1	4
OG0024833	1	1	2	4
OG0024834	1	2	1	4
OG0024835	1	1	2	4
OG0024836	1	2	1	4
OG0024837	1	1	2	4
OG0024838	1	2	1	4
OG0024839	1	1	2	4
OG0024840	1	1	2	4
OG0024841	1	1	2	4
OG0024842	2	0	2	4
OG0024843	2	1	1	4
OG0024844	1	1	2	4
OG0024845	1	2	1	4
OG0024846	2	1	1	4
OG0024847	2	0	2	4
OG0024848	2	1	1	4
OG0024849	2	2	0	4
OG0024850	2	1	1	4
OG0024851	2	1	1	4
OG0024852	1	2	1	4
OG0024853	1	1	2	4
OG0024854	2	1	1	4
OG0024855	1	0	3	4
OG0024856	1	1	2	4
OG0024857	2	1	1	4
OG0024858	2	1	1	4
OG0024859	2	1	1	4
OG0024860	1	1	2	4
OG0024861	2	2	0	4
OG0024862	1	2	1	4
OG0024863	1	2	1	4
OG0024864	2	1	1	4
OG0024865	1	1	2	4
OG0024866	1	1	2	4
OG0024867	2	1	1	4
OG0024868	1	2	1	4
OG0024869	1	3	0	4
OG0024870	1	2	1	4
OG0024871	1	2	1	4
OG0024872	1	1	2	4
OG0024873	1	1	2	4
OG0024874	1	2	1	4
OG0024875	2	1	1	4
OG0024876	1	2	1	4
OG0024877	1	2	1	4
OG0024878	2	2	0	4
OG0024879	1	1	2	4
OG0024880	1	1	2	4
OG0024881	1	2	1	4
OG0024882	1	2	1	4
OG0024883	1	1	2	4
OG0024884	1	3	0	4
OG0024885	2	1	1	4
OG0024886	1	2	1	4
OG0024887	2	1	1	4
OG0024888	1	3	0	4
OG0024889	1	2	1	4
OG0024890	2	1	1	4
OG0024891	1	3	0	4
OG0024892	1	1	2	4
OG0024893	1	2	1	4
OG0024894	2	1	1	4
OG0024895	2	0	2	4
OG0024896	1	1	2	4
OG0024897	1	1	2	4
OG0024898	1	1	2	4
OG0024899	1	2	1	4
OG0024900	1	2	1	4
OG0024901	1	1	2	4
OG0024902	1	1	2	4
OG0024903	2	2	0	4
OG0024904	2	1	1	4
OG0024905	2	1	1	4
OG0024906	2	1	1	4
OG0024907	2	2	0	4
OG0024908	1	1	2	4
OG0024909	2	1	1	4
OG0024910	1	1	2	4
OG0024911	1	2	1	4
OG0024912	1	2	1	4
OG0024913	1	1	2	4
OG0024914	1	2	1	4
OG0024915	1	2	1	4
OG0024916	1	1	2	4
OG0024917	1	2	1	4
OG0024918	1	1	2	4
OG0024919	1	1	2	4
OG0024920	1	1	2	4
OG0024921	1	2	1	4
OG0024922	3	0	1	4
OG0024923	1	2	1	4
OG0024924	1	2	1	4
OG0024925	1	2	1	4
OG0024926	2	1	1	4
OG0024927	2	1	1	4
OG0024928	1	2	1	4
OG0024929	1	3	0	4
OG0024930	1	3	0	4
OG0024931	1	3	0	4
OG0024932	1	2	1	4
OG0024933	1	1	2	4
OG0024934	2	1	1	4
OG0024935	1	2	1	4
OG0024936	1	1	2	4
OG0024937	1	2	1	4
OG0024938	1	2	1	4
OG0024939	1	1	2	4
OG0024940	3	1	0	4
OG0024941	2	1	1	4
OG0024942	3	1	0	4
OG0024943	1	1	2	4
OG0024944	1	2	1	4
OG0024945	1	2	1	4
OG0024946	1	2	1	4
OG0024947	1	1	2	4
OG0024948	1	2	1	4
OG0024949	1	0	3	4
OG0024950	2	1	1	4
OG0024951	1	2	1	4
OG0024952	1	2	1	4
OG0024953	1	2	1	4
OG0024954	1	2	1	4
OG0024955	1	1	2	4
OG0024956	1	2	1	4
OG0024957	1	1	2	4
OG0024958	1	1	2	4
OG0024959	2	1	1	4
OG0024960	1	2	1	4
OG0024961	1	2	1	4
OG0024962	1	1	2	4
OG0024963	1	1	2	4
OG0024964	2	1	1	4
OG0024965	2	1	1	4
OG0024966	1	1	2	4
OG0024967	1	1	2	4
OG0024968	2	2	0	4
OG0024969	1	1	2	4
OG0024970	1	0	3	4
OG0024971	3	1	0	4
OG0024972	1	1	2	4
OG0024973	1	2	1	4
OG0024974	1	1	2	4
OG0024975	2	2	0	4
OG0024976	1	2	1	4
OG0024977	1	2	1	4
OG0024978	1	2	1	4
OG0024979	1	2	1	4
OG0024980	2	1	1	4
OG0024981	1	1	2	4
OG0024982	2	1	1	4
OG0024983	1	1	2	4
OG0024984	1	1	2	4
OG0024985	2	1	1	4
OG0024986	1	2	1	4
OG0024987	1	1	2	4
OG0024988	2	2	0	4
OG0024989	1	1	2	4
OG0024990	2	2	0	4
OG0024991	1	2	1	4
OG0024992	1	2	1	4
OG0024993	1	1	2	4
OG0024994	3	1	0	4
OG0024995	3	1	0	4
OG0024996	1	2	1	4
OG0024997	2	2	0	4
OG0024998	2	1	1	4
OG0024999	1	1	2	4
OG0025000	3	1	0	4
OG0025001	2	1	1	4
OG0025002	2	2	0	4
OG0025003	1	2	1	4
OG0025004	1	3	0	4
OG0025005	2	1	1	4
OG0025006	2	2	0	4
OG0025007	2	1	1	4
OG0025008	1	1	2	4
OG0025009	1	2	1	4
OG0025010	2	1	1	4
OG0025011	1	3	0	4
OG0025012	1	0	3	4
OG0025013	1	2	1	4
OG0025014	1	1	2	4
OG0025015	2	1	1	4
OG0025016	1	2	1	4
OG0025017	1	2	1	4
OG0025018	1	1	2	4
OG0025019	3	1	0	4
OG0025020	1	2	1	4
OG0025021	2	2	0	4
OG0025022	1	2	1	4
OG0025023	3	0	1	4
OG0025024	1	2	1	4
OG0025025	1	1	2	4
OG0025026	2	1	1	4
OG0025027	2	1	1	4
OG0025028	2	1	1	4
OG0025029	1	2	1	4
OG0025030	1	2	1	4
OG0025031	1	1	2	4
OG0025032	1	3	0	4
OG0025033	1	1	2	4
OG0025034	1	3	0	4
OG0025035	1	2	1	4
OG0025036	3	1	0	4
OG0025037	1	1	2	4
OG0025038	2	0	2	4
OG0025039	2	1	1	4
OG0025040	1	0	3	4
OG0025041	1	2	1	4
OG0025042	1	2	1	4
OG0025043	1	2	1	4
OG0025044	0	2	2	4
OG0025045	0	2	2	4
OG0025046	0	1	3	4
OG0025047	0	2	2	4
OG0025048	0	2	2	4
OG0025049	0	2	2	4
OG0025050	0	2	2	4
OG0025051	0	2	2	4
OG0025052	0	2	2	4
OG0025053	0	2	2	4
OG0025054	0	2	2	4
OG0025055	0	2	2	4
OG0025056	0	2	2	4
OG0025057	0	1	3	4
OG0025058	0	3	1	4
OG0025059	0	2	2	4
OG0025060	0	2	2	4
OG0025061	0	2	2	4
OG0025062	0	2	2	4
OG0025063	0	3	1	4
OG0025064	0	2	2	4
OG0025065	0	3	1	4
OG0025066	0	2	2	4
OG0025067	0	2	2	4
OG0025068	0	2	2	4
OG0025069	0	2	2	4
OG0025070	0	1	3	4
OG0025071	0	2	2	4
OG0025072	0	3	1	4
OG0025073	0	3	1	4
OG0025074	0	2	2	4
OG0025075	0	2	2	4
OG0025076	0	2	2	4
OG0025077	0	2	2	4
OG0025078	0	2	2	4
OG0025079	0	2	2	4
OG0025080	0	2	2	4
OG0025081	0	2	2	4
OG0025082	0	2	2	4
OG0025083	0	2	2	4
OG0025084	0	2	2	4
OG0025085	0	2	2	4
OG0025086	0	2	2	4
OG0025087	0	2	2	4
OG0025088	0	3	1	4
OG0025089	0	2	2	4
OG0025090	0	2	2	4
OG0025091	0	3	1	4
OG0025092	0	1	3	4
OG0025093	0	2	2	4
OG0025094	0	2	2	4
OG0025095	0	2	2	4
OG0025096	0	1	3	4
OG0025097	0	2	2	4
OG0025098	0	3	1	4
OG0025099	0	2	2	4
OG0025100	0	1	3	4
OG0025101	0	3	1	4
OG0025102	0	2	2	4
OG0025103	0	1	3	4
OG0025104	0	3	1	4
OG0025105	0	2	2	4
OG0025106	0	2	2	4
OG0025107	0	2	2	4
OG0025108	0	1	3	4
OG0025109	0	2	2	4
OG0025110	0	2	2	4
OG0025111	0	3	1	4
OG0025112	0	2	2	4
OG0025113	0	2	2	4
OG0025114	0	2	2	4
OG0025115	0	2	2	4
OG0025116	0	2	2	4
OG0025117	0	2	2	4
OG0025118	0	2	2	4
OG0025119	0	2	2	4
OG0025120	0	2	2	4
OG0025121	0	2	2	4
OG0025122	0	2	2	4
OG0025123	0	3	1	4
OG0025124	0	2	2	4
OG0025125	0	3	1	4
OG0025126	0	2	2	4
OG0025127	0	2	2	4
OG0025128	0	2	2	4
OG0025129	0	2	2	4
OG0025130	0	2	2	4
OG0025131	0	2	2	4
OG0025132	0	3	1	4
OG0025133	0	2	2	4
OG0025134	0	3	1	4
OG0025135	0	2	2	4
OG0025136	0	3	1	4
OG0025137	0	2	2	4
OG0025138	0	3	1	4
OG0025139	0	2	2	4
OG0025140	0	2	2	4
OG0025141	0	2	2	4
OG0025142	0	2	2	4
OG0025143	0	2	2	4
OG0025144	0	2	2	4
OG0025145	0	2	2	4
OG0025146	0	2	2	4
OG0025147	0	1	3	4
OG0025148	0	2	2	4
OG0025149	0	2	2	4
OG0025150	0	2	2	4
OG0025151	0	2	2	4
OG0025152	0	3	1	4
OG0025153	0	2	2	4
OG0025154	0	2	2	4
OG0025155	0	2	2	4
OG0025156	0	2	2	4
OG0025157	0	2	2	4
OG0025158	0	2	2	4
OG0025159	0	2	2	4
OG0025160	0	3	1	4
OG0025161	0	2	2	4
OG0025162	0	2	2	4
OG0025163	0	2	2	4
OG0025164	0	1	3	4
OG0025165	0	2	2	4
OG0025166	0	2	2	4
OG0025167	0	2	2	4
OG0025168	0	1	3	4
OG0025169	0	1	3	4
OG0025170	0	3	1	4
OG0025171	0	2	2	4
OG0025172	0	3	1	4
OG0025173	0	2	2	4
OG0025174	0	2	2	4
OG0025175	0	0	4	4
OG0025176	1	1	1	3
OG0025177	1	1	1	3
OG0025178	1	1	1	3
OG0025179	1	1	1	3
OG0025180	1	1	1	3
OG0025181	1	1	1	3
OG0025182	1	1	1	3
OG0025183	1	1	1	3
OG0025184	1	1	1	3
OG0025185	1	1	1	3
OG0025186	1	1	1	3
OG0025187	1	1	1	3
OG0025188	1	1	1	3
OG0025189	2	1	0	3
OG0025190	1	1	1	3
OG0025191	1	0	2	3
OG0025192	1	0	2	3
OG0025193	1	1	1	3
OG0025194	1	1	1	3
OG0025195	1	0	2	3
OG0025196	1	1	1	3
OG0025197	1	1	1	3
OG0025198	1	1	1	3
OG0025199	1	1	1	3
OG0025200	1	0	2	3
OG0025201	1	1	1	3
OG0025202	1	1	1	3
OG0025203	1	1	1	3
OG0025204	1	1	1	3
OG0025205	1	1	1	3
OG0025206	1	1	1	3
OG0025207	1	1	1	3
OG0025208	1	1	1	3
OG0025209	1	1	1	3
OG0025210	2	1	0	3
OG0025211	1	1	1	3
OG0025212	1	1	1	3
OG0025213	1	1	1	3
OG0025214	1	1	1	3
OG0025215	2	0	1	3
OG0025216	1	1	1	3
OG0025217	1	1	1	3
OG0025218	1	1	1	3
OG0025219	1	1	1	3
OG0025220	1	1	1	3
OG0025221	1	1	1	3
OG0025222	1	1	1	3
OG0025223	2	1	0	3
OG0025224	1	0	2	3
OG0025225	1	0	2	3
OG0025226	1	1	1	3
OG0025227	1	0	2	3
OG0025228	1	1	1	3
OG0025229	1	1	1	3
OG0025230	1	1	1	3
OG0025231	1	1	1	3
OG0025232	1	1	1	3
OG0025233	1	1	1	3
OG0025234	1	1	1	3
OG0025235	2	0	1	3
OG0025236	1	1	1	3
OG0025237	1	1	1	3
OG0025238	1	1	1	3
OG0025239	2	1	0	3
OG0025240	1	1	1	3
OG0025241	1	1	1	3
OG0025242	1	1	1	3
OG0025243	1	1	1	3
OG0025244	1	1	1	3
OG0025245	1	1	1	3
OG0025246	1	1	1	3
OG0025247	1	1	1	3
OG0025248	1	1	1	3
OG0025249	1	1	1	3
OG0025250	1	1	1	3
OG0025251	1	1	1	3
OG0025252	1	1	1	3
OG0025253	1	1	1	3
OG0025254	1	1	1	3
OG0025255	1	2	0	3
OG0025256	1	1	1	3
OG0025257	2	1	0	3
OG0025258	1	1	1	3
OG0025259	2	1	0	3
OG0025260	1	1	1	3
OG0025261	1	1	1	3
OG0025262	1	1	1	3
OG0025263	2	1	0	3
OG0025264	1	1	1	3
OG0025265	1	1	1	3
OG0025266	1	1	1	3
OG0025267	1	1	1	3
OG0025268	1	1	1	3
OG0025269	1	1	1	3
OG0025270	1	1	1	3
OG0025271	1	2	0	3
OG0025272	1	1	1	3
OG0025273	1	1	1	3
OG0025274	1	1	1	3
OG0025275	1	1	1	3
OG0025276	1	1	1	3
OG0025277	1	1	1	3
OG0025278	2	0	1	3
OG0025279	1	1	1	3
OG0025280	1	1	1	3
OG0025281	1	1	1	3
OG0025282	1	1	1	3
OG0025283	1	1	1	3
OG0025284	1	1	1	3
OG0025285	1	1	1	3
OG0025286	2	1	0	3
OG0025287	1	2	0	3
OG0025288	1	1	1	3
OG0025289	1	1	1	3
OG0025290	2	0	1	3
OG0025291	1	1	1	3
OG0025292	2	1	0	3
OG0025293	1	1	1	3
OG0025294	2	1	0	3
OG0025295	1	1	1	3
OG0025296	2	0	1	3
OG0025297	1	1	1	3
OG0025298	1	1	1	3
OG0025299	1	1	1	3
OG0025300	1	1	1	3
OG0025301	2	1	0	3
OG0025302	1	1	1	3
OG0025303	1	1	1	3
OG0025304	1	1	1	3
OG0025305	1	1	1	3
OG0025306	1	1	1	3
OG0025307	1	1	1	3
OG0025308	1	1	1	3
OG0025309	1	1	1	3
OG0025310	1	1	1	3
OG0025311	1	1	1	3
OG0025312	1	1	1	3
OG0025313	1	1	1	3
OG0025314	1	1	1	3
OG0025315	1	1	1	3
OG0025316	1	1	1	3
OG0025317	1	1	1	3
OG0025318	1	1	1	3
OG0025319	1	1	1	3
OG0025320	1	1	1	3
OG0025321	1	1	1	3
OG0025322	2	0	1	3
OG0025323	1	1	1	3
OG0025324	1	1	1	3
OG0025325	1	1	1	3
OG0025326	1	1	1	3
OG0025327	1	2	0	3
OG0025328	2	1	0	3
OG0025329	1	1	1	3
OG0025330	1	1	1	3
OG0025331	1	1	1	3
OG0025332	1	1	1	3
OG0025333	1	1	1	3
OG0025334	1	1	1	3
OG0025335	1	1	1	3
OG0025336	1	1	1	3
OG0025337	1	1	1	3
OG0025338	1	1	1	3
OG0025339	1	1	1	3
OG0025340	1	1	1	3
OG0025341	1	1	1	3
OG0025342	1	1	1	3
OG0025343	1	1	1	3
OG0025344	1	1	1	3
OG0025345	1	1	1	3
OG0025346	1	1	1	3
OG0025347	1	1	1	3
OG0025348	1	1	1	3
OG0025349	1	1	1	3
OG0025350	1	1	1	3
OG0025351	1	1	1	3
OG0025352	1	1	1	3
OG0025353	1	1	1	3
OG0025354	1	1	1	3
OG0025355	1	1	1	3
OG0025356	1	1	1	3
OG0025357	1	1	1	3
OG0025358	1	1	1	3
OG0025359	1	2	0	3
OG0025360	1	1	1	3
OG0025361	1	1	1	3
OG0025362	1	1	1	3
OG0025363	1	2	0	3
OG0025364	1	1	1	3
OG0025365	2	0	1	3
OG0025366	1	1	1	3
OG0025367	1	1	1	3
OG0025368	1	1	1	3
OG0025369	1	1	1	3
OG0025370	1	1	1	3
OG0025371	1	1	1	3
OG0025372	1	1	1	3
OG0025373	1	1	1	3
OG0025374	1	2	0	3
OG0025375	1	1	1	3
OG0025376	1	1	1	3
OG0025377	1	2	0	3
OG0025378	1	1	1	3
OG0025379	1	1	1	3
OG0025380	1	2	0	3
OG0025381	1	1	1	3
OG0025382	1	1	1	3
OG0025383	1	1	1	3
OG0025384	1	1	1	3
OG0025385	1	1	1	3
OG0025386	1	1	1	3
OG0025387	1	1	1	3
OG0025388	1	1	1	3
OG0025389	1	1	1	3
OG0025390	1	1	1	3
OG0025391	1	1	1	3
OG0025392	1	1	1	3
OG0025393	1	1	1	3
OG0025394	1	1	1	3
OG0025395	1	1	1	3
OG0025396	1	1	1	3
OG0025397	1	1	1	3
OG0025398	1	1	1	3
OG0025399	1	1	1	3
OG0025400	1	1	1	3
OG0025401	1	1	1	3
OG0025402	1	1	1	3
OG0025403	2	1	0	3
OG0025404	1	1	1	3
OG0025405	1	1	1	3
OG0025406	1	1	1	3
OG0025407	1	1	1	3
OG0025408	1	1	1	3
OG0025409	1	1	1	3
OG0025410	1	1	1	3
OG0025411	1	2	0	3
OG0025412	1	1	1	3
OG0025413	1	1	1	3
OG0025414	1	1	1	3
OG0025415	1	1	1	3
OG0025416	1	1	1	3
OG0025417	1	1	1	3
OG0025418	1	1	1	3
OG0025419	1	1	1	3
OG0025420	1	1	1	3
OG0025421	1	1	1	3
OG0025422	1	1	1	3
OG0025423	1	1	1	3
OG0025424	2	1	0	3
OG0025425	1	1	1	3
OG0025426	1	1	1	3
OG0025427	1	1	1	3
OG0025428	2	1	0	3
OG0025429	1	1	1	3
OG0025430	1	1	1	3
OG0025431	1	1	1	3
OG0025432	1	1	1	3
OG0025433	1	1	1	3
OG0025434	1	1	1	3
OG0025435	1	1	1	3
OG0025436	1	1	1	3
OG0025437	1	1	1	3
OG0025438	1	2	0	3
OG0025439	1	1	1	3
OG0025440	1	1	1	3
OG0025441	1	1	1	3
OG0025442	1	2	0	3
OG0025443	1	1	1	3
OG0025444	1	1	1	3
OG0025445	1	1	1	3
OG0025446	1	1	1	3
OG0025447	1	1	1	3
OG0025448	1	1	1	3
OG0025449	1	0	2	3
OG0025450	1	1	1	3
OG0025451	1	1	1	3
OG0025452	1	1	1	3
OG0025453	1	1	1	3
OG0025454	1	1	1	3
OG0025455	1	1	1	3
OG0025456	1	1	1	3
OG0025457	1	1	1	3
OG0025458	1	1	1	3
OG0025459	1	1	1	3
OG0025460	1	1	1	3
OG0025461	1	1	1	3
OG0025462	1	1	1	3
OG0025463	1	1	1	3
OG0025464	1	1	1	3
OG0025465	1	1	1	3
OG0025466	1	1	1	3
OG0025467	1	1	1	3
OG0025468	1	1	1	3
OG0025469	2	0	1	3
OG0025470	1	1	1	3
OG0025471	2	1	0	3
OG0025472	1	1	1	3
OG0025473	1	1	1	3
OG0025474	1	1	1	3
OG0025475	1	2	0	3
OG0025476	1	1	1	3
OG0025477	2	0	1	3
OG0025478	1	1	1	3
OG0025479	1	1	1	3
OG0025480	1	1	1	3
OG0025481	1	1	1	3
OG0025482	1	2	0	3
OG0025483	1	1	1	3
OG0025484	1	1	1	3
OG0025485	1	1	1	3
OG0025486	1	1	1	3
OG0025487	1	1	1	3
OG0025488	1	1	1	3
OG0025489	1	1	1	3
OG0025490	1	1	1	3
OG0025491	2	0	1	3
OG0025492	1	1	1	3
OG0025493	2	1	0	3
OG0025494	1	1	1	3
OG0025495	1	1	1	3
OG0025496	1	1	1	3
OG0025497	1	1	1	3
OG0025498	1	1	1	3
OG0025499	1	1	1	3
OG0025500	1	2	0	3
OG0025501	1	1	1	3
OG0025502	1	0	2	3
OG0025503	1	1	1	3
OG0025504	1	1	1	3
OG0025505	1	1	1	3
OG0025506	1	1	1	3
OG0025507	1	1	1	3
OG0025508	1	1	1	3
OG0025509	1	1	1	3
OG0025510	1	2	0	3
OG0025511	1	2	0	3
OG0025512	1	1	1	3
OG0025513	1	1	1	3
OG0025514	1	1	1	3
OG0025515	1	1	1	3
OG0025516	1	1	1	3
OG0025517	1	1	1	3
OG0025518	2	0	1	3
OG0025519	1	1	1	3
OG0025520	1	1	1	3
OG0025521	1	2	0	3
OG0025522	1	1	1	3
OG0025523	1	1	1	3
OG0025524	1	1	1	3
OG0025525	1	0	2	3
OG0025526	1	1	1	3
OG0025527	1	1	1	3
OG0025528	1	1	1	3
OG0025529	1	1	1	3
OG0025530	2	1	0	3
OG0025531	1	1	1	3
OG0025532	1	1	1	3
OG0025533	1	1	1	3
OG0025534	1	1	1	3
OG0025535	2	1	0	3
OG0025536	1	2	0	3
OG0025537	2	1	0	3
OG0025538	1	1	1	3
OG0025539	1	1	1	3
OG0025540	1	2	0	3
OG0025541	1	1	1	3
OG0025542	1	1	1	3
OG0025543	1	1	1	3
OG0025544	1	1	1	3
OG0025545	1	1	1	3
OG0025546	1	1	1	3
OG0025547	1	1	1	3
OG0025548	1	1	1	3
OG0025549	1	1	1	3
OG0025550	1	1	1	3
OG0025551	1	1	1	3
OG0025552	2	0	1	3
OG0025553	1	1	1	3
OG0025554	2	0	1	3
OG0025555	1	1	1	3
OG0025556	1	1	1	3
OG0025557	1	1	1	3
OG0025558	1	1	1	3
OG0025559	1	1	1	3
OG0025560	1	1	1	3
OG0025561	1	1	1	3
OG0025562	1	1	1	3
OG0025563	1	1	1	3
OG0025564	1	1	1	3
OG0025565	1	1	1	3
OG0025566	1	1	1	3
OG0025567	2	1	0	3
OG0025568	1	1	1	3
OG0025569	1	1	1	3
OG0025570	1	1	1	3
OG0025571	1	1	1	3
OG0025572	1	1	1	3
OG0025573	1	1	1	3
OG0025574	1	1	1	3
OG0025575	1	1	1	3
OG0025576	2	1	0	3
OG0025577	1	2	0	3
OG0025578	1	1	1	3
OG0025579	1	0	2	3
OG0025580	1	1	1	3
OG0025581	1	1	1	3
OG0025582	2	0	1	3
OG0025583	1	1	1	3
OG0025584	1	1	1	3
OG0025585	1	1	1	3
OG0025586	1	1	1	3
OG0025587	1	1	1	3
OG0025588	1	1	1	3
OG0025589	1	1	1	3
OG0025590	1	1	1	3
OG0025591	1	1	1	3
OG0025592	1	2	0	3
OG0025593	2	1	0	3
OG0025594	2	0	1	3
OG0025595	1	1	1	3
OG0025596	1	1	1	3
OG0025597	1	2	0	3
OG0025598	1	2	0	3
OG0025599	1	1	1	3
OG0025600	1	1	1	3
OG0025601	1	1	1	3
OG0025602	1	1	1	3
OG0025603	1	0	2	3
OG0025604	1	1	1	3
OG0025605	1	1	1	3
OG0025606	1	1	1	3
OG0025607	1	1	1	3
OG0025608	1	1	1	3
OG0025609	1	1	1	3
OG0025610	1	1	1	3
OG0025611	2	1	0	3
OG0025612	1	1	1	3
OG0025613	1	1	1	3
OG0025614	1	0	2	3
OG0025615	1	1	1	3
OG0025616	1	1	1	3
OG0025617	2	1	0	3
OG0025618	2	1	0	3
OG0025619	1	1	1	3
OG0025620	1	1	1	3
OG0025621	1	1	1	3
OG0025622	1	1	1	3
OG0025623	1	1	1	3
OG0025624	1	1	1	3
OG0025625	1	1	1	3
OG0025626	1	1	1	3
OG0025627	1	1	1	3
OG0025628	1	1	1	3
OG0025629	1	1	1	3
OG0025630	1	2	0	3
OG0025631	1	1	1	3
OG0025632	1	1	1	3
OG0025633	1	1	1	3
OG0025634	1	1	1	3
OG0025635	1	1	1	3
OG0025636	1	1	1	3
OG0025637	1	1	1	3
OG0025638	1	1	1	3
OG0025639	1	1	1	3
OG0025640	1	1	1	3
OG0025641	1	1	1	3
OG0025642	2	1	0	3
OG0025643	1	1	1	3
OG0025644	1	1	1	3
OG0025645	1	0	2	3
OG0025646	1	1	1	3
OG0025647	1	1	1	3
OG0025648	1	1	1	3
OG0025649	1	1	1	3
OG0025650	1	1	1	3
OG0025651	1	1	1	3
OG0025652	1	1	1	3
OG0025653	1	1	1	3
OG0025654	1	1	1	3
OG0025655	1	1	1	3
OG0025656	1	1	1	3
OG0025657	1	1	1	3
OG0025658	1	1	1	3
OG0025659	1	1	1	3
OG0025660	1	1	1	3
OG0025661	1	1	1	3
OG0025662	1	0	2	3
OG0025663	1	1	1	3
OG0025664	1	1	1	3
OG0025665	1	1	1	3
OG0025666	1	2	0	3
OG0025667	1	1	1	3
OG0025668	1	1	1	3
OG0025669	1	1	1	3
OG0025670	1	1	1	3
OG0025671	1	1	1	3
OG0025672	1	1	1	3
OG0025673	1	1	1	3
OG0025674	1	1	1	3
OG0025675	1	1	1	3
OG0025676	2	1	0	3
OG0025677	1	1	1	3
OG0025678	1	1	1	3
OG0025679	1	1	1	3
OG0025680	1	1	1	3
OG0025681	1	1	1	3
OG0025682	1	1	1	3
OG0025683	1	1	1	3
OG0025684	1	0	2	3
OG0025685	1	1	1	3
OG0025686	1	1	1	3
OG0025687	1	1	1	3
OG0025688	1	2	0	3
OG0025689	1	1	1	3
OG0025690	1	2	0	3
OG0025691	1	1	1	3
OG0025692	1	1	1	3
OG0025693	1	1	1	3
OG0025694	1	2	0	3
OG0025695	1	1	1	3
OG0025696	1	1	1	3
OG0025697	1	1	1	3
OG0025698	1	1	1	3
OG0025699	1	1	1	3
OG0025700	1	1	1	3
OG0025701	1	1	1	3
OG0025702	1	1	1	3
OG0025703	1	1	1	3
OG0025704	1	1	1	3
OG0025705	1	1	1	3
OG0025706	1	1	1	3
OG0025707	1	1	1	3
OG0025708	1	1	1	3
OG0025709	1	0	2	3
OG0025710	1	1	1	3
OG0025711	1	1	1	3
OG0025712	1	1	1	3
OG0025713	1	1	1	3
OG0025714	1	1	1	3
OG0025715	1	1	1	3
OG0025716	1	1	1	3
OG0025717	1	0	2	3
OG0025718	1	1	1	3
OG0025719	1	1	1	3
OG0025720	1	0	2	3
OG0025721	2	0	1	3
OG0025722	1	1	1	3
OG0025723	2	1	0	3
OG0025724	1	1	1	3
OG0025725	1	1	1	3
OG0025726	1	1	1	3
OG0025727	1	1	1	3
OG0025728	2	1	0	3
OG0025729	1	1	1	3
OG0025730	1	1	1	3
OG0025731	1	1	1	3
OG0025732	1	1	1	3
OG0025733	1	1	1	3
OG0025734	1	1	1	3
OG0025735	1	1	1	3
OG0025736	2	0	1	3
OG0025737	1	1	1	3
OG0025738	1	1	1	3
OG0025739	1	0	2	3
OG0025740	1	1	1	3
OG0025741	1	1	1	3
OG0025742	1	1	1	3
OG0025743	1	1	1	3
OG0025744	1	1	1	3
OG0025745	1	1	1	3
OG0025746	1	1	1	3
OG0025747	1	1	1	3
OG0025748	1	1	1	3
OG0025749	1	1	1	3
OG0025750	2	1	0	3
OG0025751	1	1	1	3
OG0025752	1	1	1	3
OG0025753	1	1	1	3
OG0025754	1	1	1	3
OG0025755	1	1	1	3
OG0025756	1	1	1	3
OG0025757	1	1	1	3
OG0025758	1	1	1	3
OG0025759	1	1	1	3
OG0025760	1	1	1	3
OG0025761	1	1	1	3
OG0025762	1	1	1	3
OG0025763	1	1	1	3
OG0025764	2	0	1	3
OG0025765	1	0	2	3
OG0025766	1	0	2	3
OG0025767	1	1	1	3
OG0025768	1	1	1	3
OG0025769	1	1	1	3
OG0025770	1	1	1	3
OG0025771	1	1	1	3
OG0025772	1	1	1	3
OG0025773	1	1	1	3
OG0025774	1	1	1	3
OG0025775	1	0	2	3
OG0025776	2	0	1	3
OG0025777	1	1	1	3
OG0025778	1	1	1	3
OG0025779	1	1	1	3
OG0025780	1	1	1	3
OG0025781	1	2	0	3
OG0025782	1	1	1	3
OG0025783	2	1	0	3
OG0025784	1	1	1	3
OG0025785	1	1	1	3
OG0025786	1	1	1	3
OG0025787	1	1	1	3
OG0025788	1	1	1	3
OG0025789	1	0	2	3
OG0025790	1	1	1	3
OG0025791	1	1	1	3
OG0025792	1	1	1	3
OG0025793	1	1	1	3
OG0025794	1	1	1	3
OG0025795	1	1	1	3
OG0025796	1	0	2	3
OG0025797	1	1	1	3
OG0025798	1	1	1	3
OG0025799	1	1	1	3
OG0025800	1	1	1	3
OG0025801	1	1	1	3
OG0025802	1	1	1	3
OG0025803	1	1	1	3
OG0025804	1	1	1	3
OG0025805	1	1	1	3
OG0025806	1	1	1	3
OG0025807	1	1	1	3
OG0025808	1	1	1	3
OG0025809	1	1	1	3
OG0025810	1	1	1	3
OG0025811	1	1	1	3
OG0025812	1	1	1	3
OG0025813	1	1	1	3
OG0025814	2	1	0	3
OG0025815	1	1	1	3
OG0025816	1	1	1	3
OG0025817	1	1	1	3
OG0025818	1	1	1	3
OG0025819	1	2	0	3
OG0025820	1	1	1	3
OG0025821	1	1	1	3
OG0025822	1	1	1	3
OG0025823	2	0	1	3
OG0025824	1	1	1	3
OG0025825	1	1	1	3
OG0025826	1	1	1	3
OG0025827	1	1	1	3
OG0025828	1	1	1	3
OG0025829	1	1	1	3
OG0025830	2	1	0	3
OG0025831	1	2	0	3
OG0025832	1	1	1	3
OG0025833	1	1	1	3
OG0025834	1	0	2	3
OG0025835	1	1	1	3
OG0025836	1	1	1	3
OG0025837	1	1	1	3
OG0025838	1	0	2	3
OG0025839	1	2	0	3
OG0025840	1	1	1	3
OG0025841	1	1	1	3
OG0025842	1	1	1	3
OG0025843	1	1	1	3
OG0025844	1	1	1	3
OG0025845	1	1	1	3
OG0025846	2	1	0	3
OG0025847	1	1	1	3
OG0025848	2	1	0	3
OG0025849	1	1	1	3
OG0025850	1	1	1	3
OG0025851	1	1	1	3
OG0025852	1	1	1	3
OG0025853	1	0	2	3
OG0025854	1	1	1	3
OG0025855	1	2	0	3
OG0025856	1	1	1	3
OG0025857	1	1	1	3
OG0025858	2	1	0	3
OG0025859	1	2	0	3
OG0025860	1	1	1	3
OG0025861	1	1	1	3
OG0025862	1	1	1	3
OG0025863	1	1	1	3
OG0025864	1	1	1	3
OG0025865	1	1	1	3
OG0025866	1	1	1	3
OG0025867	1	0	2	3
OG0025868	2	1	0	3
OG0025869	1	1	1	3
OG0025870	1	2	0	3
OG0025871	1	1	1	3
OG0025872	1	1	1	3
OG0025873	1	1	1	3
OG0025874	1	1	1	3
OG0025875	2	1	0	3
OG0025876	1	1	1	3
OG0025877	1	1	1	3
OG0025878	1	1	1	3
OG0025879	1	1	1	3
OG0025880	1	1	1	3
OG0025881	1	1	1	3
OG0025882	1	0	2	3
OG0025883	1	1	1	3
OG0025884	1	1	1	3
OG0025885	1	1	1	3
OG0025886	1	1	1	3
OG0025887	1	1	1	3
OG0025888	1	1	1	3
OG0025889	1	2	0	3
OG0025890	1	1	1	3
OG0025891	2	1	0	3
OG0025892	1	0	2	3
OG0025893	2	1	0	3
OG0025894	1	2	0	3
OG0025895	2	0	1	3
OG0025896	3	0	0	3
OG0025897	1	1	1	3
OG0025898	1	1	1	3
OG0025899	1	1	1	3
OG0025900	2	1	0	3
OG0025901	1	1	1	3
OG0025902	1	1	1	3
OG0025903	1	1	1	3
OG0025904	1	1	1	3
OG0025905	1	0	2	3
OG0025906	1	1	1	3
OG0025907	1	1	1	3
OG0025908	1	1	1	3
OG0025909	1	1	1	3
OG0025910	1	1	1	3
OG0025911	1	1	1	3
OG0025912	2	1	0	3
OG0025913	1	1	1	3
OG0025914	1	1	1	3
OG0025915	1	1	1	3
OG0025916	1	1	1	3
OG0025917	1	1	1	3
OG0025918	1	0	2	3
OG0025919	1	1	1	3
OG0025920	1	1	1	3
OG0025921	1	1	1	3
OG0025922	1	1	1	3
OG0025923	2	0	1	3
OG0025924	1	1	1	3
OG0025925	1	1	1	3
OG0025926	1	1	1	3
OG0025927	1	1	1	3
OG0025928	1	1	1	3
OG0025929	1	1	1	3
OG0025930	2	1	0	3
OG0025931	1	1	1	3
OG0025932	1	1	1	3
OG0025933	1	1	1	3
OG0025934	1	0	2	3
OG0025935	1	2	0	3
OG0025936	1	1	1	3
OG0025937	1	1	1	3
OG0025938	1	1	1	3
OG0025939	1	2	0	3
OG0025940	1	1	1	3
OG0025941	1	1	1	3
OG0025942	1	1	1	3
OG0025943	1	1	1	3
OG0025944	1	1	1	3
OG0025945	1	1	1	3
OG0025946	1	1	1	3
OG0025947	2	0	1	3
OG0025948	1	1	1	3
OG0025949	1	1	1	3
OG0025950	1	1	1	3
OG0025951	2	0	1	3
OG0025952	1	1	1	3
OG0025953	1	1	1	3
OG0025954	1	1	1	3
OG0025955	1	1	1	3
OG0025956	1	1	1	3
OG0025957	1	1	1	3
OG0025958	1	1	1	3
OG0025959	1	0	2	3
OG0025960	1	1	1	3
OG0025961	1	1	1	3
OG0025962	1	1	1	3
OG0025963	1	1	1	3
OG0025964	1	2	0	3
OG0025965	1	1	1	3
OG0025966	1	1	1	3
OG0025967	1	1	1	3
OG0025968	1	1	1	3
OG0025969	1	1	1	3
OG0025970	1	1	1	3
OG0025971	2	1	0	3
OG0025972	2	1	0	3
OG0025973	1	1	1	3
OG0025974	1	0	2	3
OG0025975	1	1	1	3
OG0025976	1	1	1	3
OG0025977	1	1	1	3
OG0025978	1	1	1	3
OG0025979	2	0	1	3
OG0025980	1	1	1	3
OG0025981	1	1	1	3
OG0025982	1	1	1	3
OG0025983	1	1	1	3
OG0025984	1	1	1	3
OG0025985	2	1	0	3
OG0025986	2	0	1	3
OG0025987	1	1	1	3
OG0025988	1	2	0	3
OG0025989	1	1	1	3
OG0025990	1	1	1	3
OG0025991	1	1	1	3
OG0025992	1	1	1	3
OG0025993	1	1	1	3
OG0025994	1	1	1	3
OG0025995	1	1	1	3
OG0025996	1	0	2	3
OG0025997	1	1	1	3
OG0025998	1	1	1	3
OG0025999	1	1	1	3
OG0026000	1	1	1	3
OG0026001	1	0	2	3
OG0026002	1	1	1	3
OG0026003	1	1	1	3
OG0026004	1	1	1	3
OG0026005	1	1	1	3
OG0026006	1	1	1	3
OG0026007	1	1	1	3
OG0026008	1	1	1	3
OG0026009	1	1	1	3
OG0026010	1	1	1	3
OG0026011	1	2	0	3
OG0026012	1	1	1	3
OG0026013	1	1	1	3
OG0026014	1	1	1	3
OG0026015	1	0	2	3
OG0026016	1	1	1	3
OG0026017	1	1	1	3
OG0026018	1	2	0	3
OG0026019	2	0	1	3
OG0026020	1	1	1	3
OG0026021	1	1	1	3
OG0026022	2	1	0	3
OG0026023	1	0	2	3
OG0026024	1	1	1	3
OG0026025	1	1	1	3
OG0026026	2	1	0	3
OG0026027	1	1	1	3
OG0026028	1	1	1	3
OG0026029	1	1	1	3
OG0026030	1	1	1	3
OG0026031	1	1	1	3
OG0026032	1	2	0	3
OG0026033	1	1	1	3
OG0026034	1	1	1	3
OG0026035	1	1	1	3
OG0026036	2	1	0	3
OG0026037	1	0	2	3
OG0026038	1	1	1	3
OG0026039	1	2	0	3
OG0026040	1	1	1	3
OG0026041	1	1	1	3
OG0026042	1	1	1	3
OG0026043	1	1	1	3
OG0026044	1	1	1	3
OG0026045	1	0	2	3
OG0026046	1	1	1	3
OG0026047	2	0	1	3
OG0026048	1	1	1	3
OG0026049	1	1	1	3
OG0026050	1	1	1	3
OG0026051	1	1	1	3
OG0026052	1	1	1	3
OG0026053	1	1	1	3
OG0026054	1	1	1	3
OG0026055	1	1	1	3
OG0026056	1	1	1	3
OG0026057	1	1	1	3
OG0026058	1	1	1	3
OG0026059	1	1	1	3
OG0026060	1	1	1	3
OG0026061	2	0	1	3
OG0026062	2	1	0	3
OG0026063	1	1	1	3
OG0026064	1	0	2	3
OG0026065	1	1	1	3
OG0026066	1	1	1	3
OG0026067	1	1	1	3
OG0026068	1	1	1	3
OG0026069	1	1	1	3
OG0026070	1	1	1	3
OG0026071	1	1	1	3
OG0026072	1	2	0	3
OG0026073	1	1	1	3
OG0026074	1	1	1	3
OG0026075	1	1	1	3
OG0026076	1	1	1	3
OG0026077	1	1	1	3
OG0026078	1	1	1	3
OG0026079	1	1	1	3
OG0026080	1	1	1	3
OG0026081	1	1	1	3
OG0026082	1	1	1	3
OG0026083	1	1	1	3
OG0026084	1	1	1	3
OG0026085	1	1	1	3
OG0026086	1	1	1	3
OG0026087	1	1	1	3
OG0026088	1	1	1	3
OG0026089	1	0	2	3
OG0026090	1	1	1	3
OG0026091	1	1	1	3
OG0026092	1	1	1	3
OG0026093	1	1	1	3
OG0026094	1	1	1	3
OG0026095	1	1	1	3
OG0026096	1	1	1	3
OG0026097	1	1	1	3
OG0026098	1	0	2	3
OG0026099	2	0	1	3
OG0026100	1	1	1	3
OG0026101	1	1	1	3
OG0026102	1	1	1	3
OG0026103	1	1	1	3
OG0026104	1	1	1	3
OG0026105	1	1	1	3
OG0026106	1	1	1	3
OG0026107	2	1	0	3
OG0026108	1	1	1	3
OG0026109	1	1	1	3
OG0026110	1	1	1	3
OG0026111	1	1	1	3
OG0026112	1	1	1	3
OG0026113	1	1	1	3
OG0026114	1	1	1	3
OG0026115	1	1	1	3
OG0026116	1	1	1	3
OG0026117	1	1	1	3
OG0026118	1	0	2	3
OG0026119	1	1	1	3
OG0026120	1	1	1	3
OG0026121	1	1	1	3
OG0026122	1	1	1	3
OG0026123	1	1	1	3
OG0026124	1	1	1	3
OG0026125	1	1	1	3
OG0026126	1	1	1	3
OG0026127	1	1	1	3
OG0026128	1	1	1	3
OG0026129	2	1	0	3
OG0026130	1	1	1	3
OG0026131	1	1	1	3
OG0026132	1	1	1	3
OG0026133	1	1	1	3
OG0026134	1	1	1	3
OG0026135	2	0	1	3
OG0026136	1	0	2	3
OG0026137	1	1	1	3
OG0026138	1	0	2	3
OG0026139	1	2	0	3
OG0026140	1	2	0	3
OG0026141	1	1	1	3
OG0026142	1	1	1	3
OG0026143	1	1	1	3
OG0026144	1	1	1	3
OG0026145	1	1	1	3
OG0026146	1	1	1	3
OG0026147	2	0	1	3
OG0026148	1	2	0	3
OG0026149	2	1	0	3
OG0026150	1	1	1	3
OG0026151	1	1	1	3
OG0026152	1	1	1	3
OG0026153	1	1	1	3
OG0026154	1	1	1	3
OG0026155	2	1	0	3
OG0026156	2	1	0	3
OG0026157	1	1	1	3
OG0026158	1	0	2	3
OG0026159	1	1	1	3
OG0026160	1	1	1	3
OG0026161	1	1	1	3
OG0026162	1	1	1	3
OG0026163	1	1	1	3
OG0026164	1	1	1	3
OG0026165	1	1	1	3
OG0026166	1	1	1	3
OG0026167	1	2	0	3
OG0026168	1	2	0	3
OG0026169	2	1	0	3
OG0026170	1	1	1	3
OG0026171	1	0	2	3
OG0026172	1	1	1	3
OG0026173	1	1	1	3
OG0026174	1	1	1	3
OG0026175	1	1	1	3
OG0026176	2	1	0	3
OG0026177	1	1	1	3
OG0026178	2	0	1	3
OG0026179	1	1	1	3
OG0026180	1	1	1	3
OG0026181	1	1	1	3
OG0026182	1	1	1	3
OG0026183	1	1	1	3
OG0026184	1	1	1	3
OG0026185	1	1	1	3
OG0026186	1	2	0	3
OG0026187	1	1	1	3
OG0026188	1	1	1	3
OG0026189	1	1	1	3
OG0026190	1	1	1	3
OG0026191	1	1	1	3
OG0026192	1	1	1	3
OG0026193	1	0	2	3
OG0026194	1	1	1	3
OG0026195	1	1	1	3
OG0026196	1	2	0	3
OG0026197	1	2	0	3
OG0026198	1	1	1	3
OG0026199	1	1	1	3
OG0026200	1	1	1	3
OG0026201	1	1	1	3
OG0026202	1	1	1	3
OG0026203	1	1	1	3
OG0026204	1	1	1	3
OG0026205	1	1	1	3
OG0026206	1	1	1	3
OG0026207	1	1	1	3
OG0026208	1	1	1	3
OG0026209	1	1	1	3
OG0026210	1	1	1	3
OG0026211	1	1	1	3
OG0026212	1	1	1	3
OG0026213	1	1	1	3
OG0026214	1	1	1	3
OG0026215	1	1	1	3
OG0026216	1	1	1	3
OG0026217	1	1	1	3
OG0026218	1	1	1	3
OG0026219	1	1	1	3
OG0026220	1	1	1	3
OG0026221	1	1	1	3
OG0026222	1	2	0	3
OG0026223	1	1	1	3
OG0026224	1	1	1	3
OG0026225	1	1	1	3
OG0026226	1	1	1	3
OG0026227	1	1	1	3
OG0026228	2	1	0	3
OG0026229	1	1	1	3
OG0026230	1	1	1	3
OG0026231	1	1	1	3
OG0026232	1	1	1	3
OG0026233	1	1	1	3
OG0026234	1	2	0	3
OG0026235	1	1	1	3
OG0026236	2	0	1	3
OG0026237	1	2	0	3
OG0026238	1	1	1	3
OG0026239	1	1	1	3
OG0026240	1	0	2	3
OG0026241	1	1	1	3
OG0026242	1	1	1	3
OG0026243	1	1	1	3
OG0026244	1	1	1	3
OG0026245	1	1	1	3
OG0026246	1	1	1	3
OG0026247	1	1	1	3
OG0026248	1	1	1	3
OG0026249	1	1	1	3
OG0026250	1	1	1	3
OG0026251	1	1	1	3
OG0026252	1	1	1	3
OG0026253	1	1	1	3
OG0026254	1	1	1	3
OG0026255	1	1	1	3
OG0026256	1	1	1	3
OG0026257	1	1	1	3
OG0026258	1	1	1	3
OG0026259	1	0	2	3
OG0026260	1	2	0	3
OG0026261	1	1	1	3
OG0026262	1	1	1	3
OG0026263	1	1	1	3
OG0026264	1	1	1	3
OG0026265	1	0	2	3
OG0026266	1	1	1	3
OG0026267	1	2	0	3
OG0026268	2	1	0	3
OG0026269	1	1	1	3
OG0026270	1	1	1	3
OG0026271	1	1	1	3
OG0026272	2	1	0	3
OG0026273	1	1	1	3
OG0026274	1	1	1	3
OG0026275	1	1	1	3
OG0026276	1	0	2	3
OG0026277	1	1	1	3
OG0026278	1	1	1	3
OG0026279	1	0	2	3
OG0026280	1	1	1	3
OG0026281	1	1	1	3
OG0026282	1	1	1	3
OG0026283	1	1	1	3
OG0026284	1	0	2	3
OG0026285	1	1	1	3
OG0026286	1	1	1	3
OG0026287	1	1	1	3
OG0026288	1	0	2	3
OG0026289	1	1	1	3
OG0026290	1	0	2	3
OG0026291	1	1	1	3
OG0026292	1	1	1	3
OG0026293	1	1	1	3
OG0026294	1	1	1	3
OG0026295	1	1	1	3
OG0026296	1	1	1	3
OG0026297	1	1	1	3
OG0026298	1	1	1	3
OG0026299	1	1	1	3
OG0026300	1	1	1	3
OG0026301	1	1	1	3
OG0026302	1	1	1	3
OG0026303	1	1	1	3
OG0026304	1	1	1	3
OG0026305	1	1	1	3
OG0026306	1	1	1	3
OG0026307	1	1	1	3
OG0026308	1	1	1	3
OG0026309	2	1	0	3
OG0026310	1	1	1	3
OG0026311	1	1	1	3
OG0026312	1	1	1	3
OG0026313	1	2	0	3
OG0026314	1	1	1	3
OG0026315	1	2	0	3
OG0026316	1	2	0	3
OG0026317	1	1	1	3
OG0026318	1	1	1	3
OG0026319	1	0	2	3
OG0026320	1	1	1	3
OG0026321	1	1	1	3
OG0026322	1	1	1	3
OG0026323	1	1	1	3
OG0026324	1	1	1	3
OG0026325	1	2	0	3
OG0026326	1	2	0	3
OG0026327	1	1	1	3
OG0026328	1	1	1	3
OG0026329	1	1	1	3
OG0026330	1	1	1	3
OG0026331	1	1	1	3
OG0026332	1	1	1	3
OG0026333	1	1	1	3
OG0026334	1	1	1	3
OG0026335	1	1	1	3
OG0026336	1	1	1	3
OG0026337	1	1	1	3
OG0026338	1	1	1	3
OG0026339	1	1	1	3
OG0026340	1	1	1	3
OG0026341	1	1	1	3
OG0026342	1	1	1	3
OG0026343	2	1	0	3
OG0026344	1	1	1	3
OG0026345	1	1	1	3
OG0026346	1	0	2	3
OG0026347	1	1	1	3
OG0026348	1	1	1	3
OG0026349	1	2	0	3
OG0026350	1	1	1	3
OG0026351	1	1	1	3
OG0026352	1	1	1	3
OG0026353	1	1	1	3
OG0026354	1	2	0	3
OG0026355	1	1	1	3
OG0026356	1	1	1	3
OG0026357	1	1	1	3
OG0026358	1	1	1	3
OG0026359	1	1	1	3
OG0026360	1	1	1	3
OG0026361	1	1	1	3
OG0026362	1	1	1	3
OG0026363	1	1	1	3
OG0026364	1	2	0	3
OG0026365	1	1	1	3
OG0026366	1	1	1	3
OG0026367	1	1	1	3
OG0026368	1	1	1	3
OG0026369	1	1	1	3
OG0026370	1	1	1	3
OG0026371	1	1	1	3
OG0026372	1	1	1	3
OG0026373	1	1	1	3
OG0026374	1	0	2	3
OG0026375	1	1	1	3
OG0026376	1	1	1	3
OG0026377	1	1	1	3
OG0026378	1	1	1	3
OG0026379	1	1	1	3
OG0026380	2	1	0	3
OG0026381	1	1	1	3
OG0026382	2	1	0	3
OG0026383	1	1	1	3
OG0026384	1	1	1	3
OG0026385	1	1	1	3
OG0026386	1	1	1	3
OG0026387	2	0	1	3
OG0026388	1	1	1	3
OG0026389	1	1	1	3
OG0026390	1	1	1	3
OG0026391	2	1	0	3
OG0026392	2	1	0	3
OG0026393	1	1	1	3
OG0026394	1	1	1	3
OG0026395	1	1	1	3
OG0026396	1	1	1	3
OG0026397	1	1	1	3
OG0026398	1	1	1	3
OG0026399	1	1	1	3
OG0026400	1	1	1	3
OG0026401	2	1	0	3
OG0026402	1	1	1	3
OG0026403	1	1	1	3
OG0026404	1	1	1	3
OG0026405	1	1	1	3
OG0026406	1	1	1	3
OG0026407	1	1	1	3
OG0026408	1	1	1	3
OG0026409	1	1	1	3
OG0026410	1	1	1	3
OG0026411	1	1	1	3
OG0026412	1	1	1	3
OG0026413	1	1	1	3
OG0026414	1	1	1	3
OG0026415	1	1	1	3
OG0026416	1	1	1	3
OG0026417	2	1	0	3
OG0026418	1	0	2	3
OG0026419	1	1	1	3
OG0026420	1	1	1	3
OG0026421	1	1	1	3
OG0026422	1	1	1	3
OG0026423	1	1	1	3
OG0026424	1	1	1	3
OG0026425	1	1	1	3
OG0026426	1	1	1	3
OG0026427	1	1	1	3
OG0026428	1	1	1	3
OG0026429	1	1	1	3
OG0026430	1	1	1	3
OG0026431	1	1	1	3
OG0026432	1	1	1	3
OG0026433	2	1	0	3
OG0026434	1	1	1	3
OG0026435	1	1	1	3
OG0026436	1	1	1	3
OG0026437	1	1	1	3
OG0026438	1	1	1	3
OG0026439	1	1	1	3
OG0026440	1	0	2	3
OG0026441	1	1	1	3
OG0026442	1	1	1	3
OG0026443	1	1	1	3
OG0026444	1	0	2	3
OG0026445	1	1	1	3
OG0026446	1	1	1	3
OG0026447	1	1	1	3
OG0026448	1	1	1	3
OG0026449	1	1	1	3
OG0026450	2	1	0	3
OG0026451	1	1	1	3
OG0026452	1	1	1	3
OG0026453	1	1	1	3
OG0026454	1	1	1	3
OG0026455	2	1	0	3
OG0026456	1	1	1	3
OG0026457	1	1	1	3
OG0026458	1	1	1	3
OG0026459	1	1	1	3
OG0026460	1	1	1	3
OG0026461	1	1	1	3
OG0026462	1	1	1	3
OG0026463	1	1	1	3
OG0026464	1	1	1	3
OG0026465	1	1	1	3
OG0026466	1	1	1	3
OG0026467	1	1	1	3
OG0026468	1	1	1	3
OG0026469	1	2	0	3
OG0026470	1	1	1	3
OG0026471	1	1	1	3
OG0026472	1	1	1	3
OG0026473	1	1	1	3
OG0026474	1	1	1	3
OG0026475	1	1	1	3
OG0026476	1	1	1	3
OG0026477	1	1	1	3
OG0026478	1	1	1	3
OG0026479	1	1	1	3
OG0026480	1	1	1	3
OG0026481	1	1	1	3
OG0026482	1	1	1	3
OG0026483	1	1	1	3
OG0026484	1	1	1	3
OG0026485	1	2	0	3
OG0026486	1	1	1	3
OG0026487	1	1	1	3
OG0026488	1	1	1	3
OG0026489	1	0	2	3
OG0026490	1	0	2	3
OG0026491	1	1	1	3
OG0026492	1	1	1	3
OG0026493	1	1	1	3
OG0026494	1	1	1	3
OG0026495	2	0	1	3
OG0026496	2	1	0	3
OG0026497	1	1	1	3
OG0026498	1	1	1	3
OG0026499	1	2	0	3
OG0026500	2	1	0	3
OG0026501	1	1	1	3
OG0026502	1	1	1	3
OG0026503	1	1	1	3
OG0026504	1	1	1	3
OG0026505	1	1	1	3
OG0026506	1	1	1	3
OG0026507	1	2	0	3
OG0026508	2	0	1	3
OG0026509	1	1	1	3
OG0026510	1	1	1	3
OG0026511	2	1	0	3
OG0026512	1	1	1	3
OG0026513	1	1	1	3
OG0026514	1	1	1	3
OG0026515	1	1	1	3
OG0026516	1	1	1	3
OG0026517	1	1	1	3
OG0026518	1	1	1	3
OG0026519	1	1	1	3
OG0026520	1	1	1	3
OG0026521	1	1	1	3
OG0026522	1	1	1	3
OG0026523	1	1	1	3
OG0026524	1	1	1	3
OG0026525	1	1	1	3
OG0026526	1	1	1	3
OG0026527	1	1	1	3
OG0026528	1	1	1	3
OG0026529	1	1	1	3
OG0026530	1	1	1	3
OG0026531	1	1	1	3
OG0026532	1	1	1	3
OG0026533	1	0	2	3
OG0026534	1	1	1	3
OG0026535	1	1	1	3
OG0026536	1	1	1	3
OG0026537	2	1	0	3
OG0026538	1	1	1	3
OG0026539	1	1	1	3
OG0026540	1	1	1	3
OG0026541	1	1	1	3
OG0026542	1	1	1	3
OG0026543	1	0	2	3
OG0026544	1	1	1	3
OG0026545	1	1	1	3
OG0026546	1	1	1	3
OG0026547	1	1	1	3
OG0026548	2	0	1	3
OG0026549	1	1	1	3
OG0026550	1	1	1	3
OG0026551	1	1	1	3
OG0026552	1	1	1	3
OG0026553	1	1	1	3
OG0026554	1	1	1	3
OG0026555	2	1	0	3
OG0026556	1	1	1	3
OG0026557	1	1	1	3
OG0026558	1	2	0	3
OG0026559	1	1	1	3
OG0026560	1	1	1	3
OG0026561	1	1	1	3
OG0026562	1	1	1	3
OG0026563	1	1	1	3
OG0026564	2	1	0	3
OG0026565	1	1	1	3
OG0026566	1	1	1	3
OG0026567	1	1	1	3
OG0026568	2	0	1	3
OG0026569	1	1	1	3
OG0026570	1	1	1	3
OG0026571	1	1	1	3
OG0026572	1	1	1	3
OG0026573	1	1	1	3
OG0026574	1	1	1	3
OG0026575	1	1	1	3
OG0026576	1	1	1	3
OG0026577	1	1	1	3
OG0026578	1	1	1	3
OG0026579	1	1	1	3
OG0026580	1	1	1	3
OG0026581	1	1	1	3
OG0026582	1	1	1	3
OG0026583	1	1	1	3
OG0026584	1	1	1	3
OG0026585	1	2	0	3
OG0026586	1	1	1	3
OG0026587	1	1	1	3
OG0026588	1	1	1	3
OG0026589	1	1	1	3
OG0026590	1	1	1	3
OG0026591	1	1	1	3
OG0026592	1	1	1	3
OG0026593	1	1	1	3
OG0026594	1	1	1	3
OG0026595	1	0	2	3
OG0026596	1	0	2	3
OG0026597	1	1	1	3
OG0026598	2	1	0	3
OG0026599	1	1	1	3
OG0026600	1	1	1	3
OG0026601	1	2	0	3
OG0026602	1	1	1	3
OG0026603	1	1	1	3
OG0026604	1	1	1	3
OG0026605	1	1	1	3
OG0026606	1	1	1	3
OG0026607	1	1	1	3
OG0026608	1	1	1	3
OG0026609	2	0	1	3
OG0026610	1	1	1	3
OG0026611	1	1	1	3
OG0026612	1	1	1	3
OG0026613	1	1	1	3
OG0026614	1	1	1	3
OG0026615	1	1	1	3
OG0026616	1	1	1	3
OG0026617	1	0	2	3
OG0026618	1	1	1	3
OG0026619	1	1	1	3
OG0026620	1	1	1	3
OG0026621	1	1	1	3
OG0026622	1	2	0	3
OG0026623	1	1	1	3
OG0026624	1	2	0	3
OG0026625	1	1	1	3
OG0026626	1	1	1	3
OG0026627	1	1	1	3
OG0026628	1	1	1	3
OG0026629	1	1	1	3
OG0026630	1	1	1	3
OG0026631	1	2	0	3
OG0026632	1	1	1	3
OG0026633	1	1	1	3
OG0026634	1	1	1	3
OG0026635	1	1	1	3
OG0026636	1	1	1	3
OG0026637	1	1	1	3
OG0026638	1	1	1	3
OG0026639	2	1	0	3
OG0026640	1	1	1	3
OG0026641	1	1	1	3
OG0026642	1	2	0	3
OG0026643	1	1	1	3
OG0026644	1	1	1	3
OG0026645	1	1	1	3
OG0026646	1	1	1	3
OG0026647	1	1	1	3
OG0026648	1	2	0	3
OG0026649	1	1	1	3
OG0026650	1	1	1	3
OG0026651	1	1	1	3
OG0026652	1	1	1	3
OG0026653	1	1	1	3
OG0026654	1	1	1	3
OG0026655	1	1	1	3
OG0026656	1	1	1	3
OG0026657	1	1	1	3
OG0026658	1	2	0	3
OG0026659	1	1	1	3
OG0026660	1	0	2	3
OG0026661	1	1	1	3
OG0026662	1	1	1	3
OG0026663	1	1	1	3
OG0026664	1	1	1	3
OG0026665	1	1	1	3
OG0026666	1	1	1	3
OG0026667	1	1	1	3
OG0026668	1	1	1	3
OG0026669	1	1	1	3
OG0026670	1	1	1	3
OG0026671	1	1	1	3
OG0026672	1	2	0	3
OG0026673	2	0	1	3
OG0026674	1	1	1	3
OG0026675	2	1	0	3
OG0026676	1	1	1	3
OG0026677	1	1	1	3
OG0026678	1	1	1	3
OG0026679	1	1	1	3
OG0026680	1	1	1	3
OG0026681	1	1	1	3
OG0026682	1	1	1	3
OG0026683	1	1	1	3
OG0026684	1	1	1	3
OG0026685	1	1	1	3
OG0026686	1	1	1	3
OG0026687	1	1	1	3
OG0026688	1	1	1	3
OG0026689	1	1	1	3
OG0026690	1	1	1	3
OG0026691	1	1	1	3
OG0026692	2	1	0	3
OG0026693	1	1	1	3
OG0026694	1	1	1	3
OG0026695	1	1	1	3
OG0026696	1	1	1	3
OG0026697	1	1	1	3
OG0026698	1	1	1	3
OG0026699	1	0	2	3
OG0026700	1	1	1	3
OG0026701	1	1	1	3
OG0026702	1	1	1	3
OG0026703	1	1	1	3
OG0026704	1	1	1	3
OG0026705	1	1	1	3
OG0026706	1	1	1	3
OG0026707	1	2	0	3
OG0026708	1	0	2	3
OG0026709	1	1	1	3
OG0026710	1	0	2	3
OG0026711	1	0	2	3
OG0026712	1	1	1	3
OG0026713	1	1	1	3
OG0026714	1	0	2	3
OG0026715	2	1	0	3
OG0026716	1	1	1	3
OG0026717	1	1	1	3
OG0026718	1	1	1	3
OG0026719	2	1	0	3
OG0026720	1	1	1	3
OG0026721	1	1	1	3
OG0026722	1	1	1	3
OG0026723	1	1	1	3
OG0026724	1	1	1	3
OG0026725	2	1	0	3
OG0026726	1	1	1	3
OG0026727	1	1	1	3
OG0026728	1	1	1	3
OG0026729	1	1	1	3
OG0026730	1	1	1	3
OG0026731	1	1	1	3
OG0026732	1	1	1	3
OG0026733	1	1	1	3
OG0026734	1	0	2	3
OG0026735	1	1	1	3
OG0026736	1	1	1	3
OG0026737	1	1	1	3
OG0026738	2	1	0	3
OG0026739	1	1	1	3
OG0026740	1	1	1	3
OG0026741	2	1	0	3
OG0026742	1	1	1	3
OG0026743	1	1	1	3
OG0026744	1	1	1	3
OG0026745	2	0	1	3
OG0026746	1	1	1	3
OG0026747	1	1	1	3
OG0026748	1	1	1	3
OG0026749	1	1	1	3
OG0026750	1	1	1	3
OG0026751	1	1	1	3
OG0026752	1	1	1	3
OG0026753	1	1	1	3
OG0026754	1	1	1	3
OG0026755	1	1	1	3
OG0026756	1	1	1	3
OG0026757	1	1	1	3
OG0026758	1	0	2	3
OG0026759	1	1	1	3
OG0026760	1	1	1	3
OG0026761	1	1	1	3
OG0026762	1	1	1	3
OG0026763	1	1	1	3
OG0026764	1	1	1	3
OG0026765	1	1	1	3
OG0026766	1	1	1	3
OG0026767	1	2	0	3
OG0026768	1	1	1	3
OG0026769	1	1	1	3
OG0026770	1	1	1	3
OG0026771	2	1	0	3
OG0026772	1	1	1	3
OG0026773	1	1	1	3
OG0026774	1	1	1	3
OG0026775	1	1	1	3
OG0026776	1	1	1	3
OG0026777	1	1	1	3
OG0026778	1	1	1	3
OG0026779	1	1	1	3
OG0026780	1	0	2	3
OG0026781	1	1	1	3
OG0026782	1	1	1	3
OG0026783	1	1	1	3
OG0026784	1	1	1	3
OG0026785	1	1	1	3
OG0026786	1	1	1	3
OG0026787	1	1	1	3
OG0026788	1	1	1	3
OG0026789	1	1	1	3
OG0026790	1	1	1	3
OG0026791	1	0	2	3
OG0026792	2	1	0	3
OG0026793	2	1	0	3
OG0026794	1	1	1	3
OG0026795	1	2	0	3
OG0026796	1	2	0	3
OG0026797	2	1	0	3
OG0026798	1	2	0	3
OG0026799	1	1	1	3
OG0026800	1	1	1	3
OG0026801	1	1	1	3
OG0026802	1	1	1	3
OG0026803	1	0	2	3
OG0026804	1	1	1	3
OG0026805	1	1	1	3
OG0026806	1	1	1	3
OG0026807	1	1	1	3
OG0026808	2	0	1	3
OG0026809	1	1	1	3
OG0026810	1	1	1	3
OG0026811	1	0	2	3
OG0026812	1	1	1	3
OG0026813	1	1	1	3
OG0026814	1	1	1	3
OG0026815	1	1	1	3
OG0026816	1	2	0	3
OG0026817	1	1	1	3
OG0026818	1	1	1	3
OG0026819	1	1	1	3
OG0026820	1	2	0	3
OG0026821	1	1	1	3
OG0026822	1	1	1	3
OG0026823	1	1	1	3
OG0026824	1	1	1	3
OG0026825	1	1	1	3
OG0026826	1	1	1	3
OG0026827	2	1	0	3
OG0026828	1	1	1	3
OG0026829	1	1	1	3
OG0026830	1	2	0	3
OG0026831	1	1	1	3
OG0026832	1	1	1	3
OG0026833	1	1	1	3
OG0026834	1	0	2	3
OG0026835	2	1	0	3
OG0026836	1	1	1	3
OG0026837	1	1	1	3
OG0026838	2	0	1	3
OG0026839	1	1	1	3
OG0026840	1	1	1	3
OG0026841	1	1	1	3
OG0026842	1	1	1	3
OG0026843	1	1	1	3
OG0026844	1	1	1	3
OG0026845	1	1	1	3
OG0026846	1	1	1	3
OG0026847	1	1	1	3
OG0026848	1	1	1	3
OG0026849	1	1	1	3
OG0026850	1	1	1	3
OG0026851	1	0	2	3
OG0026852	2	0	1	3
OG0026853	1	1	1	3
OG0026854	1	1	1	3
OG0026855	2	0	1	3
OG0026856	1	1	1	3
OG0026857	1	1	1	3
OG0026858	1	1	1	3
OG0026859	1	1	1	3
OG0026860	1	1	1	3
OG0026861	1	2	0	3
OG0026862	1	1	1	3
OG0026863	1	1	1	3
OG0026864	1	1	1	3
OG0026865	1	1	1	3
OG0026866	1	1	1	3
OG0026867	1	1	1	3
OG0026868	2	1	0	3
OG0026869	1	1	1	3
OG0026870	1	1	1	3
OG0026871	1	1	1	3
OG0026872	1	0	2	3
OG0026873	1	1	1	3
OG0026874	1	0	2	3
OG0026875	1	1	1	3
OG0026876	1	1	1	3
OG0026877	1	0	2	3
OG0026878	1	1	1	3
OG0026879	1	1	1	3
OG0026880	1	1	1	3
OG0026881	1	1	1	3
OG0026882	1	1	1	3
OG0026883	1	1	1	3
OG0026884	1	1	1	3
OG0026885	1	1	1	3
OG0026886	1	1	1	3
OG0026887	1	1	1	3
OG0026888	1	1	1	3
OG0026889	1	1	1	3
OG0026890	1	1	1	3
OG0026891	1	1	1	3
OG0026892	1	1	1	3
OG0026893	1	1	1	3
OG0026894	1	1	1	3
OG0026895	1	2	0	3
OG0026896	1	2	0	3
OG0026897	1	1	1	3
OG0026898	1	1	1	3
OG0026899	1	1	1	3
OG0026900	1	1	1	3
OG0026901	1	1	1	3
OG0026902	1	1	1	3
OG0026903	1	1	1	3
OG0026904	1	1	1	3
OG0026905	1	1	1	3
OG0026906	1	1	1	3
OG0026907	1	1	1	3
OG0026908	1	1	1	3
OG0026909	1	1	1	3
OG0026910	1	0	2	3
OG0026911	1	2	0	3
OG0026912	1	0	2	3
OG0026913	1	1	1	3
OG0026914	1	1	1	3
OG0026915	1	1	1	3
OG0026916	1	1	1	3
OG0026917	1	2	0	3
OG0026918	1	1	1	3
OG0026919	1	1	1	3
OG0026920	1	1	1	3
OG0026921	1	1	1	3
OG0026922	2	1	0	3
OG0026923	1	1	1	3
OG0026924	2	1	0	3
OG0026925	2	1	0	3
OG0026926	2	1	0	3
OG0026927	1	1	1	3
OG0026928	1	1	1	3
OG0026929	1	1	1	3
OG0026930	1	1	1	3
OG0026931	2	0	1	3
OG0026932	1	1	1	3
OG0026933	1	1	1	3
OG0026934	1	0	2	3
OG0026935	2	1	0	3
OG0026936	1	1	1	3
OG0026937	1	1	1	3
OG0026938	1	1	1	3
OG0026939	1	1	1	3
OG0026940	1	1	1	3
OG0026941	1	1	1	3
OG0026942	1	1	1	3
OG0026943	2	1	0	3
OG0026944	1	1	1	3
OG0026945	2	0	1	3
OG0026946	1	1	1	3
OG0026947	1	2	0	3
OG0026948	1	1	1	3
OG0026949	1	2	0	3
OG0026950	1	1	1	3
OG0026951	1	1	1	3
OG0026952	1	1	1	3
OG0026953	1	1	1	3
OG0026954	1	1	1	3
OG0026955	1	1	1	3
OG0026956	1	1	1	3
OG0026957	1	1	1	3
OG0026958	1	1	1	3
OG0026959	1	1	1	3
OG0026960	1	2	0	3
OG0026961	1	1	1	3
OG0026962	1	1	1	3
OG0026963	1	1	1	3
OG0026964	2	1	0	3
OG0026965	1	1	1	3
OG0026966	1	1	1	3
OG0026967	1	1	1	3
OG0026968	1	1	1	3
OG0026969	2	1	0	3
OG0026970	1	1	1	3
OG0026971	2	1	0	3
OG0026972	1	1	1	3
OG0026973	1	1	1	3
OG0026974	1	1	1	3
OG0026975	1	1	1	3
OG0026976	1	1	1	3
OG0026977	2	1	0	3
OG0026978	1	1	1	3
OG0026979	1	1	1	3
OG0026980	1	1	1	3
OG0026981	1	1	1	3
OG0026982	1	2	0	3
OG0026983	1	1	1	3
OG0026984	1	1	1	3
OG0026985	1	1	1	3
OG0026986	1	1	1	3
OG0026987	1	2	0	3
OG0026988	1	1	1	3
OG0026989	1	1	1	3
OG0026990	1	1	1	3
OG0026991	1	1	1	3
OG0026992	1	1	1	3
OG0026993	1	1	1	3
OG0026994	1	1	1	3
OG0026995	1	1	1	3
OG0026996	1	1	1	3
OG0026997	1	2	0	3
OG0026998	1	1	1	3
OG0026999	1	1	1	3
OG0027000	1	1	1	3
OG0027001	1	1	1	3
OG0027002	2	1	0	3
OG0027003	1	1	1	3
OG0027004	1	1	1	3
OG0027005	1	1	1	3
OG0027006	1	1	1	3
OG0027007	1	1	1	3
OG0027008	1	2	0	3
OG0027009	2	0	1	3
OG0027010	1	1	1	3
OG0027011	2	0	1	3
OG0027012	2	1	0	3
OG0027013	1	1	1	3
OG0027014	1	1	1	3
OG0027015	1	1	1	3
OG0027016	1	1	1	3
OG0027017	1	1	1	3
OG0027018	1	1	1	3
OG0027019	1	1	1	3
OG0027020	1	1	1	3
OG0027021	1	1	1	3
OG0027022	1	1	1	3
OG0027023	1	1	1	3
OG0027024	1	2	0	3
OG0027025	1	1	1	3
OG0027026	1	1	1	3
OG0027027	1	1	1	3
OG0027028	1	1	1	3
OG0027029	1	0	2	3
OG0027030	1	1	1	3
OG0027031	1	2	0	3
OG0027032	1	1	1	3
OG0027033	1	1	1	3
OG0027034	1	1	1	3
OG0027035	1	1	1	3
OG0027036	1	1	1	3
OG0027037	1	1	1	3
OG0027038	1	1	1	3
OG0027039	1	1	1	3
OG0027040	1	1	1	3
OG0027041	1	1	1	3
OG0027042	1	1	1	3
OG0027043	1	1	1	3
OG0027044	1	1	1	3
OG0027045	1	1	1	3
OG0027046	1	1	1	3
OG0027047	2	1	0	3
OG0027048	1	1	1	3
OG0027049	1	1	1	3
OG0027050	1	1	1	3
OG0027051	1	1	1	3
OG0027052	1	1	1	3
OG0027053	1	1	1	3
OG0027054	1	1	1	3
OG0027055	1	1	1	3
OG0027056	1	1	1	3
OG0027057	1	1	1	3
OG0027058	1	1	1	3
OG0027059	1	1	1	3
OG0027060	1	1	1	3
OG0027061	1	1	1	3
OG0027062	1	0	2	3
OG0027063	1	1	1	3
OG0027064	1	1	1	3
OG0027065	1	1	1	3
OG0027066	1	1	1	3
OG0027067	1	1	1	3
OG0027068	1	1	1	3
OG0027069	1	1	1	3
OG0027070	1	1	1	3
OG0027071	1	1	1	3
OG0027072	1	1	1	3
OG0027073	1	1	1	3
OG0027074	1	1	1	3
OG0027075	1	1	1	3
OG0027076	2	1	0	3
OG0027077	2	0	1	3
OG0027078	1	1	1	3
OG0027079	1	1	1	3
OG0027080	1	1	1	3
OG0027081	1	1	1	3
OG0027082	1	1	1	3
OG0027083	1	1	1	3
OG0027084	1	1	1	3
OG0027085	1	1	1	3
OG0027086	1	1	1	3
OG0027087	1	1	1	3
OG0027088	1	1	1	3
OG0027089	1	1	1	3
OG0027090	1	1	1	3
OG0027091	1	1	1	3
OG0027092	1	1	1	3
OG0027093	1	1	1	3
OG0027094	2	1	0	3
OG0027095	1	1	1	3
OG0027096	1	1	1	3
OG0027097	1	1	1	3
OG0027098	1	1	1	3
OG0027099	1	1	1	3
OG0027100	1	1	1	3
OG0027101	1	1	1	3
OG0027102	1	1	1	3
OG0027103	1	1	1	3
OG0027104	1	1	1	3
OG0027105	1	1	1	3
OG0027106	1	1	1	3
OG0027107	1	1	1	3
OG0027108	1	1	1	3
OG0027109	1	1	1	3
OG0027110	1	1	1	3
OG0027111	1	1	1	3
OG0027112	2	1	0	3
OG0027113	1	1	1	3
OG0027114	1	1	1	3
OG0027115	1	1	1	3
OG0027116	1	0	2	3
OG0027117	1	0	2	3
OG0027118	1	1	1	3
OG0027119	1	2	0	3
OG0027120	1	2	0	3
OG0027121	1	1	1	3
OG0027122	2	0	1	3
OG0027123	2	0	1	3
OG0027124	1	1	1	3
OG0027125	1	2	0	3
OG0027126	1	1	1	3
OG0027127	1	1	1	3
OG0027128	1	1	1	3
OG0027129	1	1	1	3
OG0027130	1	1	1	3
OG0027131	1	2	0	3
OG0027132	1	1	1	3
OG0027133	1	1	1	3
OG0027134	1	1	1	3
OG0027135	1	1	1	3
OG0027136	1	1	1	3
OG0027137	1	2	0	3
OG0027138	1	1	1	3
OG0027139	1	1	1	3
OG0027140	1	1	1	3
OG0027141	1	1	1	3
OG0027142	1	1	1	3
OG0027143	1	1	1	3
OG0027144	1	1	1	3
OG0027145	1	1	1	3
OG0027146	1	1	1	3
OG0027147	1	1	1	3
OG0027148	1	1	1	3
OG0027149	1	1	1	3
OG0027150	1	2	0	3
OG0027151	1	1	1	3
OG0027152	1	1	1	3
OG0027153	2	1	0	3
OG0027154	1	1	1	3
OG0027155	1	1	1	3
OG0027156	1	1	1	3
OG0027157	1	1	1	3
OG0027158	1	1	1	3
OG0027159	1	1	1	3
OG0027160	1	1	1	3
OG0027161	1	1	1	3
OG0027162	1	1	1	3
OG0027163	1	1	1	3
OG0027164	1	1	1	3
OG0027165	2	0	1	3
OG0027166	1	1	1	3
OG0027167	1	1	1	3
OG0027168	1	1	1	3
OG0027169	1	1	1	3
OG0027170	2	1	0	3
OG0027171	1	1	1	3
OG0027172	2	1	0	3
OG0027173	1	1	1	3
OG0027174	1	1	1	3
OG0027175	1	1	1	3
OG0027176	1	1	1	3
OG0027177	2	0	1	3
OG0027178	1	1	1	3
OG0027179	1	1	1	3
OG0027180	1	1	1	3
OG0027181	2	1	0	3
OG0027182	1	0	2	3
OG0027183	1	1	1	3
OG0027184	1	1	1	3
OG0027185	2	1	0	3
OG0027186	2	0	1	3
OG0027187	1	1	1	3
OG0027188	2	0	1	3
OG0027189	1	1	1	3
OG0027190	1	0	2	3
OG0027191	1	1	1	3
OG0027192	1	1	1	3
OG0027193	1	1	1	3
OG0027194	1	1	1	3
OG0027195	1	1	1	3
OG0027196	1	1	1	3
OG0027197	1	1	1	3
OG0027198	1	1	1	3
OG0027199	2	1	0	3
OG0027200	1	1	1	3
OG0027201	2	1	0	3
OG0027202	1	1	1	3
OG0027203	1	1	1	3
OG0027204	1	1	1	3
OG0027205	1	1	1	3
OG0027206	1	1	1	3
OG0027207	1	1	1	3
OG0027208	1	1	1	3
OG0027209	1	1	1	3
OG0027210	1	1	1	3
OG0027211	1	1	1	3
OG0027212	1	1	1	3
OG0027213	1	1	1	3
OG0027214	1	1	1	3
OG0027215	1	1	1	3
OG0027216	2	1	0	3
OG0027217	1	1	1	3
OG0027218	1	2	0	3
OG0027219	1	1	1	3
OG0027220	1	1	1	3
OG0027221	1	1	1	3
OG0027222	1	1	1	3
OG0027223	1	1	1	3
OG0027224	1	1	1	3
OG0027225	1	1	1	3
OG0027226	1	1	1	3
OG0027227	1	1	1	3
OG0027228	1	1	1	3
OG0027229	2	1	0	3
OG0027230	1	1	1	3
OG0027231	1	1	1	3
OG0027232	1	1	1	3
OG0027233	1	1	1	3
OG0027234	1	1	1	3
OG0027235	1	1	1	3
OG0027236	1	1	1	3
OG0027237	1	1	1	3
OG0027238	1	1	1	3
OG0027239	1	1	1	3
OG0027240	1	1	1	3
OG0027241	1	1	1	3
OG0027242	1	1	1	3
OG0027243	1	0	2	3
OG0027244	1	1	1	3
OG0027245	2	1	0	3
OG0027246	2	0	1	3
OG0027247	1	1	1	3
OG0027248	1	1	1	3
OG0027249	1	1	1	3
OG0027250	1	1	1	3
OG0027251	1	1	1	3
OG0027252	1	1	1	3
OG0027253	1	1	1	3
OG0027254	1	1	1	3
OG0027255	1	1	1	3
OG0027256	1	1	1	3
OG0027257	1	1	1	3
OG0027258	1	1	1	3
OG0027259	1	1	1	3
OG0027260	1	1	1	3
OG0027261	1	1	1	3
OG0027262	1	1	1	3
OG0027263	1	1	1	3
OG0027264	1	0	2	3
OG0027265	1	1	1	3
OG0027266	1	0	2	3
OG0027267	1	1	1	3
OG0027268	1	1	1	3
OG0027269	1	2	0	3
OG0027270	1	1	1	3
OG0027271	1	1	1	3
OG0027272	1	1	1	3
OG0027273	1	1	1	3
OG0027274	1	1	1	3
OG0027275	1	1	1	3
OG0027276	1	1	1	3
OG0027277	1	1	1	3
OG0027278	1	1	1	3
OG0027279	1	1	1	3
OG0027280	1	1	1	3
OG0027281	1	1	1	3
OG0027282	1	1	1	3
OG0027283	2	0	1	3
OG0027284	2	1	0	3
OG0027285	2	1	0	3
OG0027286	1	1	1	3
OG0027287	1	1	1	3
OG0027288	1	1	1	3
OG0027289	1	1	1	3
OG0027290	1	1	1	3
OG0027291	2	0	1	3
OG0027292	1	1	1	3
OG0027293	1	1	1	3
OG0027294	1	2	0	3
OG0027295	1	1	1	3
OG0027296	1	1	1	3
OG0027297	1	1	1	3
OG0027298	1	1	1	3
OG0027299	1	1	1	3
OG0027300	1	1	1	3
OG0027301	1	1	1	3
OG0027302	1	1	1	3
OG0027303	1	1	1	3
OG0027304	1	2	0	3
OG0027305	1	1	1	3
OG0027306	1	1	1	3
OG0027307	1	1	1	3
OG0027308	1	1	1	3
OG0027309	1	1	1	3
OG0027310	1	1	1	3
OG0027311	2	1	0	3
OG0027312	1	1	1	3
OG0027313	1	1	1	3
OG0027314	1	1	1	3
OG0027315	2	1	0	3
OG0027316	2	1	0	3
OG0027317	1	1	1	3
OG0027318	1	1	1	3
OG0027319	1	1	1	3
OG0027320	1	1	1	3
OG0027321	1	1	1	3
OG0027322	1	1	1	3
OG0027323	1	2	0	3
OG0027324	1	1	1	3
OG0027325	1	1	1	3
OG0027326	1	1	1	3
OG0027327	1	1	1	3
OG0027328	2	1	0	3
OG0027329	1	1	1	3
OG0027330	1	1	1	3
OG0027331	2	1	0	3
OG0027332	1	1	1	3
OG0027333	1	1	1	3
OG0027334	1	1	1	3
OG0027335	1	1	1	3
OG0027336	1	1	1	3
OG0027337	1	1	1	3
OG0027338	1	1	1	3
OG0027339	1	1	1	3
OG0027340	1	1	1	3
OG0027341	1	1	1	3
OG0027342	1	2	0	3
OG0027343	1	1	1	3
OG0027344	1	1	1	3
OG0027345	1	1	1	3
OG0027346	1	1	1	3
OG0027347	1	0	2	3
OG0027348	1	1	1	3
OG0027349	1	1	1	3
OG0027350	1	2	0	3
OG0027351	1	2	0	3
OG0027352	1	1	1	3
OG0027353	1	1	1	3
OG0027354	1	1	1	3
OG0027355	1	1	1	3
OG0027356	1	1	1	3
OG0027357	1	1	1	3
OG0027358	1	1	1	3
OG0027359	1	2	0	3
OG0027360	1	1	1	3
OG0027361	1	1	1	3
OG0027362	1	0	2	3
OG0027363	1	1	1	3
OG0027364	1	1	1	3
OG0027365	1	1	1	3
OG0027366	1	1	1	3
OG0027367	1	0	2	3
OG0027368	1	1	1	3
OG0027369	1	1	1	3
OG0027370	1	1	1	3
OG0027371	1	1	1	3
OG0027372	1	1	1	3
OG0027373	1	1	1	3
OG0027374	1	2	0	3
OG0027375	1	2	0	3
OG0027376	1	1	1	3
OG0027377	1	1	1	3
OG0027378	2	1	0	3
OG0027379	1	0	2	3
OG0027380	1	1	1	3
OG0027381	1	1	1	3
OG0027382	1	1	1	3
OG0027383	1	1	1	3
OG0027384	2	1	0	3
OG0027385	1	1	1	3
OG0027386	1	1	1	3
OG0027387	1	1	1	3
OG0027388	1	1	1	3
OG0027389	1	1	1	3
OG0027390	1	1	1	3
OG0027391	1	1	1	3
OG0027392	1	1	1	3
OG0027393	1	1	1	3
OG0027394	1	1	1	3
OG0027395	2	1	0	3
OG0027396	1	1	1	3
OG0027397	1	1	1	3
OG0027398	1	1	1	3
OG0027399	1	1	1	3
OG0027400	1	1	1	3
OG0027401	1	1	1	3
OG0027402	1	1	1	3
OG0027403	1	1	1	3
OG0027404	1	1	1	3
OG0027405	1	1	1	3
OG0027406	1	1	1	3
OG0027407	1	1	1	3
OG0027408	1	1	1	3
OG0027409	1	1	1	3
OG0027410	1	1	1	3
OG0027411	1	1	1	3
OG0027412	1	1	1	3
OG0027413	1	1	1	3
OG0027414	1	1	1	3
OG0027415	1	1	1	3
OG0027416	1	2	0	3
OG0027417	1	1	1	3
OG0027418	1	1	1	3
OG0027419	1	2	0	3
OG0027420	1	1	1	3
OG0027421	1	1	1	3
OG0027422	1	1	1	3
OG0027423	1	1	1	3
OG0027424	2	1	0	3
OG0027425	2	1	0	3
OG0027426	1	1	1	3
OG0027427	1	1	1	3
OG0027428	1	1	1	3
OG0027429	1	1	1	3
OG0027430	1	1	1	3
OG0027431	1	1	1	3
OG0027432	1	1	1	3
OG0027433	1	1	1	3
OG0027434	1	1	1	3
OG0027435	1	1	1	3
OG0027436	1	1	1	3
OG0027437	1	1	1	3
OG0027438	1	1	1	3
OG0027439	1	1	1	3
OG0027440	1	0	2	3
OG0027441	1	1	1	3
OG0027442	1	0	2	3
OG0027443	1	1	1	3
OG0027444	1	0	2	3
OG0027445	1	1	1	3
OG0027446	1	1	1	3
OG0027447	1	1	1	3
OG0027448	1	1	1	3
OG0027449	1	1	1	3
OG0027450	1	1	1	3
OG0027451	1	1	1	3
OG0027452	1	1	1	3
OG0027453	1	1	1	3
OG0027454	1	1	1	3
OG0027455	1	1	1	3
OG0027456	1	1	1	3
OG0027457	1	1	1	3
OG0027458	1	1	1	3
OG0027459	1	0	2	3
OG0027460	1	1	1	3
OG0027461	1	1	1	3
OG0027462	1	1	1	3
OG0027463	1	1	1	3
OG0027464	1	0	2	3
OG0027465	1	1	1	3
OG0027466	1	1	1	3
OG0027467	2	1	0	3
OG0027468	1	1	1	3
OG0027469	1	1	1	3
OG0027470	1	1	1	3
OG0027471	1	1	1	3
OG0027472	1	1	1	3
OG0027473	1	1	1	3
OG0027474	1	1	1	3
OG0027475	1	1	1	3
OG0027476	1	1	1	3
OG0027477	1	1	1	3
OG0027478	1	1	1	3
OG0027479	2	0	1	3
OG0027480	2	1	0	3
OG0027481	1	1	1	3
OG0027482	2	0	1	3
OG0027483	2	1	0	3
OG0027484	1	1	1	3
OG0027485	1	1	1	3
OG0027486	1	1	1	3
OG0027487	1	1	1	3
OG0027488	1	1	1	3
OG0027489	1	1	1	3
OG0027490	1	1	1	3
OG0027491	1	1	1	3
OG0027492	1	1	1	3
OG0027493	1	1	1	3
OG0027494	1	1	1	3
OG0027495	2	0	1	3
OG0027496	1	2	0	3
OG0027497	1	2	0	3
OG0027498	1	1	1	3
OG0027499	1	1	1	3
OG0027500	1	1	1	3
OG0027501	1	1	1	3
OG0027502	1	1	1	3
OG0027503	1	1	1	3
OG0027504	1	1	1	3
OG0027505	1	1	1	3
OG0027506	1	1	1	3
OG0027507	1	1	1	3
OG0027508	2	1	0	3
OG0027509	1	1	1	3
OG0027510	1	1	1	3
OG0027511	1	1	1	3
OG0027512	1	1	1	3
OG0027513	1	1	1	3
OG0027514	1	1	1	3
OG0027515	1	1	1	3
OG0027516	1	1	1	3
OG0027517	1	1	1	3
OG0027518	1	1	1	3
OG0027519	1	1	1	3
OG0027520	1	1	1	3
OG0027521	1	1	1	3
OG0027522	1	1	1	3
OG0027523	1	1	1	3
OG0027524	1	1	1	3
OG0027525	1	1	1	3
OG0027526	1	1	1	3
OG0027527	1	1	1	3
OG0027528	1	1	1	3
OG0027529	1	1	1	3
OG0027530	1	1	1	3
OG0027531	1	1	1	3
OG0027532	1	1	1	3
OG0027533	1	0	2	3
OG0027534	1	2	0	3
OG0027535	1	1	1	3
OG0027536	1	1	1	3
OG0027537	1	1	1	3
OG0027538	1	1	1	3
OG0027539	1	1	1	3
OG0027540	1	1	1	3
OG0027541	1	1	1	3
OG0027542	1	2	0	3
OG0027543	1	1	1	3
OG0027544	1	1	1	3
OG0027545	1	1	1	3
OG0027546	1	1	1	3
OG0027547	1	1	1	3
OG0027548	1	1	1	3
OG0027549	1	0	2	3
OG0027550	1	1	1	3
OG0027551	1	1	1	3
OG0027552	1	2	0	3
OG0027553	1	1	1	3
OG0027554	1	1	1	3
OG0027555	1	1	1	3
OG0027556	1	1	1	3
OG0027557	2	1	0	3
OG0027558	1	1	1	3
OG0027559	1	1	1	3
OG0027560	1	1	1	3
OG0027561	1	1	1	3
OG0027562	1	1	1	3
OG0027563	1	1	1	3
OG0027564	1	1	1	3
OG0027565	1	1	1	3
OG0027566	1	1	1	3
OG0027567	1	1	1	3
OG0027568	1	2	0	3
OG0027569	1	1	1	3
OG0027570	1	1	1	3
OG0027571	1	1	1	3
OG0027572	1	1	1	3
OG0027573	1	1	1	3
OG0027574	1	1	1	3
OG0027575	1	1	1	3
OG0027576	1	1	1	3
OG0027577	1	1	1	3
OG0027578	1	1	1	3
OG0027579	2	1	0	3
OG0027580	2	1	0	3
OG0027581	1	1	1	3
OG0027582	1	1	1	3
OG0027583	1	2	0	3
OG0027584	1	1	1	3
OG0027585	1	2	0	3
OG0027586	1	1	1	3
OG0027587	1	1	1	3
OG0027588	1	1	1	3
OG0027589	1	1	1	3
OG0027590	1	1	1	3
OG0027591	2	1	0	3
OG0027592	1	0	2	3
OG0027593	1	1	1	3
OG0027594	1	1	1	3
OG0027595	1	1	1	3
OG0027596	1	1	1	3
OG0027597	1	0	2	3
OG0027598	1	1	1	3
OG0027599	1	1	1	3
OG0027600	1	1	1	3
OG0027601	2	0	1	3
OG0027602	1	1	1	3
OG0027603	1	1	1	3
OG0027604	1	1	1	3
OG0027605	1	1	1	3
OG0027606	1	1	1	3
OG0027607	1	1	1	3
OG0027608	1	1	1	3
OG0027609	1	1	1	3
OG0027610	1	1	1	3
OG0027611	1	1	1	3
OG0027612	1	1	1	3
OG0027613	1	1	1	3
OG0027614	2	1	0	3
OG0027615	2	1	0	3
OG0027616	1	1	1	3
OG0027617	2	1	0	3
OG0027618	2	1	0	3
OG0027619	1	1	1	3
OG0027620	1	1	1	3
OG0027621	2	1	0	3
OG0027622	1	1	1	3
OG0027623	1	1	1	3
OG0027624	1	1	1	3
OG0027625	1	0	2	3
OG0027626	1	1	1	3
OG0027627	1	1	1	3
OG0027628	1	1	1	3
OG0027629	1	1	1	3
OG0027630	1	1	1	3
OG0027631	1	1	1	3
OG0027632	1	1	1	3
OG0027633	1	0	2	3
OG0027634	1	1	1	3
OG0027635	1	1	1	3
OG0027636	1	1	1	3
OG0027637	1	1	1	3
OG0027638	1	1	1	3
OG0027639	1	1	1	3
OG0027640	1	1	1	3
OG0027641	1	1	1	3
OG0027642	2	1	0	3
OG0027643	1	0	2	3
OG0027644	2	1	0	3
OG0027645	1	1	1	3
OG0027646	1	1	1	3
OG0027647	1	1	1	3
OG0027648	1	1	1	3
OG0027649	1	1	1	3
OG0027650	1	0	2	3
OG0027651	2	0	1	3
OG0027652	1	0	2	3
OG0027653	1	1	1	3
OG0027654	1	1	1	3
OG0027655	1	1	1	3
OG0027656	1	1	1	3
OG0027657	1	1	1	3
OG0027658	1	0	2	3
OG0027659	1	1	1	3
OG0027660	1	1	1	3
OG0027661	1	1	1	3
OG0027662	1	1	1	3
OG0027663	1	1	1	3
OG0027664	1	1	1	3
OG0027665	1	2	0	3
OG0027666	1	1	1	3
OG0027667	1	0	2	3
OG0027668	1	1	1	3
OG0027669	1	2	0	3
OG0027670	1	1	1	3
OG0027671	1	1	1	3
OG0027672	1	0	2	3
OG0027673	1	1	1	3
OG0027674	1	1	1	3
OG0027675	1	1	1	3
OG0027676	1	1	1	3
OG0027677	2	0	1	3
OG0027678	1	1	1	3
OG0027679	1	1	1	3
OG0027680	1	1	1	3
OG0027681	1	2	0	3
OG0027682	1	1	1	3
OG0027683	2	0	1	3
OG0027684	1	1	1	3
OG0027685	1	1	1	3
OG0027686	1	1	1	3
OG0027687	1	1	1	3
OG0027688	1	0	2	3
OG0027689	1	2	0	3
OG0027690	1	1	1	3
OG0027691	1	1	1	3
OG0027692	1	0	2	3
OG0027693	1	1	1	3
OG0027694	1	1	1	3
OG0027695	1	1	1	3
OG0027696	1	1	1	3
OG0027697	1	1	1	3
OG0027698	1	2	0	3
OG0027699	1	1	1	3
OG0027700	1	1	1	3
OG0027701	1	1	1	3
OG0027702	2	1	0	3
OG0027703	2	1	0	3
OG0027704	1	1	1	3
OG0027705	1	0	2	3
OG0027706	1	1	1	3
OG0027707	1	1	1	3
OG0027708	1	1	1	3
OG0027709	1	1	1	3
OG0027710	1	1	1	3
OG0027711	1	1	1	3
OG0027712	1	2	0	3
OG0027713	1	1	1	3
OG0027714	1	1	1	3
OG0027715	1	1	1	3
OG0027716	2	1	0	3
OG0027717	1	1	1	3
OG0027718	1	1	1	3
OG0027719	1	1	1	3
OG0027720	1	1	1	3
OG0027721	1	1	1	3
OG0027722	1	2	0	3
OG0027723	1	2	0	3
OG0027724	1	2	0	3
OG0027725	1	1	1	3
OG0027726	1	1	1	3
OG0027727	1	2	0	3
OG0027728	1	1	1	3
OG0027729	1	1	1	3
OG0027730	1	1	1	3
OG0027731	1	1	1	3
OG0027732	1	1	1	3
OG0027733	1	1	1	3
OG0027734	1	1	1	3
OG0027735	1	1	1	3
OG0027736	1	1	1	3
OG0027737	1	1	1	3
OG0027738	1	1	1	3
OG0027739	1	1	1	3
OG0027740	1	1	1	3
OG0027741	1	1	1	3
OG0027742	1	1	1	3
OG0027743	2	1	0	3
OG0027744	1	1	1	3
OG0027745	1	1	1	3
OG0027746	1	1	1	3
OG0027747	1	1	1	3
OG0027748	1	1	1	3
OG0027749	2	0	1	3
OG0027750	1	1	1	3
OG0027751	1	1	1	3
OG0027752	1	1	1	3
OG0027753	1	1	1	3
OG0027754	1	2	0	3
OG0027755	2	1	0	3
OG0027756	1	1	1	3
OG0027757	1	1	1	3
OG0027758	1	2	0	3
OG0027759	1	2	0	3
OG0027760	1	1	1	3
OG0027761	1	1	1	3
OG0027762	1	1	1	3
OG0027763	1	1	1	3
OG0027764	1	1	1	3
OG0027765	1	1	1	3
OG0027766	1	1	1	3
OG0027767	1	1	1	3
OG0027768	1	1	1	3
OG0027769	1	1	1	3
OG0027770	1	0	2	3
OG0027771	1	1	1	3
OG0027772	1	1	1	3
OG0027773	1	1	1	3
OG0027774	1	1	1	3
OG0027775	1	1	1	3
OG0027776	1	0	2	3
OG0027777	1	1	1	3
OG0027778	1	1	1	3
OG0027779	1	1	1	3
OG0027780	1	1	1	3
OG0027781	1	1	1	3
OG0027782	1	1	1	3
OG0027783	1	1	1	3
OG0027784	1	1	1	3
OG0027785	1	1	1	3
OG0027786	1	1	1	3
OG0027787	1	1	1	3
OG0027788	1	1	1	3
OG0027789	1	2	0	3
OG0027790	2	0	1	3
OG0027791	1	1	1	3
OG0027792	1	1	1	3
OG0027793	1	1	1	3
OG0027794	1	1	1	3
OG0027795	1	1	1	3
OG0027796	1	1	1	3
OG0027797	1	1	1	3
OG0027798	1	1	1	3
OG0027799	1	1	1	3
OG0027800	1	1	1	3
OG0027801	1	1	1	3
OG0027802	1	1	1	3
OG0027803	1	0	2	3
OG0027804	1	1	1	3
OG0027805	2	1	0	3
OG0027806	1	1	1	3
OG0027807	1	1	1	3
OG0027808	1	1	1	3
OG0027809	1	0	2	3
OG0027810	1	1	1	3
OG0027811	1	1	1	3
OG0027812	1	1	1	3
OG0027813	1	1	1	3
OG0027814	1	1	1	3
OG0027815	1	1	1	3
OG0027816	1	1	1	3
OG0027817	1	1	1	3
OG0027818	1	1	1	3
OG0027819	1	1	1	3
OG0027820	2	1	0	3
OG0027821	1	1	1	3
OG0027822	1	1	1	3
OG0027823	1	1	1	3
OG0027824	1	1	1	3
OG0027825	1	1	1	3
OG0027826	1	1	1	3
OG0027827	1	1	1	3
OG0027828	1	1	1	3
OG0027829	1	1	1	3
OG0027830	1	1	1	3
OG0027831	1	2	0	3
OG0027832	1	1	1	3
OG0027833	1	1	1	3
OG0027834	1	1	1	3
OG0027835	1	1	1	3
OG0027836	1	1	1	3
OG0027837	1	1	1	3
OG0027838	1	1	1	3
OG0027839	1	1	1	3
OG0027840	1	1	1	3
OG0027841	1	1	1	3
OG0027842	1	1	1	3
OG0027843	1	1	1	3
OG0027844	1	1	1	3
OG0027845	1	1	1	3
OG0027846	1	1	1	3
OG0027847	1	1	1	3
OG0027848	1	1	1	3
OG0027849	1	1	1	3
OG0027850	2	1	0	3
OG0027851	1	1	1	3
OG0027852	1	1	1	3
OG0027853	1	1	1	3
OG0027854	1	1	1	3
OG0027855	1	1	1	3
OG0027856	1	1	1	3
OG0027857	1	1	1	3
OG0027858	1	1	1	3
OG0027859	1	1	1	3
OG0027860	1	1	1	3
OG0027861	1	1	1	3
OG0027862	1	1	1	3
OG0027863	1	1	1	3
OG0027864	1	1	1	3
OG0027865	1	0	2	3
OG0027866	2	1	0	3
OG0027867	1	1	1	3
OG0027868	1	1	1	3
OG0027869	1	1	1	3
OG0027870	1	2	0	3
OG0027871	1	1	1	3
OG0027872	1	1	1	3
OG0027873	1	1	1	3
OG0027874	1	1	1	3
OG0027875	1	1	1	3
OG0027876	1	1	1	3
OG0027877	1	1	1	3
OG0027878	1	1	1	3
OG0027879	1	1	1	3
OG0027880	1	1	1	3
OG0027881	1	1	1	3
OG0027882	1	1	1	3
OG0027883	1	1	1	3
OG0027884	1	1	1	3
OG0027885	1	1	1	3
OG0027886	1	1	1	3
OG0027887	1	1	1	3
OG0027888	1	1	1	3
OG0027889	1	1	1	3
OG0027890	1	1	1	3
OG0027891	1	1	1	3
OG0027892	1	1	1	3
OG0027893	1	1	1	3
OG0027894	1	1	1	3
OG0027895	2	0	1	3
OG0027896	1	0	2	3
OG0027897	1	1	1	3
OG0027898	1	1	1	3
OG0027899	1	1	1	3
OG0027900	1	2	0	3
OG0027901	1	1	1	3
OG0027902	1	1	1	3
OG0027903	1	1	1	3
OG0027904	1	1	1	3
OG0027905	1	1	1	3
OG0027906	1	1	1	3
OG0027907	1	1	1	3
OG0027908	1	1	1	3
OG0027909	1	0	2	3
OG0027910	1	1	1	3
OG0027911	1	1	1	3
OG0027912	2	1	0	3
OG0027913	1	1	1	3
OG0027914	1	1	1	3
OG0027915	1	1	1	3
OG0027916	1	1	1	3
OG0027917	2	1	0	3
OG0027918	1	1	1	3
OG0027919	1	1	1	3
OG0027920	1	1	1	3
OG0027921	1	1	1	3
OG0027922	1	1	1	3
OG0027923	1	1	1	3
OG0027924	2	1	0	3
OG0027925	1	0	2	3
OG0027926	1	1	1	3
OG0027927	1	1	1	3
OG0027928	1	1	1	3
OG0027929	1	1	1	3
OG0027930	1	1	1	3
OG0027931	1	1	1	3
OG0027932	1	1	1	3
OG0027933	1	1	1	3
OG0027934	1	1	1	3
OG0027935	1	1	1	3
OG0027936	2	1	0	3
OG0027937	2	1	0	3
OG0027938	1	1	1	3
OG0027939	1	1	1	3
OG0027940	1	1	1	3
OG0027941	1	1	1	3
OG0027942	1	1	1	3
OG0027943	1	1	1	3
OG0027944	1	1	1	3
OG0027945	1	1	1	3
OG0027946	1	1	1	3
OG0027947	1	1	1	3
OG0027948	1	1	1	3
OG0027949	1	1	1	3
OG0027950	1	1	1	3
OG0027951	1	0	2	3
OG0027952	1	1	1	3
OG0027953	1	1	1	3
OG0027954	1	1	1	3
OG0027955	1	0	2	3
OG0027956	1	1	1	3
OG0027957	1	1	1	3
OG0027958	1	1	1	3
OG0027959	1	1	1	3
OG0027960	1	1	1	3
OG0027961	1	1	1	3
OG0027962	1	1	1	3
OG0027963	1	1	1	3
OG0027964	1	1	1	3
OG0027965	1	1	1	3
OG0027966	1	1	1	3
OG0027967	1	1	1	3
OG0027968	1	1	1	3
OG0027969	2	0	1	3
OG0027970	1	1	1	3
OG0027971	1	1	1	3
OG0027972	1	1	1	3
OG0027973	1	1	1	3
OG0027974	1	1	1	3
OG0027975	1	1	1	3
OG0027976	1	1	1	3
OG0027977	1	1	1	3
OG0027978	1	1	1	3
OG0027979	1	1	1	3
OG0027980	1	1	1	3
OG0027981	1	1	1	3
OG0027982	1	1	1	3
OG0027983	1	1	1	3
OG0027984	1	2	0	3
OG0027985	1	1	1	3
OG0027986	1	1	1	3
OG0027987	1	1	1	3
OG0027988	1	1	1	3
OG0027989	1	1	1	3
OG0027990	1	1	1	3
OG0027991	1	1	1	3
OG0027992	1	2	0	3
OG0027993	1	1	1	3
OG0027994	1	2	0	3
OG0027995	1	1	1	3
OG0027996	1	1	1	3
OG0027997	1	1	1	3
OG0027998	1	1	1	3
OG0027999	1	1	1	3
OG0028000	1	0	2	3
OG0028001	1	1	1	3
OG0028002	1	1	1	3
OG0028003	1	1	1	3
OG0028004	1	1	1	3
OG0028005	1	1	1	3
OG0028006	1	1	1	3
OG0028007	1	1	1	3
OG0028008	1	1	1	3
OG0028009	2	1	0	3
OG0028010	1	1	1	3
OG0028011	1	1	1	3
OG0028012	1	1	1	3
OG0028013	1	1	1	3
OG0028014	1	1	1	3
OG0028015	1	1	1	3
OG0028016	1	1	1	3
OG0028017	1	1	1	3
OG0028018	1	1	1	3
OG0028019	2	1	0	3
OG0028020	1	1	1	3
OG0028021	1	1	1	3
OG0028022	1	1	1	3
OG0028023	1	1	1	3
OG0028024	1	2	0	3
OG0028025	1	1	1	3
OG0028026	2	1	0	3
OG0028027	1	2	0	3
OG0028028	1	1	1	3
OG0028029	1	1	1	3
OG0028030	2	0	1	3
OG0028031	1	1	1	3
OG0028032	1	1	1	3
OG0028033	1	1	1	3
OG0028034	1	1	1	3
OG0028035	1	1	1	3
OG0028036	1	1	1	3
OG0028037	1	0	2	3
OG0028038	2	1	0	3
OG0028039	1	1	1	3
OG0028040	1	0	2	3
OG0028041	1	1	1	3
OG0028042	1	0	2	3
OG0028043	1	1	1	3
OG0028044	1	1	1	3
OG0028045	1	1	1	3
OG0028046	1	1	1	3
OG0028047	1	2	0	3
OG0028048	1	1	1	3
OG0028049	1	1	1	3
OG0028050	1	1	1	3
OG0028051	1	1	1	3
OG0028052	1	2	0	3
OG0028053	1	1	1	3
OG0028054	2	1	0	3
OG0028055	1	1	1	3
OG0028056	1	1	1	3
OG0028057	1	1	1	3
OG0028058	1	1	1	3
OG0028059	1	1	1	3
OG0028060	1	1	1	3
OG0028061	1	1	1	3
OG0028062	1	1	1	3
OG0028063	1	1	1	3
OG0028064	1	1	1	3
OG0028065	1	1	1	3
OG0028066	1	1	1	3
OG0028067	1	1	1	3
OG0028068	2	1	0	3
OG0028069	1	1	1	3
OG0028070	1	1	1	3
OG0028071	1	1	1	3
OG0028072	1	1	1	3
OG0028073	1	1	1	3
OG0028074	1	1	1	3
OG0028075	1	1	1	3
OG0028076	1	1	1	3
OG0028077	1	1	1	3
OG0028078	1	1	1	3
OG0028079	1	1	1	3
OG0028080	1	1	1	3
OG0028081	1	1	1	3
OG0028082	1	1	1	3
OG0028083	1	1	1	3
OG0028084	2	1	0	3
OG0028085	1	1	1	3
OG0028086	1	1	1	3
OG0028087	1	0	2	3
OG0028088	2	1	0	3
OG0028089	1	1	1	3
OG0028090	1	1	1	3
OG0028091	1	1	1	3
OG0028092	1	1	1	3
OG0028093	1	2	0	3
OG0028094	1	1	1	3
OG0028095	1	1	1	3
OG0028096	1	1	1	3
OG0028097	1	1	1	3
OG0028098	1	1	1	3
OG0028099	1	2	0	3
OG0028100	1	1	1	3
OG0028101	1	0	2	3
OG0028102	1	1	1	3
OG0028103	1	1	1	3
OG0028104	1	1	1	3
OG0028105	1	1	1	3
OG0028106	1	1	1	3
OG0028107	1	1	1	3
OG0028108	1	1	1	3
OG0028109	1	2	0	3
OG0028110	1	1	1	3
OG0028111	1	1	1	3
OG0028112	2	1	0	3
OG0028113	1	1	1	3
OG0028114	1	1	1	3
OG0028115	1	1	1	3
OG0028116	1	1	1	3
OG0028117	1	1	1	3
OG0028118	2	0	1	3
OG0028119	1	1	1	3
OG0028120	1	1	1	3
OG0028121	1	1	1	3
OG0028122	1	1	1	3
OG0028123	1	1	1	3
OG0028124	1	2	0	3
OG0028125	1	1	1	3
OG0028126	1	1	1	3
OG0028127	1	1	1	3
OG0028128	1	1	1	3
OG0028129	1	1	1	3
OG0028130	1	1	1	3
OG0028131	1	1	1	3
OG0028132	1	1	1	3
OG0028133	1	1	1	3
OG0028134	2	0	1	3
OG0028135	1	1	1	3
OG0028136	1	1	1	3
OG0028137	2	0	1	3
OG0028138	1	2	0	3
OG0028139	1	1	1	3
OG0028140	1	1	1	3
OG0028141	1	1	1	3
OG0028142	1	1	1	3
OG0028143	1	1	1	3
OG0028144	2	1	0	3
OG0028145	1	1	1	3
OG0028146	1	1	1	3
OG0028147	2	0	1	3
OG0028148	1	1	1	3
OG0028149	1	1	1	3
OG0028150	1	1	1	3
OG0028151	1	1	1	3
OG0028152	1	1	1	3
OG0028153	1	2	0	3
OG0028154	1	1	1	3
OG0028155	1	1	1	3
OG0028156	1	1	1	3
OG0028157	1	1	1	3
OG0028158	1	0	2	3
OG0028159	1	1	1	3
OG0028160	1	1	1	3
OG0028161	1	1	1	3
OG0028162	1	1	1	3
OG0028163	1	1	1	3
OG0028164	1	1	1	3
OG0028165	1	1	1	3
OG0028166	1	1	1	3
OG0028167	1	1	1	3
OG0028168	2	1	0	3
OG0028169	1	2	0	3
OG0028170	1	1	1	3
OG0028171	1	1	1	3
OG0028172	1	1	1	3
OG0028173	1	1	1	3
OG0028174	1	1	1	3
OG0028175	1	1	1	3
OG0028176	1	1	1	3
OG0028177	1	1	1	3
OG0028178	1	1	1	3
OG0028179	1	1	1	3
OG0028180	1	1	1	3
OG0028181	2	1	0	3
OG0028182	1	1	1	3
OG0028183	1	1	1	3
OG0028184	1	1	1	3
OG0028185	1	1	1	3
OG0028186	1	1	1	3
OG0028187	1	1	1	3
OG0028188	1	1	1	3
OG0028189	1	1	1	3
OG0028190	1	1	1	3
OG0028191	1	1	1	3
OG0028192	1	1	1	3
OG0028193	1	1	1	3
OG0028194	1	1	1	3
OG0028195	1	1	1	3
OG0028196	1	1	1	3
OG0028197	1	1	1	3
OG0028198	2	1	0	3
OG0028199	1	0	2	3
OG0028200	1	1	1	3
OG0028201	1	1	1	3
OG0028202	1	1	1	3
OG0028203	1	1	1	3
OG0028204	1	1	1	3
OG0028205	1	1	1	3
OG0028206	1	1	1	3
OG0028207	1	1	1	3
OG0028208	1	1	1	3
OG0028209	1	1	1	3
OG0028210	1	1	1	3
OG0028211	1	2	0	3
OG0028212	1	1	1	3
OG0028213	1	1	1	3
OG0028214	2	0	1	3
OG0028215	1	1	1	3
OG0028216	1	2	0	3
OG0028217	1	2	0	3
OG0028218	1	1	1	3
OG0028219	1	1	1	3
OG0028220	1	1	1	3
OG0028221	1	1	1	3
OG0028222	2	1	0	3
OG0028223	1	1	1	3
OG0028224	2	1	0	3
OG0028225	1	1	1	3
OG0028226	1	1	1	3
OG0028227	1	1	1	3
OG0028228	1	1	1	3
OG0028229	2	0	1	3
OG0028230	1	1	1	3
OG0028231	2	1	0	3
OG0028232	1	1	1	3
OG0028233	1	1	1	3
OG0028234	1	1	1	3
OG0028235	1	1	1	3
OG0028236	1	1	1	3
OG0028237	1	1	1	3
OG0028238	1	1	1	3
OG0028239	1	1	1	3
OG0028240	1	1	1	3
OG0028241	2	1	0	3
OG0028242	1	1	1	3
OG0028243	1	1	1	3
OG0028244	1	1	1	3
OG0028245	1	1	1	3
OG0028246	1	2	0	3
OG0028247	1	1	1	3
OG0028248	1	1	1	3
OG0028249	1	1	1	3
OG0028250	1	1	1	3
OG0028251	1	1	1	3
OG0028252	1	1	1	3
OG0028253	1	1	1	3
OG0028254	1	1	1	3
OG0028255	1	1	1	3
OG0028256	1	1	1	3
OG0028257	1	1	1	3
OG0028258	1	1	1	3
OG0028259	1	0	2	3
OG0028260	1	2	0	3
OG0028261	1	1	1	3
OG0028262	1	1	1	3
OG0028263	1	1	1	3
OG0028264	1	1	1	3
OG0028265	1	1	1	3
OG0028266	1	1	1	3
OG0028267	1	1	1	3
OG0028268	1	1	1	3
OG0028269	1	1	1	3
OG0028270	1	1	1	3
OG0028271	1	1	1	3
OG0028272	1	1	1	3
OG0028273	1	1	1	3
OG0028274	1	1	1	3
OG0028275	1	1	1	3
OG0028276	1	1	1	3
OG0028277	1	1	1	3
OG0028278	2	1	0	3
OG0028279	1	1	1	3
OG0028280	2	1	0	3
OG0028281	1	1	1	3
OG0028282	1	1	1	3
OG0028283	1	1	1	3
OG0028284	1	1	1	3
OG0028285	1	1	1	3
OG0028286	1	1	1	3
OG0028287	1	1	1	3
OG0028288	1	1	1	3
OG0028289	1	1	1	3
OG0028290	1	1	1	3
OG0028291	1	1	1	3
OG0028292	1	1	1	3
OG0028293	1	1	1	3
OG0028294	2	1	0	3
OG0028295	1	1	1	3
OG0028296	1	1	1	3
OG0028297	1	1	1	3
OG0028298	1	1	1	3
OG0028299	1	1	1	3
OG0028300	2	1	0	3
OG0028301	1	1	1	3
OG0028302	1	1	1	3
OG0028303	1	1	1	3
OG0028304	1	1	1	3
OG0028305	1	1	1	3
OG0028306	1	1	1	3
OG0028307	1	1	1	3
OG0028308	1	1	1	3
OG0028309	1	1	1	3
OG0028310	1	1	1	3
OG0028311	1	1	1	3
OG0028312	1	1	1	3
OG0028313	1	1	1	3
OG0028314	1	1	1	3
OG0028315	1	1	1	3
OG0028316	1	1	1	3
OG0028317	1	1	1	3
OG0028318	1	1	1	3
OG0028319	1	0	2	3
OG0028320	1	1	1	3
OG0028321	1	1	1	3
OG0028322	1	1	1	3
OG0028323	1	1	1	3
OG0028324	1	1	1	3
OG0028325	1	0	2	3
OG0028326	1	1	1	3
OG0028327	1	1	1	3
OG0028328	1	1	1	3
OG0028329	1	1	1	3
OG0028330	1	2	0	3
OG0028331	1	1	1	3
OG0028332	1	1	1	3
OG0028333	1	1	1	3
OG0028334	1	1	1	3
OG0028335	1	1	1	3
OG0028336	2	1	0	3
OG0028337	1	1	1	3
OG0028338	1	1	1	3
OG0028339	1	1	1	3
OG0028340	1	1	1	3
OG0028341	1	1	1	3
OG0028342	1	1	1	3
OG0028343	1	1	1	3
OG0028344	1	1	1	3
OG0028345	2	1	0	3
OG0028346	1	1	1	3
OG0028347	2	1	0	3
OG0028348	1	2	0	3
OG0028349	1	1	1	3
OG0028350	2	0	1	3
OG0028351	1	1	1	3
OG0028352	1	0	2	3
OG0028353	2	0	1	3
OG0028354	1	1	1	3
OG0028355	1	0	2	3
OG0028356	1	1	1	3
OG0028357	1	2	0	3
OG0028358	1	1	1	3
OG0028359	1	1	1	3
OG0028360	1	1	1	3
OG0028361	1	1	1	3
OG0028362	2	0	1	3
OG0028363	1	1	1	3
OG0028364	1	1	1	3
OG0028365	1	2	0	3
OG0028366	1	1	1	3
OG0028367	1	1	1	3
OG0028368	1	1	1	3
OG0028369	1	1	1	3
OG0028370	1	1	1	3
OG0028371	1	1	1	3
OG0028372	1	1	1	3
OG0028373	1	1	1	3
OG0028374	1	1	1	3
OG0028375	1	1	1	3
OG0028376	1	1	1	3
OG0028377	1	1	1	3
OG0028378	2	1	0	3
OG0028379	1	1	1	3
OG0028380	1	1	1	3
OG0028381	1	1	1	3
OG0028382	1	1	1	3
OG0028383	2	0	1	3
OG0028384	1	1	1	3
OG0028385	1	0	2	3
OG0028386	1	1	1	3
OG0028387	1	1	1	3
OG0028388	1	1	1	3
OG0028389	1	0	2	3
OG0028390	1	1	1	3
OG0028391	1	0	2	3
OG0028392	2	0	1	3
OG0028393	2	1	0	3
OG0028394	2	0	1	3
OG0028395	1	1	1	3
OG0028396	1	1	1	3
OG0028397	1	1	1	3
OG0028398	1	1	1	3
OG0028399	2	1	0	3
OG0028400	1	1	1	3
OG0028401	1	1	1	3
OG0028402	1	1	1	3
OG0028403	2	1	0	3
OG0028404	1	1	1	3
OG0028405	1	1	1	3
OG0028406	1	1	1	3
OG0028407	1	1	1	3
OG0028408	1	0	2	3
OG0028409	2	1	0	3
OG0028410	1	1	1	3
OG0028411	1	1	1	3
OG0028412	1	1	1	3
OG0028413	1	0	2	3
OG0028414	1	1	1	3
OG0028415	1	1	1	3
OG0028416	1	1	1	3
OG0028417	1	1	1	3
OG0028418	1	1	1	3
OG0028419	1	2	0	3
OG0028420	1	1	1	3
OG0028421	1	1	1	3
OG0028422	2	1	0	3
OG0028423	1	1	1	3
OG0028424	1	1	1	3
OG0028425	1	1	1	3
OG0028426	1	1	1	3
OG0028427	1	1	1	3
OG0028428	1	1	1	3
OG0028429	1	2	0	3
OG0028430	1	2	0	3
OG0028431	1	1	1	3
OG0028432	1	1	1	3
OG0028433	1	1	1	3
OG0028434	1	1	1	3
OG0028435	1	1	1	3
OG0028436	1	1	1	3
OG0028437	1	1	1	3
OG0028438	1	1	1	3
OG0028439	1	1	1	3
OG0028440	1	1	1	3
OG0028441	1	1	1	3
OG0028442	1	1	1	3
OG0028443	2	0	1	3
OG0028444	2	1	0	3
OG0028445	1	2	0	3
OG0028446	1	1	1	3
OG0028447	1	1	1	3
OG0028448	1	1	1	3
OG0028449	1	1	1	3
OG0028450	1	1	1	3
OG0028451	1	1	1	3
OG0028452	1	1	1	3
OG0028453	1	1	1	3
OG0028454	1	1	1	3
OG0028455	1	1	1	3
OG0028456	1	1	1	3
OG0028457	1	1	1	3
OG0028458	1	1	1	3
OG0028459	1	1	1	3
OG0028460	1	1	1	3
OG0028461	1	1	1	3
OG0028462	1	1	1	3
OG0028463	1	1	1	3
OG0028464	1	1	1	3
OG0028465	1	1	1	3
OG0028466	1	2	0	3
OG0028467	1	1	1	3
OG0028468	1	1	1	3
OG0028469	1	1	1	3
OG0028470	1	2	0	3
OG0028471	1	1	1	3
OG0028472	1	1	1	3
OG0028473	1	1	1	3
OG0028474	1	1	1	3
OG0028475	1	1	1	3
OG0028476	1	2	0	3
OG0028477	1	1	1	3
OG0028478	2	1	0	3
OG0028479	1	1	1	3
OG0028480	1	1	1	3
OG0028481	1	0	2	3
OG0028482	2	0	1	3
OG0028483	1	1	1	3
OG0028484	1	1	1	3
OG0028485	1	1	1	3
OG0028486	1	1	1	3
OG0028487	1	1	1	3
OG0028488	1	1	1	3
OG0028489	1	1	1	3
OG0028490	1	2	0	3
OG0028491	1	1	1	3
OG0028492	1	1	1	3
OG0028493	1	2	0	3
OG0028494	1	1	1	3
OG0028495	1	1	1	3
OG0028496	1	1	1	3
OG0028497	1	1	1	3
OG0028498	1	1	1	3
OG0028499	1	1	1	3
OG0028500	1	1	1	3
OG0028501	1	1	1	3
OG0028502	1	0	2	3
OG0028503	1	1	1	3
OG0028504	2	1	0	3
OG0028505	1	1	1	3
OG0028506	1	1	1	3
OG0028507	1	1	1	3
OG0028508	1	1	1	3
OG0028509	1	1	1	3
OG0028510	1	1	1	3
OG0028511	1	1	1	3
OG0028512	1	1	1	3
OG0028513	2	0	1	3
OG0028514	1	1	1	3
OG0028515	1	1	1	3
OG0028516	1	1	1	3
OG0028517	1	1	1	3
OG0028518	1	1	1	3
OG0028519	1	1	1	3
OG0028520	2	0	1	3
OG0028521	1	1	1	3
OG0028522	1	0	2	3
OG0028523	1	1	1	3
OG0028524	1	1	1	3
OG0028525	1	0	2	3
OG0028526	1	1	1	3
OG0028527	1	1	1	3
OG0028528	2	0	1	3
OG0028529	1	1	1	3
OG0028530	1	1	1	3
OG0028531	1	1	1	3
OG0028532	1	1	1	3
OG0028533	1	1	1	3
OG0028534	1	1	1	3
OG0028535	1	1	1	3
OG0028536	1	2	0	3
OG0028537	1	1	1	3
OG0028538	1	1	1	3
OG0028539	2	1	0	3
OG0028540	1	1	1	3
OG0028541	1	1	1	3
OG0028542	1	1	1	3
OG0028543	1	1	1	3
OG0028544	1	1	1	3
OG0028545	1	1	1	3
OG0028546	1	1	1	3
OG0028547	1	1	1	3
OG0028548	1	1	1	3
OG0028549	1	1	1	3
OG0028550	1	1	1	3
OG0028551	1	1	1	3
OG0028552	1	1	1	3
OG0028553	1	1	1	3
OG0028554	1	1	1	3
OG0028555	1	1	1	3
OG0028556	1	1	1	3
OG0028557	1	1	1	3
OG0028558	1	1	1	3
OG0028559	1	1	1	3
OG0028560	1	1	1	3
OG0028561	1	1	1	3
OG0028562	1	1	1	3
OG0028563	1	1	1	3
OG0028564	1	1	1	3
OG0028565	1	1	1	3
OG0028566	1	1	1	3
OG0028567	1	1	1	3
OG0028568	2	1	0	3
OG0028569	1	2	0	3
OG0028570	1	1	1	3
OG0028571	1	2	0	3
OG0028572	1	1	1	3
OG0028573	1	0	2	3
OG0028574	1	2	0	3
OG0028575	1	1	1	3
OG0028576	1	1	1	3
OG0028577	1	1	1	3
OG0028578	1	1	1	3
OG0028579	1	1	1	3
OG0028580	1	1	1	3
OG0028581	1	1	1	3
OG0028582	1	1	1	3
OG0028583	1	1	1	3
OG0028584	1	1	1	3
OG0028585	2	1	0	3
OG0028586	1	1	1	3
OG0028587	1	1	1	3
OG0028588	1	1	1	3
OG0028589	2	0	1	3
OG0028590	1	1	1	3
OG0028591	1	1	1	3
OG0028592	1	1	1	3
OG0028593	1	1	1	3
OG0028594	1	1	1	3
OG0028595	1	1	1	3
OG0028596	1	1	1	3
OG0028597	1	1	1	3
OG0028598	1	1	1	3
OG0028599	1	1	1	3
OG0028600	1	1	1	3
OG0028601	1	1	1	3
OG0028602	1	1	1	3
OG0028603	1	1	1	3
OG0028604	1	2	0	3
OG0028605	1	1	1	3
OG0028606	1	1	1	3
OG0028607	1	1	1	3
OG0028608	1	1	1	3
OG0028609	2	0	1	3
OG0028610	1	1	1	3
OG0028611	1	1	1	3
OG0028612	1	1	1	3
OG0028613	1	1	1	3
OG0028614	1	1	1	3
OG0028615	2	0	1	3
OG0028616	1	1	1	3
OG0028617	1	1	1	3
OG0028618	1	1	1	3
OG0028619	1	1	1	3
OG0028620	1	1	1	3
OG0028621	1	1	1	3
OG0028622	1	1	1	3
OG0028623	1	1	1	3
OG0028624	1	1	1	3
OG0028625	1	1	1	3
OG0028626	1	1	1	3
OG0028627	1	1	1	3
OG0028628	1	1	1	3
OG0028629	1	1	1	3
OG0028630	1	2	0	3
OG0028631	1	1	1	3
OG0028632	1	1	1	3
OG0028633	1	1	1	3
OG0028634	1	1	1	3
OG0028635	1	2	0	3
OG0028636	2	1	0	3
OG0028637	1	2	0	3
OG0028638	1	1	1	3
OG0028639	1	1	1	3
OG0028640	1	1	1	3
OG0028641	1	1	1	3
OG0028642	1	1	1	3
OG0028643	1	1	1	3
OG0028644	1	1	1	3
OG0028645	1	1	1	3
OG0028646	1	1	1	3
OG0028647	1	1	1	3
OG0028648	1	1	1	3
OG0028649	1	1	1	3
OG0028650	1	1	1	3
OG0028651	1	1	1	3
OG0028652	2	0	1	3
OG0028653	1	0	2	3
OG0028654	1	1	1	3
OG0028655	1	1	1	3
OG0028656	1	1	1	3
OG0028657	1	1	1	3
OG0028658	1	1	1	3
OG0028659	1	1	1	3
OG0028660	1	1	1	3
OG0028661	1	1	1	3
OG0028662	1	1	1	3
OG0028663	1	1	1	3
OG0028664	1	1	1	3
OG0028665	1	1	1	3
OG0028666	1	1	1	3
OG0028667	1	1	1	3
OG0028668	1	1	1	3
OG0028669	1	1	1	3
OG0028670	1	1	1	3
OG0028671	1	1	1	3
OG0028672	1	1	1	3
OG0028673	1	1	1	3
OG0028674	1	1	1	3
OG0028675	1	1	1	3
OG0028676	1	1	1	3
OG0028677	1	1	1	3
OG0028678	1	1	1	3
OG0028679	1	1	1	3
OG0028680	2	1	0	3
OG0028681	1	2	0	3
OG0028682	1	1	1	3
OG0028683	1	1	1	3
OG0028684	2	1	0	3
OG0028685	2	1	0	3
OG0028686	1	1	1	3
OG0028687	1	1	1	3
OG0028688	1	1	1	3
OG0028689	1	1	1	3
OG0028690	1	1	1	3
OG0028691	1	1	1	3
OG0028692	1	1	1	3
OG0028693	1	0	2	3
OG0028694	1	2	0	3
OG0028695	1	1	1	3
OG0028696	1	1	1	3
OG0028697	1	1	1	3
OG0028698	1	1	1	3
OG0028699	1	1	1	3
OG0028700	1	1	1	3
OG0028701	1	1	1	3
OG0028702	1	1	1	3
OG0028703	2	1	0	3
OG0028704	1	1	1	3
OG0028705	1	1	1	3
OG0028706	1	0	2	3
OG0028707	2	0	1	3
OG0028708	1	1	1	3
OG0028709	1	1	1	3
OG0028710	1	1	1	3
OG0028711	1	1	1	3
OG0028712	1	1	1	3
OG0028713	1	1	1	3
OG0028714	1	1	1	3
OG0028715	1	1	1	3
OG0028716	1	1	1	3
OG0028717	1	2	0	3
OG0028718	1	1	1	3
OG0028719	1	1	1	3
OG0028720	1	1	1	3
OG0028721	1	1	1	3
OG0028722	1	1	1	3
OG0028723	1	1	1	3
OG0028724	1	1	1	3
OG0028725	1	1	1	3
OG0028726	1	1	1	3
OG0028727	2	0	1	3
OG0028728	1	1	1	3
OG0028729	2	1	0	3
OG0028730	1	1	1	3
OG0028731	1	1	1	3
OG0028732	1	1	1	3
OG0028733	1	1	1	3
OG0028734	1	1	1	3
OG0028735	1	1	1	3
OG0028736	1	1	1	3
OG0028737	2	1	0	3
OG0028738	1	1	1	3
OG0028739	1	1	1	3
OG0028740	1	1	1	3
OG0028741	1	2	0	3
OG0028742	1	1	1	3
OG0028743	1	1	1	3
OG0028744	1	1	1	3
OG0028745	1	1	1	3
OG0028746	1	1	1	3
OG0028747	1	1	1	3
OG0028748	1	1	1	3
OG0028749	1	1	1	3
OG0028750	1	1	1	3
OG0028751	1	1	1	3
OG0028752	1	1	1	3
OG0028753	1	1	1	3
OG0028754	1	1	1	3
OG0028755	1	1	1	3
OG0028756	1	1	1	3
OG0028757	1	2	0	3
OG0028758	1	1	1	3
OG0028759	1	2	0	3
OG0028760	1	1	1	3
OG0028761	1	1	1	3
OG0028762	1	0	2	3
OG0028763	1	1	1	3
OG0028764	1	1	1	3
OG0028765	1	1	1	3
OG0028766	1	1	1	3
OG0028767	1	1	1	3
OG0028768	1	1	1	3
OG0028769	1	0	2	3
OG0028770	1	1	1	3
OG0028771	1	1	1	3
OG0028772	1	1	1	3
OG0028773	1	1	1	3
OG0028774	1	1	1	3
OG0028775	1	1	1	3
OG0028776	1	1	1	3
OG0028777	1	1	1	3
OG0028778	1	1	1	3
OG0028779	1	1	1	3
OG0028780	1	1	1	3
OG0028781	1	1	1	3
OG0028782	1	1	1	3
OG0028783	1	1	1	3
OG0028784	1	1	1	3
OG0028785	1	1	1	3
OG0028786	1	1	1	3
OG0028787	1	1	1	3
OG0028788	1	1	1	3
OG0028789	1	1	1	3
OG0028790	1	1	1	3
OG0028791	1	1	1	3
OG0028792	1	1	1	3
OG0028793	1	1	1	3
OG0028794	1	1	1	3
OG0028795	1	1	1	3
OG0028796	1	1	1	3
OG0028797	1	1	1	3
OG0028798	1	1	1	3
OG0028799	1	1	1	3
OG0028800	2	0	1	3
OG0028801	1	1	1	3
OG0028802	1	1	1	3
OG0028803	2	0	1	3
OG0028804	1	1	1	3
OG0028805	1	1	1	3
OG0028806	1	2	0	3
OG0028807	1	1	1	3
OG0028808	1	1	1	3
OG0028809	1	1	1	3
OG0028810	1	1	1	3
OG0028811	1	1	1	3
OG0028812	1	1	1	3
OG0028813	1	1	1	3
OG0028814	1	1	1	3
OG0028815	1	1	1	3
OG0028816	1	1	1	3
OG0028817	1	1	1	3
OG0028818	1	1	1	3
OG0028819	1	1	1	3
OG0028820	1	1	1	3
OG0028821	1	1	1	3
OG0028822	1	1	1	3
OG0028823	1	1	1	3
OG0028824	1	2	0	3
OG0028825	1	1	1	3
OG0028826	1	1	1	3
OG0028827	1	1	1	3
OG0028828	1	1	1	3
OG0028829	1	1	1	3
OG0028830	1	1	1	3
OG0028831	1	1	1	3
OG0028832	1	1	1	3
OG0028833	1	1	1	3
OG0028834	1	1	1	3
OG0028835	1	1	1	3
OG0028836	1	1	1	3
OG0028837	1	1	1	3
OG0028838	1	1	1	3
OG0028839	1	1	1	3
OG0028840	1	1	1	3
OG0028841	1	1	1	3
OG0028842	1	1	1	3
OG0028843	1	1	1	3
OG0028844	1	1	1	3
OG0028845	1	1	1	3
OG0028846	1	1	1	3
OG0028847	1	1	1	3
OG0028848	1	1	1	3
OG0028849	1	1	1	3
OG0028850	1	1	1	3
OG0028851	1	1	1	3
OG0028852	1	1	1	3
OG0028853	1	1	1	3
OG0028854	1	1	1	3
OG0028855	1	1	1	3
OG0028856	1	1	1	3
OG0028857	1	1	1	3
OG0028858	1	1	1	3
OG0028859	1	2	0	3
OG0028860	1	2	0	3
OG0028861	1	1	1	3
OG0028862	1	1	1	3
OG0028863	1	1	1	3
OG0028864	1	1	1	3
OG0028865	1	2	0	3
OG0028866	1	1	1	3
OG0028867	1	1	1	3
OG0028868	1	2	0	3
OG0028869	1	1	1	3
OG0028870	1	1	1	3
OG0028871	1	1	1	3
OG0028872	1	1	1	3
OG0028873	1	1	1	3
OG0028874	1	1	1	3
OG0028875	1	1	1	3
OG0028876	1	1	1	3
OG0028877	1	1	1	3
OG0028878	1	1	1	3
OG0028879	1	2	0	3
OG0028880	1	1	1	3
OG0028881	1	1	1	3
OG0028882	2	1	0	3
OG0028883	1	1	1	3
OG0028884	1	1	1	3
OG0028885	1	1	1	3
OG0028886	2	1	0	3
OG0028887	1	1	1	3
OG0028888	1	1	1	3
OG0028889	1	1	1	3
OG0028890	1	2	0	3
OG0028891	1	1	1	3
OG0028892	1	1	1	3
OG0028893	1	1	1	3
OG0028894	1	1	1	3
OG0028895	1	0	2	3
OG0028896	1	0	2	3
OG0028897	1	1	1	3
OG0028898	1	1	1	3
OG0028899	1	1	1	3
OG0028900	1	1	1	3
OG0028901	1	1	1	3
OG0028902	1	1	1	3
OG0028903	2	0	1	3
OG0028904	1	1	1	3
OG0028905	1	1	1	3
OG0028906	1	1	1	3
OG0028907	1	1	1	3
OG0028908	1	1	1	3
OG0028909	1	1	1	3
OG0028910	1	1	1	3
OG0028911	1	1	1	3
OG0028912	1	1	1	3
OG0028913	1	1	1	3
OG0028914	1	1	1	3
OG0028915	1	1	1	3
OG0028916	1	1	1	3
OG0028917	1	1	1	3
OG0028918	1	1	1	3
OG0028919	1	1	1	3
OG0028920	1	2	0	3
OG0028921	1	1	1	3
OG0028922	1	1	1	3
OG0028923	1	1	1	3
OG0028924	1	1	1	3
OG0028925	1	1	1	3
OG0028926	1	1	1	3
OG0028927	1	1	1	3
OG0028928	1	1	1	3
OG0028929	1	1	1	3
OG0028930	1	2	0	3
OG0028931	1	1	1	3
OG0028932	1	1	1	3
OG0028933	2	1	0	3
OG0028934	1	1	1	3
OG0028935	1	1	1	3
OG0028936	1	1	1	3
OG0028937	1	1	1	3
OG0028938	1	1	1	3
OG0028939	1	1	1	3
OG0028940	1	1	1	3
OG0028941	1	1	1	3
OG0028942	1	1	1	3
OG0028943	1	0	2	3
OG0028944	2	0	1	3
OG0028945	1	1	1	3
OG0028946	1	1	1	3
OG0028947	1	1	1	3
OG0028948	1	1	1	3
OG0028949	1	1	1	3
OG0028950	1	1	1	3
OG0028951	1	1	1	3
OG0028952	1	1	1	3
OG0028953	1	1	1	3
OG0028954	1	1	1	3
OG0028955	2	1	0	3
OG0028956	1	1	1	3
OG0028957	1	1	1	3
OG0028958	1	1	1	3
OG0028959	1	2	0	3
OG0028960	1	1	1	3
OG0028961	1	1	1	3
OG0028962	1	1	1	3
OG0028963	1	1	1	3
OG0028964	1	1	1	3
OG0028965	1	1	1	3
OG0028966	1	1	1	3
OG0028967	1	1	1	3
OG0028968	1	1	1	3
OG0028969	1	1	1	3
OG0028970	1	1	1	3
OG0028971	1	1	1	3
OG0028972	1	1	1	3
OG0028973	1	1	1	3
OG0028974	1	2	0	3
OG0028975	1	1	1	3
OG0028976	1	1	1	3
OG0028977	1	1	1	3
OG0028978	1	1	1	3
OG0028979	1	1	1	3
OG0028980	1	1	1	3
OG0028981	1	1	1	3
OG0028982	1	1	1	3
OG0028983	1	1	1	3
OG0028984	1	1	1	3
OG0028985	1	1	1	3
OG0028986	1	1	1	3
OG0028987	1	1	1	3
OG0028988	1	1	1	3
OG0028989	1	1	1	3
OG0028990	1	1	1	3
OG0028991	1	1	1	3
OG0028992	1	1	1	3
OG0028993	2	0	1	3
OG0028994	1	2	0	3
OG0028995	1	1	1	3
OG0028996	1	1	1	3
OG0028997	2	0	1	3
OG0028998	1	1	1	3
OG0028999	1	1	1	3
OG0029000	1	1	1	3
OG0029001	1	1	1	3
OG0029002	1	1	1	3
OG0029003	1	1	1	3
OG0029004	1	1	1	3
OG0029005	1	1	1	3
OG0029006	1	1	1	3
OG0029007	1	1	1	3
OG0029008	1	1	1	3
OG0029009	1	1	1	3
OG0029010	3	0	0	3
OG0029011	2	1	0	3
OG0029012	1	1	1	3
OG0029013	1	1	1	3
OG0029014	1	1	1	3
OG0029015	1	1	1	3
OG0029016	1	2	0	3
OG0029017	1	1	1	3
OG0029018	1	1	1	3
OG0029019	1	1	1	3
OG0029020	1	1	1	3
OG0029021	1	1	1	3
OG0029022	1	1	1	3
OG0029023	1	1	1	3
OG0029024	2	1	0	3
OG0029025	1	1	1	3
OG0029026	1	1	1	3
OG0029027	1	1	1	3
OG0029028	1	1	1	3
OG0029029	1	1	1	3
OG0029030	1	1	1	3
OG0029031	1	1	1	3
OG0029032	1	1	1	3
OG0029033	1	1	1	3
OG0029034	1	1	1	3
OG0029035	1	1	1	3
OG0029036	1	1	1	3
OG0029037	1	1	1	3
OG0029038	1	1	1	3
OG0029039	1	1	1	3
OG0029040	2	1	0	3
OG0029041	1	1	1	3
OG0029042	1	1	1	3
OG0029043	1	1	1	3
OG0029044	1	1	1	3
OG0029045	1	1	1	3
OG0029046	1	1	1	3
OG0029047	1	1	1	3
OG0029048	1	1	1	3
OG0029049	1	1	1	3
OG0029050	1	1	1	3
OG0029051	1	1	1	3
OG0029052	1	1	1	3
OG0029053	1	1	1	3
OG0029054	2	1	0	3
OG0029055	1	1	1	3
OG0029056	1	1	1	3
OG0029057	2	1	0	3
OG0029058	1	1	1	3
OG0029059	1	1	1	3
OG0029060	1	1	1	3
OG0029061	1	1	1	3
OG0029062	1	1	1	3
OG0029063	1	1	1	3
OG0029064	1	1	1	3
OG0029065	1	1	1	3
OG0029066	1	1	1	3
OG0029067	1	1	1	3
OG0029068	1	1	1	3
OG0029069	1	1	1	3
OG0029070	1	1	1	3
OG0029071	1	1	1	3
OG0029072	1	2	0	3
OG0029073	1	2	0	3
OG0029074	1	1	1	3
OG0029075	1	1	1	3
OG0029076	1	1	1	3
OG0029077	1	1	1	3
OG0029078	1	1	1	3
OG0029079	1	1	1	3
OG0029080	1	1	1	3
OG0029081	2	1	0	3
OG0029082	1	1	1	3
OG0029083	1	1	1	3
OG0029084	1	1	1	3
OG0029085	1	1	1	3
OG0029086	1	1	1	3
OG0029087	1	1	1	3
OG0029088	1	0	2	3
OG0029089	1	2	0	3
OG0029090	1	1	1	3
OG0029091	1	1	1	3
OG0029092	1	1	1	3
OG0029093	1	1	1	3
OG0029094	1	1	1	3
OG0029095	1	1	1	3
OG0029096	1	1	1	3
OG0029097	1	1	1	3
OG0029098	1	1	1	3
OG0029099	1	1	1	3
OG0029100	1	2	0	3
OG0029101	1	1	1	3
OG0029102	1	1	1	3
OG0029103	1	1	1	3
OG0029104	1	0	2	3
OG0029105	1	1	1	3
OG0029106	1	1	1	3
OG0029107	1	1	1	3
OG0029108	1	1	1	3
OG0029109	1	1	1	3
OG0029110	1	1	1	3
OG0029111	1	0	2	3
OG0029112	1	1	1	3
OG0029113	1	1	1	3
OG0029114	1	1	1	3
OG0029115	1	0	2	3
OG0029116	2	1	0	3
OG0029117	1	1	1	3
OG0029118	1	1	1	3
OG0029119	1	1	1	3
OG0029120	1	1	1	3
OG0029121	1	1	1	3
OG0029122	1	1	1	3
OG0029123	1	1	1	3
OG0029124	1	0	2	3
OG0029125	1	2	0	3
OG0029126	1	1	1	3
OG0029127	1	1	1	3
OG0029128	1	2	0	3
OG0029129	1	2	0	3
OG0029130	1	1	1	3
OG0029131	1	1	1	3
OG0029132	2	1	0	3
OG0029133	1	1	1	3
OG0029134	1	1	1	3
OG0029135	1	1	1	3
OG0029136	1	1	1	3
OG0029137	1	1	1	3
OG0029138	1	1	1	3
OG0029139	1	1	1	3
OG0029140	1	1	1	3
OG0029141	1	1	1	3
OG0029142	1	1	1	3
OG0029143	1	1	1	3
OG0029144	1	1	1	3
OG0029145	1	1	1	3
OG0029146	1	1	1	3
OG0029147	1	1	1	3
OG0029148	1	1	1	3
OG0029149	1	1	1	3
OG0029150	1	1	1	3
OG0029151	1	1	1	3
OG0029152	1	1	1	3
OG0029153	1	1	1	3
OG0029154	1	2	0	3
OG0029155	1	1	1	3
OG0029156	1	1	1	3
OG0029157	1	1	1	3
OG0029158	1	1	1	3
OG0029159	1	1	1	3
OG0029160	1	1	1	3
OG0029161	1	1	1	3
OG0029162	1	1	1	3
OG0029163	1	1	1	3
OG0029164	1	1	1	3
OG0029165	1	1	1	3
OG0029166	1	1	1	3
OG0029167	1	1	1	3
OG0029168	1	1	1	3
OG0029169	1	1	1	3
OG0029170	1	1	1	3
OG0029171	1	1	1	3
OG0029172	1	1	1	3
OG0029173	1	1	1	3
OG0029174	1	1	1	3
OG0029175	1	1	1	3
OG0029176	1	1	1	3
OG0029177	1	1	1	3
OG0029178	1	1	1	3
OG0029179	1	1	1	3
OG0029180	1	1	1	3
OG0029181	1	1	1	3
OG0029182	1	1	1	3
OG0029183	1	1	1	3
OG0029184	1	2	0	3
OG0029185	2	0	1	3
OG0029186	1	1	1	3
OG0029187	1	1	1	3
OG0029188	1	1	1	3
OG0029189	1	2	0	3
OG0029190	1	1	1	3
OG0029191	1	1	1	3
OG0029192	2	1	0	3
OG0029193	1	1	1	3
OG0029194	1	1	1	3
OG0029195	1	1	1	3
OG0029196	1	1	1	3
OG0029197	1	1	1	3
OG0029198	1	1	1	3
OG0029199	1	1	1	3
OG0029200	2	1	0	3
OG0029201	1	1	1	3
OG0029202	1	1	1	3
OG0029203	2	1	0	3
OG0029204	1	1	1	3
OG0029205	1	1	1	3
OG0029206	1	1	1	3
OG0029207	1	1	1	3
OG0029208	1	1	1	3
OG0029209	1	1	1	3
OG0029210	1	1	1	3
OG0029211	1	1	1	3
OG0029212	1	1	1	3
OG0029213	1	2	0	3
OG0029214	1	1	1	3
OG0029215	1	1	1	3
OG0029216	1	2	0	3
OG0029217	1	1	1	3
OG0029218	1	1	1	3
OG0029219	1	1	1	3
OG0029220	1	1	1	3
OG0029221	1	1	1	3
OG0029222	2	1	0	3
OG0029223	1	0	2	3
OG0029224	1	1	1	3
OG0029225	1	1	1	3
OG0029226	2	1	0	3
OG0029227	2	0	1	3
OG0029228	1	1	1	3
OG0029229	1	2	0	3
OG0029230	1	2	0	3
OG0029231	1	1	1	3
OG0029232	2	1	0	3
OG0029233	1	1	1	3
OG0029234	1	1	1	3
OG0029235	2	1	0	3
OG0029236	1	1	1	3
OG0029237	1	1	1	3
OG0029238	2	0	1	3
OG0029239	2	1	0	3
OG0029240	1	1	1	3
OG0029241	1	1	1	3
OG0029242	1	1	1	3
OG0029243	1	1	1	3
OG0029244	1	1	1	3
OG0029245	1	1	1	3
OG0029246	1	1	1	3
OG0029247	2	1	0	3
OG0029248	1	1	1	3
OG0029249	1	1	1	3
OG0029250	1	1	1	3
OG0029251	1	1	1	3
OG0029252	1	1	1	3
OG0029253	1	1	1	3
OG0029254	1	1	1	3
OG0029255	1	1	1	3
OG0029256	1	1	1	3
OG0029257	1	2	0	3
OG0029258	2	1	0	3
OG0029259	1	1	1	3
OG0029260	1	2	0	3
OG0029261	1	2	0	3
OG0029262	1	1	1	3
OG0029263	1	1	1	3
OG0029264	1	1	1	3
OG0029265	1	0	2	3
OG0029266	1	1	1	3
OG0029267	1	1	1	3
OG0029268	1	1	1	3
OG0029269	1	1	1	3
OG0029270	1	1	1	3
OG0029271	1	1	1	3
OG0029272	1	1	1	3
OG0029273	1	2	0	3
OG0029274	1	1	1	3
OG0029275	2	1	0	3
OG0029276	1	2	0	3
OG0029277	1	1	1	3
OG0029278	2	0	1	3
OG0029279	1	1	1	3
OG0029280	1	1	1	3
OG0029281	1	1	1	3
OG0029282	1	1	1	3
OG0029283	1	1	1	3
OG0029284	1	1	1	3
OG0029285	1	1	1	3
OG0029286	1	1	1	3
OG0029287	1	1	1	3
OG0029288	1	1	1	3
OG0029289	1	1	1	3
OG0029290	1	1	1	3
OG0029291	1	1	1	3
OG0029292	1	1	1	3
OG0029293	1	1	1	3
OG0029294	1	1	1	3
OG0029295	1	1	1	3
OG0029296	1	1	1	3
OG0029297	1	1	1	3
OG0029298	1	1	1	3
OG0029299	2	1	0	3
OG0029300	1	1	1	3
OG0029301	1	1	1	3
OG0029302	1	1	1	3
OG0029303	1	1	1	3
OG0029304	1	1	1	3
OG0029305	1	1	1	3
OG0029306	1	1	1	3
OG0029307	1	1	1	3
OG0029308	1	1	1	3
OG0029309	1	2	0	3
OG0029310	1	1	1	3
OG0029311	2	1	0	3
OG0029312	1	1	1	3
OG0029313	1	2	0	3
OG0029314	1	1	1	3
OG0029315	1	1	1	3
OG0029316	1	1	1	3
OG0029317	1	1	1	3
OG0029318	1	1	1	3
OG0029319	1	1	1	3
OG0029320	1	1	1	3
OG0029321	1	1	1	3
OG0029322	1	1	1	3
OG0029323	1	1	1	3
OG0029324	1	1	1	3
OG0029325	1	1	1	3
OG0029326	1	1	1	3
OG0029327	1	1	1	3
OG0029328	1	1	1	3
OG0029329	1	1	1	3
OG0029330	1	1	1	3
OG0029331	1	1	1	3
OG0029332	1	1	1	3
OG0029333	1	2	0	3
OG0029334	1	1	1	3
OG0029335	1	2	0	3
OG0029336	1	1	1	3
OG0029337	1	1	1	3
OG0029338	1	1	1	3
OG0029339	1	1	1	3
OG0029340	1	1	1	3
OG0029341	1	1	1	3
OG0029342	1	1	1	3
OG0029343	1	1	1	3
OG0029344	1	2	0	3
OG0029345	1	1	1	3
OG0029346	1	1	1	3
OG0029347	1	1	1	3
OG0029348	1	1	1	3
OG0029349	1	1	1	3
OG0029350	1	1	1	3
OG0029351	1	1	1	3
OG0029352	1	1	1	3
OG0029353	1	1	1	3
OG0029354	1	0	2	3
OG0029355	1	1	1	3
OG0029356	1	1	1	3
OG0029357	1	1	1	3
OG0029358	1	1	1	3
OG0029359	1	1	1	3
OG0029360	1	1	1	3
OG0029361	1	1	1	3
OG0029362	1	2	0	3
OG0029363	1	1	1	3
OG0029364	2	1	0	3
OG0029365	1	1	1	3
OG0029366	1	1	1	3
OG0029367	1	1	1	3
OG0029368	1	2	0	3
OG0029369	1	1	1	3
OG0029370	1	2	0	3
OG0029371	1	1	1	3
OG0029372	1	1	1	3
OG0029373	1	1	1	3
OG0029374	1	1	1	3
OG0029375	1	0	2	3
OG0029376	1	1	1	3
OG0029377	1	0	2	3
OG0029378	1	1	1	3
OG0029379	1	1	1	3
OG0029380	1	1	1	3
OG0029381	1	1	1	3
OG0029382	1	0	2	3
OG0029383	1	1	1	3
OG0029384	1	2	0	3
OG0029385	1	2	0	3
OG0029386	1	2	0	3
OG0029387	1	2	0	3
OG0029388	1	1	1	3
OG0029389	1	1	1	3
OG0029390	1	1	1	3
OG0029391	1	1	1	3
OG0029392	1	0	2	3
OG0029393	1	1	1	3
OG0029394	1	0	2	3
OG0029395	1	1	1	3
OG0029396	1	0	2	3
OG0029397	1	1	1	3
OG0029398	1	1	1	3
OG0029399	1	1	1	3
OG0029400	1	2	0	3
OG0029401	1	1	1	3
OG0029402	1	1	1	3
OG0029403	1	1	1	3
OG0029404	1	1	1	3
OG0029405	1	1	1	3
OG0029406	1	1	1	3
OG0029407	1	1	1	3
OG0029408	1	1	1	3
OG0029409	1	1	1	3
OG0029410	1	1	1	3
OG0029411	1	1	1	3
OG0029412	1	1	1	3
OG0029413	1	1	1	3
OG0029414	1	1	1	3
OG0029415	1	1	1	3
OG0029416	1	1	1	3
OG0029417	1	1	1	3
OG0029418	1	2	0	3
OG0029419	2	0	1	3
OG0029420	1	1	1	3
OG0029421	1	1	1	3
OG0029422	1	1	1	3
OG0029423	1	1	1	3
OG0029424	1	1	1	3
OG0029425	1	1	1	3
OG0029426	1	1	1	3
OG0029427	1	1	1	3
OG0029428	1	1	1	3
OG0029429	1	0	2	3
OG0029430	1	0	2	3
OG0029431	1	0	2	3
OG0029432	1	1	1	3
OG0029433	1	1	1	3
OG0029434	1	1	1	3
OG0029435	1	1	1	3
OG0029436	1	1	1	3
OG0029437	2	1	0	3
OG0029438	1	0	2	3
OG0029439	1	2	0	3
OG0029440	1	1	1	3
OG0029441	1	1	1	3
OG0029442	1	1	1	3
OG0029443	1	1	1	3
OG0029444	1	1	1	3
OG0029445	1	1	1	3
OG0029446	1	1	1	3
OG0029447	1	0	2	3
OG0029448	1	1	1	3
OG0029449	1	2	0	3
OG0029450	2	1	0	3
OG0029451	1	1	1	3
OG0029452	1	1	1	3
OG0029453	1	1	1	3
OG0029454	1	1	1	3
OG0029455	1	1	1	3
OG0029456	1	1	1	3
OG0029457	1	2	0	3
OG0029458	1	1	1	3
OG0029459	1	1	1	3
OG0029460	1	1	1	3
OG0029461	1	1	1	3
OG0029462	1	1	1	3
OG0029463	1	1	1	3
OG0029464	1	1	1	3
OG0029465	1	1	1	3
OG0029466	1	0	2	3
OG0029467	1	0	2	3
OG0029468	1	1	1	3
OG0029469	1	1	1	3
OG0029470	1	1	1	3
OG0029471	2	0	1	3
OG0029472	1	1	1	3
OG0029473	1	0	2	3
OG0029474	1	1	1	3
OG0029475	1	1	1	3
OG0029476	1	2	0	3
OG0029477	1	2	0	3
OG0029478	1	1	1	3
OG0029479	1	1	1	3
OG0029480	1	1	1	3
OG0029481	1	1	1	3
OG0029482	1	1	1	3
OG0029483	1	1	1	3
OG0029484	2	0	1	3
OG0029485	1	1	1	3
OG0029486	1	1	1	3
OG0029487	1	1	1	3
OG0029488	1	1	1	3
OG0029489	1	1	1	3
OG0029490	1	2	0	3
OG0029491	1	1	1	3
OG0029492	1	2	0	3
OG0029493	1	0	2	3
OG0029494	1	1	1	3
OG0029495	1	1	1	3
OG0029496	1	2	0	3
OG0029497	1	1	1	3
OG0029498	2	0	1	3
OG0029499	1	1	1	3
OG0029500	1	1	1	3
OG0029501	1	1	1	3
OG0029502	1	2	0	3
OG0029503	1	1	1	3
OG0029504	1	1	1	3
OG0029505	1	1	1	3
OG0029506	1	1	1	3
OG0029507	1	1	1	3
OG0029508	2	1	0	3
OG0029509	1	1	1	3
OG0029510	1	1	1	3
OG0029511	1	1	1	3
OG0029512	1	1	1	3
OG0029513	1	1	1	3
OG0029514	1	1	1	3
OG0029515	1	1	1	3
OG0029516	1	1	1	3
OG0029517	2	1	0	3
OG0029518	1	1	1	3
OG0029519	1	1	1	3
OG0029520	1	1	1	3
OG0029521	1	0	2	3
OG0029522	1	1	1	3
OG0029523	2	0	1	3
OG0029524	1	1	1	3
OG0029525	1	1	1	3
OG0029526	1	1	1	3
OG0029527	1	1	1	3
OG0029528	2	1	0	3
OG0029529	2	1	0	3
OG0029530	1	1	1	3
OG0029531	1	1	1	3
OG0029532	1	1	1	3
OG0029533	2	1	0	3
OG0029534	1	1	1	3
OG0029535	1	1	1	3
OG0029536	1	1	1	3
OG0029537	1	1	1	3
OG0029538	1	1	1	3
OG0029539	1	1	1	3
OG0029540	1	1	1	3
OG0029541	1	1	1	3
OG0029542	1	2	0	3
OG0029543	1	1	1	3
OG0029544	1	1	1	3
OG0029545	1	1	1	3
OG0029546	1	1	1	3
OG0029547	1	1	1	3
OG0029548	1	1	1	3
OG0029549	2	1	0	3
OG0029550	1	1	1	3
OG0029551	1	1	1	3
OG0029552	1	1	1	3
OG0029553	2	1	0	3
OG0029554	2	1	0	3
OG0029555	1	1	1	3
OG0029556	1	1	1	3
OG0029557	1	1	1	3
OG0029558	1	1	1	3
OG0029559	1	1	1	3
OG0029560	1	1	1	3
OG0029561	1	1	1	3
OG0029562	1	1	1	3
OG0029563	1	1	1	3
OG0029564	1	1	1	3
OG0029565	1	1	1	3
OG0029566	2	1	0	3
OG0029567	1	1	1	3
OG0029568	1	1	1	3
OG0029569	1	1	1	3
OG0029570	1	1	1	3
OG0029571	1	1	1	3
OG0029572	1	1	1	3
OG0029573	1	1	1	3
OG0029574	1	1	1	3
OG0029575	1	1	1	3
OG0029576	1	1	1	3
OG0029577	1	1	1	3
OG0029578	1	0	2	3
OG0029579	1	1	1	3
OG0029580	1	1	1	3
OG0029581	1	1	1	3
OG0029582	2	1	0	3
OG0029583	2	0	1	3
OG0029584	1	1	1	3
OG0029585	1	2	0	3
OG0029586	1	1	1	3
OG0029587	1	1	1	3
OG0029588	1	1	1	3
OG0029589	1	1	1	3
OG0029590	1	1	1	3
OG0029591	1	1	1	3
OG0029592	1	1	1	3
OG0029593	1	1	1	3
OG0029594	1	1	1	3
OG0029595	1	1	1	3
OG0029596	1	1	1	3
OG0029597	1	1	1	3
OG0029598	1	1	1	3
OG0029599	1	1	1	3
OG0029600	1	2	0	3
OG0029601	2	1	0	3
OG0029602	1	1	1	3
OG0029603	2	1	0	3
OG0029604	1	1	1	3
OG0029605	1	1	1	3
OG0029606	1	1	1	3
OG0029607	1	1	1	3
OG0029608	1	1	1	3
OG0029609	1	1	1	3
OG0029610	1	1	1	3
OG0029611	1	1	1	3
OG0029612	1	1	1	3
OG0029613	1	0	2	3
OG0029614	1	2	0	3
OG0029615	1	1	1	3
OG0029616	1	1	1	3
OG0029617	1	1	1	3
OG0029618	1	1	1	3
OG0029619	1	1	1	3
OG0029620	1	1	1	3
OG0029621	2	1	0	3
OG0029622	1	1	1	3
OG0029623	1	1	1	3
OG0029624	1	1	1	3
OG0029625	1	1	1	3
OG0029626	1	1	1	3
OG0029627	1	1	1	3
OG0029628	1	1	1	3
OG0029629	1	1	1	3
OG0029630	1	1	1	3
OG0029631	2	1	0	3
OG0029632	1	1	1	3
OG0029633	1	1	1	3
OG0029634	1	2	0	3
OG0029635	1	1	1	3
OG0029636	1	1	1	3
OG0029637	2	1	0	3
OG0029638	1	1	1	3
OG0029639	1	0	2	3
OG0029640	2	1	0	3
OG0029641	1	1	1	3
OG0029642	1	1	1	3
OG0029643	1	1	1	3
OG0029644	1	0	2	3
OG0029645	1	2	0	3
OG0029646	1	1	1	3
OG0029647	1	1	1	3
OG0029648	1	1	1	3
OG0029649	1	1	1	3
OG0029650	1	2	0	3
OG0029651	1	1	1	3
OG0029652	1	1	1	3
OG0029653	1	1	1	3
OG0029654	1	1	1	3
OG0029655	1	1	1	3
OG0029656	1	1	1	3
OG0029657	2	1	0	3
OG0029658	1	1	1	3
OG0029659	1	1	1	3
OG0029660	1	1	1	3
OG0029661	1	1	1	3
OG0029662	1	1	1	3
OG0029663	1	1	1	3
OG0029664	2	0	1	3
OG0029665	1	1	1	3
OG0029666	1	1	1	3
OG0029667	2	1	0	3
OG0029668	1	1	1	3
OG0029669	1	1	1	3
OG0029670	1	0	2	3
OG0029671	1	1	1	3
OG0029672	2	0	1	3
OG0029673	2	0	1	3
OG0029674	1	1	1	3
OG0029675	1	1	1	3
OG0029676	1	1	1	3
OG0029677	1	1	1	3
OG0029678	1	1	1	3
OG0029679	1	1	1	3
OG0029680	1	1	1	3
OG0029681	2	1	0	3
OG0029682	1	1	1	3
OG0029683	1	1	1	3
OG0029684	1	1	1	3
OG0029685	1	1	1	3
OG0029686	1	1	1	3
OG0029687	1	1	1	3
OG0029688	1	1	1	3
OG0029689	2	0	1	3
OG0029690	1	2	0	3
OG0029691	1	1	1	3
OG0029692	1	1	1	3
OG0029693	1	1	1	3
OG0029694	1	1	1	3
OG0029695	1	1	1	3
OG0029696	1	1	1	3
OG0029697	1	1	1	3
OG0029698	1	1	1	3
OG0029699	1	1	1	3
OG0029700	1	1	1	3
OG0029701	1	1	1	3
OG0029702	1	1	1	3
OG0029703	1	1	1	3
OG0029704	1	1	1	3
OG0029705	1	2	0	3
OG0029706	1	1	1	3
OG0029707	1	1	1	3
OG0029708	1	1	1	3
OG0029709	1	1	1	3
OG0029710	2	1	0	3
OG0029711	1	2	0	3
OG0029712	2	1	0	3
OG0029713	1	1	1	3
OG0029714	1	1	1	3
OG0029715	1	1	1	3
OG0029716	1	1	1	3
OG0029717	1	1	1	3
OG0029718	1	1	1	3
OG0029719	1	1	1	3
OG0029720	1	1	1	3
OG0029721	1	1	1	3
OG0029722	1	1	1	3
OG0029723	1	1	1	3
OG0029724	1	1	1	3
OG0029725	2	0	1	3
OG0029726	1	0	2	3
OG0029727	1	0	2	3
OG0029728	1	1	1	3
OG0029729	1	1	1	3
OG0029730	1	1	1	3
OG0029731	1	1	1	3
OG0029732	1	1	1	3
OG0029733	1	1	1	3
OG0029734	1	1	1	3
OG0029735	1	1	1	3
OG0029736	1	1	1	3
OG0029737	1	1	1	3
OG0029738	1	1	1	3
OG0029739	1	1	1	3
OG0029740	1	1	1	3
OG0029741	1	1	1	3
OG0029742	1	1	1	3
OG0029743	1	1	1	3
OG0029744	1	1	1	3
OG0029745	1	1	1	3
OG0029746	1	1	1	3
OG0029747	1	2	0	3
OG0029748	1	1	1	3
OG0029749	1	1	1	3
OG0029750	1	1	1	3
OG0029751	1	1	1	3
OG0029752	1	1	1	3
OG0029753	1	2	0	3
OG0029754	1	1	1	3
OG0029755	1	1	1	3
OG0029756	1	1	1	3
OG0029757	1	1	1	3
OG0029758	1	1	1	3
OG0029759	1	1	1	3
OG0029760	2	1	0	3
OG0029761	1	1	1	3
OG0029762	1	1	1	3
OG0029763	1	1	1	3
OG0029764	1	0	2	3
OG0029765	1	0	2	3
OG0029766	1	1	1	3
OG0029767	1	1	1	3
OG0029768	1	1	1	3
OG0029769	1	1	1	3
OG0029770	2	1	0	3
OG0029771	1	1	1	3
OG0029772	1	1	1	3
OG0029773	1	1	1	3
OG0029774	1	1	1	3
OG0029775	1	1	1	3
OG0029776	1	0	2	3
OG0029777	1	1	1	3
OG0029778	1	2	0	3
OG0029779	1	1	1	3
OG0029780	1	1	1	3
OG0029781	1	0	2	3
OG0029782	1	1	1	3
OG0029783	1	1	1	3
OG0029784	1	1	1	3
OG0029785	1	1	1	3
OG0029786	1	2	0	3
OG0029787	1	1	1	3
OG0029788	1	0	2	3
OG0029789	1	2	0	3
OG0029790	1	2	0	3
OG0029791	2	1	0	3
OG0029792	1	1	1	3
OG0029793	1	1	1	3
OG0029794	1	1	1	3
OG0029795	1	1	1	3
OG0029796	1	1	1	3
OG0029797	1	1	1	3
OG0029798	1	1	1	3
OG0029799	1	1	1	3
OG0029800	1	1	1	3
OG0029801	1	2	0	3
OG0029802	1	1	1	3
OG0029803	1	1	1	3
OG0029804	1	1	1	3
OG0029805	1	1	1	3
OG0029806	1	1	1	3
OG0029807	1	1	1	3
OG0029808	1	1	1	3
OG0029809	1	1	1	3
OG0029810	1	1	1	3
OG0029811	1	1	1	3
OG0029812	1	1	1	3
OG0029813	2	1	0	3
OG0029814	1	1	1	3
OG0029815	1	1	1	3
OG0029816	1	1	1	3
OG0029817	1	1	1	3
OG0029818	1	0	2	3
OG0029819	1	1	1	3
OG0029820	1	1	1	3
OG0029821	2	1	0	3
OG0029822	1	0	2	3
OG0029823	1	1	1	3
OG0029824	1	1	1	3
OG0029825	1	1	1	3
OG0029826	1	1	1	3
OG0029827	1	1	1	3
OG0029828	1	0	2	3
OG0029829	1	1	1	3
OG0029830	1	1	1	3
OG0029831	1	1	1	3
OG0029832	1	1	1	3
OG0029833	1	1	1	3
OG0029834	1	1	1	3
OG0029835	1	1	1	3
OG0029836	1	1	1	3
OG0029837	1	1	1	3
OG0029838	2	1	0	3
OG0029839	1	1	1	3
OG0029840	1	1	1	3
OG0029841	1	1	1	3
OG0029842	1	1	1	3
OG0029843	1	1	1	3
OG0029844	1	1	1	3
OG0029845	1	1	1	3
OG0029846	1	2	0	3
OG0029847	1	1	1	3
OG0029848	1	1	1	3
OG0029849	2	1	0	3
OG0029850	1	1	1	3
OG0029851	1	1	1	3
OG0029852	1	1	1	3
OG0029853	1	1	1	3
OG0029854	1	1	1	3
OG0029855	1	1	1	3
OG0029856	1	2	0	3
OG0029857	1	1	1	3
OG0029858	1	1	1	3
OG0029859	1	1	1	3
OG0029860	1	1	1	3
OG0029861	1	1	1	3
OG0029862	2	0	1	3
OG0029863	1	0	2	3
OG0029864	1	1	1	3
OG0029865	1	1	1	3
OG0029866	1	1	1	3
OG0029867	1	1	1	3
OG0029868	1	1	1	3
OG0029869	1	1	1	3
OG0029870	2	1	0	3
OG0029871	2	0	1	3
OG0029872	1	1	1	3
OG0029873	1	1	1	3
OG0029874	1	1	1	3
OG0029875	1	1	1	3
OG0029876	1	1	1	3
OG0029877	1	1	1	3
OG0029878	1	1	1	3
OG0029879	1	1	1	3
OG0029880	1	1	1	3
OG0029881	1	1	1	3
OG0029882	1	0	2	3
OG0029883	1	1	1	3
OG0029884	1	1	1	3
OG0029885	1	0	2	3
OG0029886	1	1	1	3
OG0029887	1	1	1	3
OG0029888	1	1	1	3
OG0029889	1	1	1	3
OG0029890	1	1	1	3
OG0029891	1	1	1	3
OG0029892	1	1	1	3
OG0029893	1	1	1	3
OG0029894	1	1	1	3
OG0029895	1	1	1	3
OG0029896	1	2	0	3
OG0029897	1	1	1	3
OG0029898	1	1	1	3
OG0029899	1	0	2	3
OG0029900	1	2	0	3
OG0029901	1	1	1	3
OG0029902	1	1	1	3
OG0029903	2	1	0	3
OG0029904	1	1	1	3
OG0029905	1	1	1	3
OG0029906	1	1	1	3
OG0029907	1	1	1	3
OG0029908	1	1	1	3
OG0029909	1	1	1	3
OG0029910	1	1	1	3
OG0029911	1	1	1	3
OG0029912	1	1	1	3
OG0029913	1	1	1	3
OG0029914	1	1	1	3
OG0029915	1	1	1	3
OG0029916	1	0	2	3
OG0029917	1	1	1	3
OG0029918	1	1	1	3
OG0029919	1	2	0	3
OG0029920	1	2	0	3
OG0029921	1	1	1	3
OG0029922	1	1	1	3
OG0029923	1	1	1	3
OG0029924	1	0	2	3
OG0029925	1	1	1	3
OG0029926	1	1	1	3
OG0029927	1	1	1	3
OG0029928	1	0	2	3
OG0029929	1	1	1	3
OG0029930	1	1	1	3
OG0029931	1	1	1	3
OG0029932	2	0	1	3
OG0029933	1	1	1	3
OG0029934	2	0	1	3
OG0029935	2	1	0	3
OG0029936	1	1	1	3
OG0029937	1	1	1	3
OG0029938	2	1	0	3
OG0029939	1	1	1	3
OG0029940	1	1	1	3
OG0029941	2	1	0	3
OG0029942	1	1	1	3
OG0029943	1	1	1	3
OG0029944	1	1	1	3
OG0029945	1	1	1	3
OG0029946	1	1	1	3
OG0029947	1	1	1	3
OG0029948	1	2	0	3
OG0029949	1	1	1	3
OG0029950	1	1	1	3
OG0029951	1	1	1	3
OG0029952	1	1	1	3
OG0029953	1	1	1	3
OG0029954	1	1	1	3
OG0029955	1	1	1	3
OG0029956	1	1	1	3
OG0029957	1	1	1	3
OG0029958	1	1	1	3
OG0029959	1	0	2	3
OG0029960	1	1	1	3
OG0029961	1	1	1	3
OG0029962	1	1	1	3
OG0029963	1	1	1	3
OG0029964	1	0	2	3
OG0029965	1	1	1	3
OG0029966	1	0	2	3
OG0029967	1	1	1	3
OG0029968	1	1	1	3
OG0029969	1	1	1	3
OG0029970	2	1	0	3
OG0029971	1	1	1	3
OG0029972	1	1	1	3
OG0029973	1	1	1	3
OG0029974	1	1	1	3
OG0029975	1	1	1	3
OG0029976	1	1	1	3
OG0029977	1	1	1	3
OG0029978	1	1	1	3
OG0029979	1	2	0	3
OG0029980	1	1	1	3
OG0029981	1	2	0	3
OG0029982	1	1	1	3
OG0029983	1	1	1	3
OG0029984	1	1	1	3
OG0029985	1	1	1	3
OG0029986	1	1	1	3
OG0029987	2	1	0	3
OG0029988	1	1	1	3
OG0029989	1	1	1	3
OG0029990	1	1	1	3
OG0029991	1	1	1	3
OG0029992	1	1	1	3
OG0029993	1	1	1	3
OG0029994	1	0	2	3
OG0029995	1	2	0	3
OG0029996	1	1	1	3
OG0029997	1	1	1	3
OG0029998	1	1	1	3
OG0029999	1	1	1	3
OG0030000	1	0	2	3
OG0030001	1	1	1	3
OG0030002	1	1	1	3
OG0030003	1	1	1	3
OG0030004	1	2	0	3
OG0030005	1	2	0	3
OG0030006	1	1	1	3
OG0030007	1	1	1	3
OG0030008	1	0	2	3
OG0030009	1	1	1	3
OG0030010	1	1	1	3
OG0030011	1	1	1	3
OG0030012	1	1	1	3
OG0030013	1	1	1	3
OG0030014	1	0	2	3
OG0030015	2	1	0	3
OG0030016	2	1	0	3
OG0030017	1	1	1	3
OG0030018	1	1	1	3
OG0030019	1	1	1	3
OG0030020	1	1	1	3
OG0030021	1	1	1	3
OG0030022	1	1	1	3
OG0030023	1	1	1	3
OG0030024	1	1	1	3
OG0030025	1	1	1	3
OG0030026	1	1	1	3
OG0030027	1	1	1	3
OG0030028	1	1	1	3
OG0030029	1	1	1	3
OG0030030	1	1	1	3
OG0030031	1	1	1	3
OG0030032	1	1	1	3
OG0030033	1	1	1	3
OG0030034	1	1	1	3
OG0030035	1	1	1	3
OG0030036	1	1	1	3
OG0030037	1	1	1	3
OG0030038	1	1	1	3
OG0030039	1	1	1	3
OG0030040	1	1	1	3
OG0030041	1	1	1	3
OG0030042	1	1	1	3
OG0030043	1	0	2	3
OG0030044	1	2	0	3
OG0030045	1	1	1	3
OG0030046	1	1	1	3
OG0030047	1	1	1	3
OG0030048	1	1	1	3
OG0030049	1	1	1	3
OG0030050	1	1	1	3
OG0030051	1	1	1	3
OG0030052	1	1	1	3
OG0030053	1	1	1	3
OG0030054	1	1	1	3
OG0030055	2	1	0	3
OG0030056	1	0	2	3
OG0030057	2	0	1	3
OG0030058	1	2	0	3
OG0030059	1	2	0	3
OG0030060	1	1	1	3
OG0030061	1	1	1	3
OG0030062	1	1	1	3
OG0030063	1	1	1	3
OG0030064	1	1	1	3
OG0030065	1	1	1	3
OG0030066	1	1	1	3
OG0030067	2	1	0	3
OG0030068	1	1	1	3
OG0030069	2	0	1	3
OG0030070	1	1	1	3
OG0030071	1	1	1	3
OG0030072	1	1	1	3
OG0030073	1	1	1	3
OG0030074	1	1	1	3
OG0030075	1	2	0	3
OG0030076	1	1	1	3
OG0030077	1	1	1	3
OG0030078	1	1	1	3
OG0030079	1	1	1	3
OG0030080	1	1	1	3
OG0030081	1	0	2	3
OG0030082	1	1	1	3
OG0030083	1	2	0	3
OG0030084	1	1	1	3
OG0030085	1	1	1	3
OG0030086	1	0	2	3
OG0030087	1	1	1	3
OG0030088	2	1	0	3
OG0030089	1	1	1	3
OG0030090	1	2	0	3
OG0030091	1	1	1	3
OG0030092	1	1	1	3
OG0030093	1	1	1	3
OG0030094	1	1	1	3
OG0030095	1	1	1	3
OG0030096	1	1	1	3
OG0030097	1	1	1	3
OG0030098	1	1	1	3
OG0030099	1	1	1	3
OG0030100	1	1	1	3
OG0030101	2	1	0	3
OG0030102	1	1	1	3
OG0030103	1	1	1	3
OG0030104	1	0	2	3
OG0030105	1	0	2	3
OG0030106	1	1	1	3
OG0030107	1	1	1	3
OG0030108	1	1	1	3
OG0030109	1	1	1	3
OG0030110	1	1	1	3
OG0030111	1	1	1	3
OG0030112	1	1	1	3
OG0030113	1	1	1	3
OG0030114	1	1	1	3
OG0030115	1	1	1	3
OG0030116	2	1	0	3
OG0030117	1	1	1	3
OG0030118	1	2	0	3
OG0030119	1	1	1	3
OG0030120	1	1	1	3
OG0030121	1	1	1	3
OG0030122	1	1	1	3
OG0030123	1	1	1	3
OG0030124	1	1	1	3
OG0030125	1	1	1	3
OG0030126	1	1	1	3
OG0030127	1	1	1	3
OG0030128	1	1	1	3
OG0030129	1	2	0	3
OG0030130	2	1	0	3
OG0030131	1	1	1	3
OG0030132	1	1	1	3
OG0030133	1	1	1	3
OG0030134	1	1	1	3
OG0030135	1	1	1	3
OG0030136	1	1	1	3
OG0030137	1	1	1	3
OG0030138	1	1	1	3
OG0030139	1	1	1	3
OG0030140	1	1	1	3
OG0030141	1	1	1	3
OG0030142	1	1	1	3
OG0030143	1	1	1	3
OG0030144	1	1	1	3
OG0030145	1	1	1	3
OG0030146	1	2	0	3
OG0030147	1	1	1	3
OG0030148	1	2	0	3
OG0030149	1	1	1	3
OG0030150	1	1	1	3
OG0030151	2	1	0	3
OG0030152	1	1	1	3
OG0030153	1	1	1	3
OG0030154	1	1	1	3
OG0030155	1	0	2	3
OG0030156	1	1	1	3
OG0030157	1	1	1	3
OG0030158	1	1	1	3
OG0030159	1	1	1	3
OG0030160	1	1	1	3
OG0030161	2	1	0	3
OG0030162	1	1	1	3
OG0030163	2	1	0	3
OG0030164	1	1	1	3
OG0030165	1	1	1	3
OG0030166	1	1	1	3
OG0030167	1	1	1	3
OG0030168	1	1	1	3
OG0030169	1	1	1	3
OG0030170	1	1	1	3
OG0030171	1	1	1	3
OG0030172	1	2	0	3
OG0030173	1	1	1	3
OG0030174	1	1	1	3
OG0030175	1	1	1	3
OG0030176	1	1	1	3
OG0030177	1	1	1	3
OG0030178	1	1	1	3
OG0030179	1	1	1	3
OG0030180	1	1	1	3
OG0030181	1	1	1	3
OG0030182	1	1	1	3
OG0030183	1	1	1	3
OG0030184	1	1	1	3
OG0030185	1	1	1	3
OG0030186	1	2	0	3
OG0030187	1	1	1	3
OG0030188	1	0	2	3
OG0030189	1	1	1	3
OG0030190	2	1	0	3
OG0030191	1	1	1	3
OG0030192	1	1	1	3
OG0030193	1	1	1	3
OG0030194	1	1	1	3
OG0030195	1	1	1	3
OG0030196	1	1	1	3
OG0030197	1	1	1	3
OG0030198	1	2	0	3
OG0030199	1	1	1	3
OG0030200	1	2	0	3
OG0030201	1	1	1	3
OG0030202	1	1	1	3
OG0030203	1	1	1	3
OG0030204	1	1	1	3
OG0030205	1	0	2	3
OG0030206	1	1	1	3
OG0030207	1	2	0	3
OG0030208	1	2	0	3
OG0030209	1	1	1	3
OG0030210	1	2	0	3
OG0030211	1	1	1	3
OG0030212	1	1	1	3
OG0030213	1	1	1	3
OG0030214	1	1	1	3
OG0030215	1	1	1	3
OG0030216	2	1	0	3
OG0030217	1	1	1	3
OG0030218	1	1	1	3
OG0030219	1	1	1	3
OG0030220	1	1	1	3
OG0030221	1	1	1	3
OG0030222	1	1	1	3
OG0030223	1	1	1	3
OG0030224	1	1	1	3
OG0030225	1	1	1	3
OG0030226	1	1	1	3
OG0030227	1	1	1	3
OG0030228	1	1	1	3
OG0030229	1	1	1	3
OG0030230	1	1	1	3
OG0030231	1	1	1	3
OG0030232	1	1	1	3
OG0030233	1	1	1	3
OG0030234	1	1	1	3
OG0030235	1	1	1	3
OG0030236	1	1	1	3
OG0030237	1	1	1	3
OG0030238	1	1	1	3
OG0030239	2	1	0	3
OG0030240	1	1	1	3
OG0030241	2	1	0	3
OG0030242	1	1	1	3
OG0030243	1	1	1	3
OG0030244	1	1	1	3
OG0030245	1	1	1	3
OG0030246	1	1	1	3
OG0030247	1	1	1	3
OG0030248	1	1	1	3
OG0030249	1	1	1	3
OG0030250	1	1	1	3
OG0030251	2	1	0	3
OG0030252	1	1	1	3
OG0030253	1	0	2	3
OG0030254	1	0	2	3
OG0030255	1	1	1	3
OG0030256	1	1	1	3
OG0030257	1	1	1	3
OG0030258	1	1	1	3
OG0030259	1	1	1	3
OG0030260	1	1	1	3
OG0030261	2	1	0	3
OG0030262	1	1	1	3
OG0030263	1	1	1	3
OG0030264	1	1	1	3
OG0030265	1	1	1	3
OG0030266	1	1	1	3
OG0030267	1	2	0	3
OG0030268	1	1	1	3
OG0030269	1	1	1	3
OG0030270	1	1	1	3
OG0030271	1	1	1	3
OG0030272	1	1	1	3
OG0030273	1	0	2	3
OG0030274	1	1	1	3
OG0030275	1	1	1	3
OG0030276	1	1	1	3
OG0030277	1	1	1	3
OG0030278	2	0	1	3
OG0030279	1	1	1	3
OG0030280	1	1	1	3
OG0030281	1	1	1	3
OG0030282	1	1	1	3
OG0030283	1	1	1	3
OG0030284	1	1	1	3
OG0030285	1	1	1	3
OG0030286	1	1	1	3
OG0030287	1	1	1	3
OG0030288	1	1	1	3
OG0030289	1	1	1	3
OG0030290	1	1	1	3
OG0030291	1	1	1	3
OG0030292	1	0	2	3
OG0030293	1	1	1	3
OG0030294	1	2	0	3
OG0030295	1	1	1	3
OG0030296	1	1	1	3
OG0030297	1	1	1	3
OG0030298	1	1	1	3
OG0030299	1	1	1	3
OG0030300	1	1	1	3
OG0030301	1	1	1	3
OG0030302	1	1	1	3
OG0030303	1	0	2	3
OG0030304	1	1	1	3
OG0030305	1	0	2	3
OG0030306	1	1	1	3
OG0030307	1	1	1	3
OG0030308	1	1	1	3
OG0030309	1	1	1	3
OG0030310	1	1	1	3
OG0030311	1	1	1	3
OG0030312	1	0	2	3
OG0030313	1	1	1	3
OG0030314	1	1	1	3
OG0030315	1	1	1	3
OG0030316	1	1	1	3
OG0030317	1	1	1	3
OG0030318	1	1	1	3
OG0030319	1	1	1	3
OG0030320	1	1	1	3
OG0030321	1	1	1	3
OG0030322	1	1	1	3
OG0030323	1	1	1	3
OG0030324	1	1	1	3
OG0030325	1	1	1	3
OG0030326	1	1	1	3
OG0030327	1	1	1	3
OG0030328	1	1	1	3
OG0030329	1	1	1	3
OG0030330	1	1	1	3
OG0030331	1	0	2	3
OG0030332	1	1	1	3
OG0030333	1	2	0	3
OG0030334	1	1	1	3
OG0030335	1	1	1	3
OG0030336	1	1	1	3
OG0030337	1	1	1	3
OG0030338	1	1	1	3
OG0030339	1	1	1	3
OG0030340	2	1	0	3
OG0030341	1	1	1	3
OG0030342	1	1	1	3
OG0030343	1	1	1	3
OG0030344	1	1	1	3
OG0030345	1	1	1	3
OG0030346	1	1	1	3
OG0030347	1	1	1	3
OG0030348	1	1	1	3
OG0030349	1	1	1	3
OG0030350	1	1	1	3
OG0030351	1	1	1	3
OG0030352	1	1	1	3
OG0030353	1	1	1	3
OG0030354	1	1	1	3
OG0030355	1	1	1	3
OG0030356	1	1	1	3
OG0030357	1	1	1	3
OG0030358	1	1	1	3
OG0030359	1	1	1	3
OG0030360	1	1	1	3
OG0030361	1	1	1	3
OG0030362	1	2	0	3
OG0030363	1	1	1	3
OG0030364	1	1	1	3
OG0030365	1	1	1	3
OG0030366	1	1	1	3
OG0030367	2	1	0	3
OG0030368	1	1	1	3
OG0030369	1	1	1	3
OG0030370	1	1	1	3
OG0030371	1	1	1	3
OG0030372	1	1	1	3
OG0030373	1	1	1	3
OG0030374	1	1	1	3
OG0030375	1	0	2	3
OG0030376	2	1	0	3
OG0030377	1	0	2	3
OG0030378	1	1	1	3
OG0030379	1	1	1	3
OG0030380	1	1	1	3
OG0030381	1	2	0	3
OG0030382	1	1	1	3
OG0030383	2	1	0	3
OG0030384	1	1	1	3
OG0030385	1	1	1	3
OG0030386	1	0	2	3
OG0030387	1	1	1	3
OG0030388	1	1	1	3
OG0030389	1	1	1	3
OG0030390	1	1	1	3
OG0030391	1	1	1	3
OG0030392	1	1	1	3
OG0030393	1	1	1	3
OG0030394	1	1	1	3
OG0030395	1	1	1	3
OG0030396	1	0	2	3
OG0030397	1	1	1	3
OG0030398	1	1	1	3
OG0030399	1	2	0	3
OG0030400	1	1	1	3
OG0030401	1	1	1	3
OG0030402	1	1	1	3
OG0030403	1	1	1	3
OG0030404	1	1	1	3
OG0030405	1	1	1	3
OG0030406	1	1	1	3
OG0030407	1	1	1	3
OG0030408	1	1	1	3
OG0030409	1	1	1	3
OG0030410	2	1	0	3
OG0030411	1	1	1	3
OG0030412	1	1	1	3
OG0030413	1	2	0	3
OG0030414	1	2	0	3
OG0030415	1	1	1	3
OG0030416	1	1	1	3
OG0030417	1	1	1	3
OG0030418	1	1	1	3
OG0030419	1	0	2	3
OG0030420	1	1	1	3
OG0030421	1	1	1	3
OG0030422	1	1	1	3
OG0030423	1	1	1	3
OG0030424	1	1	1	3
OG0030425	1	1	1	3
OG0030426	2	1	0	3
OG0030427	1	1	1	3
OG0030428	1	1	1	3
OG0030429	1	1	1	3
OG0030430	1	1	1	3
OG0030431	1	1	1	3
OG0030432	1	1	1	3
OG0030433	1	1	1	3
OG0030434	1	1	1	3
OG0030435	1	1	1	3
OG0030436	1	1	1	3
OG0030437	1	1	1	3
OG0030438	1	1	1	3
OG0030439	1	1	1	3
OG0030440	1	1	1	3
OG0030441	1	0	2	3
OG0030442	1	1	1	3
OG0030443	1	1	1	3
OG0030444	1	1	1	3
OG0030445	2	1	0	3
OG0030446	1	2	0	3
OG0030447	1	1	1	3
OG0030448	1	1	1	3
OG0030449	1	1	1	3
OG0030450	1	1	1	3
OG0030451	1	1	1	3
OG0030452	1	1	1	3
OG0030453	1	1	1	3
OG0030454	1	2	0	3
OG0030455	2	0	1	3
OG0030456	1	1	1	3
OG0030457	1	1	1	3
OG0030458	1	1	1	3
OG0030459	1	1	1	3
OG0030460	1	1	1	3
OG0030461	1	1	1	3
OG0030462	1	1	1	3
OG0030463	2	0	1	3
OG0030464	1	2	0	3
OG0030465	1	1	1	3
OG0030466	1	1	1	3
OG0030467	1	1	1	3
OG0030468	1	1	1	3
OG0030469	1	1	1	3
OG0030470	1	1	1	3
OG0030471	1	1	1	3
OG0030472	1	2	0	3
OG0030473	1	1	1	3
OG0030474	1	1	1	3
OG0030475	1	1	1	3
OG0030476	1	1	1	3
OG0030477	1	1	1	3
OG0030478	1	1	1	3
OG0030479	1	1	1	3
OG0030480	1	1	1	3
OG0030481	1	1	1	3
OG0030482	1	1	1	3
OG0030483	1	1	1	3
OG0030484	1	2	0	3
OG0030485	1	1	1	3
OG0030486	1	2	0	3
OG0030487	1	1	1	3
OG0030488	1	1	1	3
OG0030489	1	1	1	3
OG0030490	1	1	1	3
OG0030491	1	1	1	3
OG0030492	1	1	1	3
OG0030493	1	2	0	3
OG0030494	1	1	1	3
OG0030495	1	1	1	3
OG0030496	1	1	1	3
OG0030497	1	1	1	3
OG0030498	2	0	1	3
OG0030499	1	1	1	3
OG0030500	1	1	1	3
OG0030501	1	0	2	3
OG0030502	1	1	1	3
OG0030503	1	1	1	3
OG0030504	1	1	1	3
OG0030505	1	1	1	3
OG0030506	1	1	1	3
OG0030507	1	1	1	3
OG0030508	1	1	1	3
OG0030509	1	1	1	3
OG0030510	1	1	1	3
OG0030511	1	1	1	3
OG0030512	1	1	1	3
OG0030513	1	1	1	3
OG0030514	1	1	1	3
OG0030515	1	1	1	3
OG0030516	1	2	0	3
OG0030517	1	1	1	3
OG0030518	1	1	1	3
OG0030519	1	1	1	3
OG0030520	1	1	1	3
OG0030521	1	1	1	3
OG0030522	1	1	1	3
OG0030523	2	1	0	3
OG0030524	1	2	0	3
OG0030525	1	1	1	3
OG0030526	1	2	0	3
OG0030527	1	1	1	3
OG0030528	1	1	1	3
OG0030529	2	1	0	3
OG0030530	1	1	1	3
OG0030531	1	1	1	3
OG0030532	1	1	1	3
OG0030533	1	0	2	3
OG0030534	1	1	1	3
OG0030535	1	1	1	3
OG0030536	1	1	1	3
OG0030537	1	1	1	3
OG0030538	1	0	2	3
OG0030539	1	1	1	3
OG0030540	1	1	1	3
OG0030541	1	1	1	3
OG0030542	1	1	1	3
OG0030543	1	1	1	3
OG0030544	1	1	1	3
OG0030545	1	1	1	3
OG0030546	1	2	0	3
OG0030547	2	1	0	3
OG0030548	1	1	1	3
OG0030549	1	1	1	3
OG0030550	1	2	0	3
OG0030551	1	1	1	3
OG0030552	1	1	1	3
OG0030553	1	1	1	3
OG0030554	1	2	0	3
OG0030555	1	1	1	3
OG0030556	1	1	1	3
OG0030557	1	1	1	3
OG0030558	1	1	1	3
OG0030559	1	1	1	3
OG0030560	1	1	1	3
OG0030561	1	1	1	3
OG0030562	1	1	1	3
OG0030563	1	1	1	3
OG0030564	1	1	1	3
OG0030565	1	1	1	3
OG0030566	1	1	1	3
OG0030567	1	1	1	3
OG0030568	1	1	1	3
OG0030569	1	1	1	3
OG0030570	1	1	1	3
OG0030571	2	0	1	3
OG0030572	1	1	1	3
OG0030573	1	1	1	3
OG0030574	1	0	2	3
OG0030575	2	1	0	3
OG0030576	1	1	1	3
OG0030577	2	0	1	3
OG0030578	1	1	1	3
OG0030579	1	1	1	3
OG0030580	1	1	1	3
OG0030581	1	1	1	3
OG0030582	1	1	1	3
OG0030583	1	1	1	3
OG0030584	1	1	1	3
OG0030585	1	1	1	3
OG0030586	1	1	1	3
OG0030587	1	1	1	3
OG0030588	1	1	1	3
OG0030589	1	1	1	3
OG0030590	1	1	1	3
OG0030591	1	0	2	3
OG0030592	1	1	1	3
OG0030593	1	1	1	3
OG0030594	1	2	0	3
OG0030595	1	1	1	3
OG0030596	1	1	1	3
OG0030597	1	1	1	3
OG0030598	1	1	1	3
OG0030599	2	0	1	3
OG0030600	1	1	1	3
OG0030601	1	1	1	3
OG0030602	1	1	1	3
OG0030603	1	0	2	3
OG0030604	1	1	1	3
OG0030605	1	1	1	3
OG0030606	1	1	1	3
OG0030607	2	1	0	3
OG0030608	1	1	1	3
OG0030609	1	1	1	3
OG0030610	1	1	1	3
OG0030611	1	1	1	3
OG0030612	1	1	1	3
OG0030613	1	1	1	3
OG0030614	2	0	1	3
OG0030615	1	2	0	3
OG0030616	1	1	1	3
OG0030617	1	1	1	3
OG0030618	1	0	2	3
OG0030619	1	1	1	3
OG0030620	1	1	1	3
OG0030621	1	1	1	3
OG0030622	1	1	1	3
OG0030623	1	1	1	3
OG0030624	1	1	1	3
OG0030625	1	1	1	3
OG0030626	1	1	1	3
OG0030627	1	1	1	3
OG0030628	1	1	1	3
OG0030629	1	1	1	3
OG0030630	1	1	1	3
OG0030631	1	1	1	3
OG0030632	1	1	1	3
OG0030633	1	2	0	3
OG0030634	1	1	1	3
OG0030635	1	1	1	3
OG0030636	1	1	1	3
OG0030637	1	1	1	3
OG0030638	1	1	1	3
OG0030639	1	1	1	3
OG0030640	1	1	1	3
OG0030641	1	1	1	3
OG0030642	1	1	1	3
OG0030643	1	1	1	3
OG0030644	1	1	1	3
OG0030645	1	2	0	3
OG0030646	1	1	1	3
OG0030647	1	1	1	3
OG0030648	1	1	1	3
OG0030649	1	1	1	3
OG0030650	1	1	1	3
OG0030651	1	1	1	3
OG0030652	1	1	1	3
OG0030653	1	1	1	3
OG0030654	1	1	1	3
OG0030655	1	1	1	3
OG0030656	1	2	0	3
OG0030657	1	1	1	3
OG0030658	1	1	1	3
OG0030659	1	0	2	3
OG0030660	1	1	1	3
OG0030661	1	1	1	3
OG0030662	1	1	1	3
OG0030663	1	1	1	3
OG0030664	1	1	1	3
OG0030665	1	1	1	3
OG0030666	1	1	1	3
OG0030667	1	2	0	3
OG0030668	1	1	1	3
OG0030669	1	1	1	3
OG0030670	1	1	1	3
OG0030671	1	1	1	3
OG0030672	1	1	1	3
OG0030673	1	1	1	3
OG0030674	2	1	0	3
OG0030675	1	1	1	3
OG0030676	1	1	1	3
OG0030677	1	1	1	3
OG0030678	1	1	1	3
OG0030679	1	2	0	3
OG0030680	1	1	1	3
OG0030681	1	1	1	3
OG0030682	1	1	1	3
OG0030683	1	1	1	3
OG0030684	1	1	1	3
OG0030685	1	1	1	3
OG0030686	1	1	1	3
OG0030687	1	1	1	3
OG0030688	1	1	1	3
OG0030689	1	1	1	3
OG0030690	1	1	1	3
OG0030691	1	1	1	3
OG0030692	1	2	0	3
OG0030693	2	1	0	3
OG0030694	1	1	1	3
OG0030695	1	1	1	3
OG0030696	2	1	0	3
OG0030697	1	1	1	3
OG0030698	1	0	2	3
OG0030699	1	1	1	3
OG0030700	1	0	2	3
OG0030701	1	1	1	3
OG0030702	1	1	1	3
OG0030703	1	2	0	3
OG0030704	1	0	2	3
OG0030705	1	0	2	3
OG0030706	2	1	0	3
OG0030707	1	1	1	3
OG0030708	1	1	1	3
OG0030709	1	1	1	3
OG0030710	1	1	1	3
OG0030711	1	0	2	3
OG0030712	1	2	0	3
OG0030713	1	1	1	3
OG0030714	2	1	0	3
OG0030715	1	1	1	3
OG0030716	1	0	2	3
OG0030717	1	0	2	3
OG0030718	1	2	0	3
OG0030719	1	1	1	3
OG0030720	1	1	1	3
OG0030721	1	1	1	3
OG0030722	1	1	1	3
OG0030723	2	1	0	3
OG0030724	2	1	0	3
OG0030725	1	1	1	3
OG0030726	1	1	1	3
OG0030727	2	1	0	3
OG0030728	1	1	1	3
OG0030729	1	1	1	3
OG0030730	1	1	1	3
OG0030731	1	1	1	3
OG0030732	1	1	1	3
OG0030733	1	1	1	3
OG0030734	1	1	1	3
OG0030735	1	0	2	3
OG0030736	1	1	1	3
OG0030737	0	2	1	3
OG0030738	0	1	2	3
OG0030739	0	2	1	3
OG0030740	0	2	1	3
OG0030741	0	2	1	3
OG0030742	0	2	1	3
OG0030743	0	1	2	3
OG0030744	0	1	2	3
OG0030745	0	2	1	3
OG0030746	0	2	1	3
OG0030747	0	2	1	3
OG0030748	0	2	1	3
OG0030749	0	1	2	3
OG0030750	0	1	2	3
OG0030751	0	2	1	3
OG0030752	0	2	1	3
OG0030753	0	2	1	3
OG0030754	0	1	2	3
OG0030755	0	2	1	3
OG0030756	0	1	2	3
OG0030757	0	1	2	3
OG0030758	0	2	1	3
OG0030759	0	1	2	3
OG0030760	0	2	1	3
OG0030761	0	1	2	3
OG0030762	0	1	2	3
OG0030763	0	1	2	3
OG0030764	0	2	1	3
OG0030765	0	2	1	3
OG0030766	0	1	2	3
OG0030767	0	1	2	3
OG0030768	0	2	1	3
OG0030769	0	2	1	3
OG0030770	0	2	1	3
OG0030771	0	1	2	3
OG0030772	0	2	1	3
OG0030773	0	1	2	3
OG0030774	0	2	1	3
OG0030775	0	2	1	3
OG0030776	0	2	1	3
OG0030777	0	2	1	3
OG0030778	0	2	1	3
OG0030779	0	2	1	3
OG0030780	0	1	2	3
OG0030781	0	2	1	3
OG0030782	0	2	1	3
OG0030783	0	2	1	3
OG0030784	0	2	1	3
OG0030785	0	2	1	3
OG0030786	0	2	1	3
OG0030787	0	2	1	3
OG0030788	0	1	2	3
OG0030789	0	2	1	3
OG0030790	0	2	1	3
OG0030791	0	1	2	3
OG0030792	0	2	1	3
OG0030793	0	2	1	3
OG0030794	0	2	1	3
OG0030795	0	1	2	3
OG0030796	0	1	2	3
OG0030797	0	2	1	3
OG0030798	0	1	2	3
OG0030799	0	2	1	3
OG0030800	0	2	1	3
OG0030801	0	2	1	3
OG0030802	0	2	1	3
OG0030803	0	2	1	3
OG0030804	0	2	1	3
OG0030805	0	2	1	3
OG0030806	0	1	2	3
OG0030807	0	1	2	3
OG0030808	0	2	1	3
OG0030809	0	1	2	3
OG0030810	0	2	1	3
OG0030811	0	2	1	3
OG0030812	0	2	1	3
OG0030813	0	1	2	3
OG0030814	0	2	1	3
OG0030815	0	1	2	3
OG0030816	0	1	2	3
OG0030817	0	1	2	3
OG0030818	0	1	2	3
OG0030819	0	1	2	3
OG0030820	0	2	1	3
OG0030821	0	2	1	3
OG0030822	0	1	2	3
OG0030823	0	2	1	3
OG0030824	0	1	2	3
OG0030825	0	1	2	3
OG0030826	0	2	1	3
OG0030827	0	1	2	3
OG0030828	0	1	2	3
OG0030829	0	2	1	3
OG0030830	0	2	1	3
OG0030831	0	2	1	3
OG0030832	0	1	2	3
OG0030833	0	2	1	3
OG0030834	0	1	2	3
OG0030835	0	1	2	3
OG0030836	0	2	1	3
OG0030837	0	2	1	3
OG0030838	0	1	2	3
OG0030839	0	1	2	3
OG0030840	0	2	1	3
OG0030841	0	1	2	3
OG0030842	0	2	1	3
OG0030843	0	1	2	3
OG0030844	0	1	2	3
OG0030845	0	1	2	3
OG0030846	0	1	2	3
OG0030847	0	1	2	3
OG0030848	0	2	1	3
OG0030849	0	2	1	3
OG0030850	0	2	1	3
OG0030851	0	2	1	3
OG0030852	0	2	1	3
OG0030853	0	2	1	3
OG0030854	0	1	2	3
OG0030855	0	1	2	3
OG0030856	0	2	1	3
OG0030857	0	1	2	3
OG0030858	0	2	1	3
OG0030859	0	2	1	3
OG0030860	0	2	1	3
OG0030861	0	1	2	3
OG0030862	0	1	2	3
OG0030863	0	1	2	3
OG0030864	0	1	2	3
OG0030865	0	1	2	3
OG0030866	0	1	2	3
OG0030867	0	2	1	3
OG0030868	0	2	1	3
OG0030869	0	2	1	3
OG0030870	0	1	2	3
OG0030871	0	1	2	3
OG0030872	0	2	1	3
OG0030873	0	2	1	3
OG0030874	0	1	2	3
OG0030875	0	2	1	3
OG0030876	0	1	2	3
OG0030877	0	1	2	3
OG0030878	0	1	2	3
OG0030879	0	2	1	3
OG0030880	0	1	2	3
OG0030881	0	1	2	3
OG0030882	0	1	2	3
OG0030883	0	1	2	3
OG0030884	0	2	1	3
OG0030885	0	2	1	3
OG0030886	0	2	1	3
OG0030887	0	2	1	3
OG0030888	0	2	1	3
OG0030889	0	1	2	3
OG0030890	0	1	2	3
OG0030891	0	1	2	3
OG0030892	0	1	2	3
OG0030893	0	2	1	3
OG0030894	0	2	1	3
OG0030895	0	2	1	3
OG0030896	0	2	1	3
OG0030897	0	2	1	3
OG0030898	0	2	1	3
OG0030899	0	1	2	3
OG0030900	0	2	1	3
OG0030901	0	1	2	3
OG0030902	0	1	2	3
OG0030903	0	2	1	3
OG0030904	0	1	2	3
OG0030905	0	1	2	3
OG0030906	0	2	1	3
OG0030907	0	2	1	3
OG0030908	0	2	1	3
OG0030909	0	2	1	3
OG0030910	0	1	2	3
OG0030911	1	0	1	2
OG0030912	1	1	0	2
OG0030913	1	1	0	2
OG0030914	1	0	1	2
OG0030915	1	0	1	2
OG0030916	1	0	1	2
OG0030917	1	0	1	2
OG0030918	1	1	0	2
OG0030919	1	1	0	2
OG0030920	1	0	1	2
OG0030921	1	0	1	2
OG0030922	1	0	1	2
OG0030923	1	1	0	2
OG0030924	1	1	0	2
OG0030925	1	1	0	2
OG0030926	1	1	0	2
OG0030927	1	0	1	2
OG0030928	1	1	0	2
OG0030929	1	1	0	2
OG0030930	1	1	0	2
OG0030931	1	1	0	2
OG0030932	1	1	0	2
OG0030933	1	0	1	2
OG0030934	1	0	1	2
OG0030935	1	0	1	2
OG0030936	1	1	0	2
OG0030937	1	1	0	2
OG0030938	1	1	0	2
OG0030939	1	0	1	2
OG0030940	1	0	1	2
OG0030941	1	0	1	2
OG0030942	1	1	0	2
OG0030943	1	0	1	2
OG0030944	1	1	0	2
OG0030945	1	0	1	2
OG0030946	1	1	0	2
OG0030947	1	0	1	2
OG0030948	1	0	1	2
OG0030949	1	1	0	2
OG0030950	1	1	0	2
OG0030951	1	1	0	2
OG0030952	1	1	0	2
OG0030953	1	1	0	2
OG0030954	1	1	0	2
OG0030955	1	1	0	2
OG0030956	1	1	0	2
OG0030957	1	0	1	2
OG0030958	1	0	1	2
OG0030959	1	1	0	2
OG0030960	1	0	1	2
OG0030961	1	0	1	2
OG0030962	1	0	1	2
OG0030963	1	1	0	2
OG0030964	1	0	1	2
OG0030965	1	0	1	2
OG0030966	1	1	0	2
OG0030967	1	0	1	2
OG0030968	1	1	0	2
OG0030969	1	1	0	2
OG0030970	1	0	1	2
OG0030971	1	1	0	2
OG0030972	1	1	0	2
OG0030973	1	1	0	2
OG0030974	1	1	0	2
OG0030975	1	1	0	2
OG0030976	1	1	0	2
OG0030977	1	1	0	2
OG0030978	1	0	1	2
OG0030979	1	0	1	2
OG0030980	1	1	0	2
OG0030981	1	1	0	2
OG0030982	1	1	0	2
OG0030983	1	0	1	2
OG0030984	1	1	0	2
OG0030985	1	1	0	2
OG0030986	1	0	1	2
OG0030987	1	0	1	2
OG0030988	1	1	0	2
OG0030989	1	0	1	2
OG0030990	1	0	1	2
OG0030991	1	0	1	2
OG0030992	1	0	1	2
OG0030993	1	0	1	2
OG0030994	1	1	0	2
OG0030995	1	1	0	2
OG0030996	1	0	1	2
OG0030997	1	0	1	2
OG0030998	1	0	1	2
OG0030999	1	0	1	2
OG0031000	1	1	0	2
OG0031001	1	1	0	2
OG0031002	1	1	0	2
OG0031003	1	1	0	2
OG0031004	1	1	0	2
OG0031005	1	0	1	2
OG0031006	1	0	1	2
OG0031007	1	0	1	2
OG0031008	1	0	1	2
OG0031009	1	0	1	2
OG0031010	1	1	0	2
OG0031011	1	0	1	2
OG0031012	1	1	0	2
OG0031013	1	1	0	2
OG0031014	1	0	1	2
OG0031015	1	0	1	2
OG0031016	1	0	1	2
OG0031017	1	1	0	2
OG0031018	1	0	1	2
OG0031019	1	1	0	2
OG0031020	1	0	1	2
OG0031021	1	1	0	2
OG0031022	1	0	1	2
OG0031023	1	0	1	2
OG0031024	1	1	0	2
OG0031025	1	1	0	2
OG0031026	1	1	0	2
OG0031027	1	1	0	2
OG0031028	1	1	0	2
OG0031029	1	0	1	2
OG0031030	1	0	1	2
OG0031031	1	1	0	2
OG0031032	1	1	0	2
OG0031033	1	1	0	2
OG0031034	1	0	1	2
OG0031035	1	1	0	2
OG0031036	1	0	1	2
OG0031037	1	0	1	2
OG0031038	1	0	1	2
OG0031039	1	1	0	2
OG0031040	1	1	0	2
OG0031041	1	0	1	2
OG0031042	1	0	1	2
OG0031043	1	0	1	2
OG0031044	1	1	0	2
OG0031045	1	0	1	2
OG0031046	1	0	1	2
OG0031047	1	0	1	2
OG0031048	1	0	1	2
OG0031049	1	1	0	2
OG0031050	1	1	0	2
OG0031051	1	1	0	2
OG0031052	1	0	1	2
OG0031053	1	1	0	2
OG0031054	1	0	1	2
OG0031055	1	1	0	2
OG0031056	1	0	1	2
OG0031057	1	0	1	2
OG0031058	1	0	1	2
OG0031059	1	0	1	2
OG0031060	1	0	1	2
OG0031061	1	0	1	2
OG0031062	1	0	1	2
OG0031063	1	0	1	2
OG0031064	1	0	1	2
OG0031065	1	0	1	2
OG0031066	1	0	1	2
OG0031067	1	0	1	2
OG0031068	1	0	1	2
OG0031069	1	1	0	2
OG0031070	1	1	0	2
OG0031071	1	0	1	2
OG0031072	1	0	1	2
OG0031073	1	0	1	2
OG0031074	1	0	1	2
OG0031075	1	0	1	2
OG0031076	1	1	0	2
OG0031077	1	0	1	2
OG0031078	1	0	1	2
OG0031079	1	0	1	2
OG0031080	1	0	1	2
OG0031081	1	0	1	2
OG0031082	1	1	0	2
OG0031083	1	0	1	2
OG0031084	1	1	0	2
OG0031085	1	1	0	2
OG0031086	1	0	1	2
OG0031087	1	0	1	2
OG0031088	1	0	1	2
OG0031089	1	1	0	2
OG0031090	1	0	1	2
OG0031091	1	1	0	2
OG0031092	1	1	0	2
OG0031093	1	1	0	2
OG0031094	1	0	1	2
OG0031095	1	0	1	2
OG0031096	1	0	1	2
OG0031097	1	0	1	2
OG0031098	1	0	1	2
OG0031099	1	1	0	2
OG0031100	1	0	1	2
OG0031101	1	1	0	2
OG0031102	1	0	1	2
OG0031103	1	1	0	2
OG0031104	1	0	1	2
OG0031105	1	0	1	2
OG0031106	1	1	0	2
OG0031107	1	1	0	2
OG0031108	1	0	1	2
OG0031109	1	0	1	2
OG0031110	1	0	1	2
OG0031111	1	1	0	2
OG0031112	1	1	0	2
OG0031113	1	0	1	2
OG0031114	1	0	1	2
OG0031115	1	1	0	2
OG0031116	1	0	1	2
OG0031117	1	1	0	2
OG0031118	1	1	0	2
OG0031119	1	1	0	2
OG0031120	1	0	1	2
OG0031121	1	0	1	2
OG0031122	1	1	0	2
OG0031123	1	1	0	2
OG0031124	1	1	0	2
OG0031125	1	0	1	2
OG0031126	1	0	1	2
OG0031127	1	0	1	2
OG0031128	1	0	1	2
OG0031129	1	0	1	2
OG0031130	1	0	1	2
OG0031131	1	0	1	2
OG0031132	1	0	1	2
OG0031133	1	0	1	2
OG0031134	1	1	0	2
OG0031135	1	0	1	2
OG0031136	1	0	1	2
OG0031137	1	0	1	2
OG0031138	1	0	1	2
OG0031139	1	1	0	2
OG0031140	1	0	1	2
OG0031141	1	0	1	2
OG0031142	1	0	1	2
OG0031143	1	0	1	2
OG0031144	1	0	1	2
OG0031145	1	0	1	2
OG0031146	1	0	1	2
OG0031147	1	0	1	2
OG0031148	1	0	1	2
OG0031149	1	0	1	2
OG0031150	1	0	1	2
OG0031151	1	0	1	2
OG0031152	1	0	1	2
OG0031153	1	1	0	2
OG0031154	1	0	1	2
OG0031155	1	1	0	2
OG0031156	1	1	0	2
OG0031157	1	1	0	2
OG0031158	1	1	0	2
OG0031159	1	1	0	2
OG0031160	1	0	1	2
OG0031161	1	1	0	2
OG0031162	1	0	1	2
OG0031163	1	0	1	2
OG0031164	1	1	0	2
OG0031165	1	0	1	2
OG0031166	1	0	1	2
OG0031167	1	0	1	2
OG0031168	1	0	1	2
OG0031169	1	1	0	2
OG0031170	1	0	1	2
OG0031171	1	1	0	2
OG0031172	1	1	0	2
OG0031173	1	0	1	2
OG0031174	1	0	1	2
OG0031175	1	1	0	2
OG0031176	1	0	1	2
OG0031177	1	1	0	2
OG0031178	1	0	1	2
OG0031179	1	0	1	2
OG0031180	1	0	1	2
OG0031181	1	1	0	2
OG0031182	1	1	0	2
OG0031183	1	0	1	2
OG0031184	1	0	1	2
OG0031185	1	1	0	2
OG0031186	1	1	0	2
OG0031187	1	1	0	2
OG0031188	1	0	1	2
OG0031189	1	0	1	2
OG0031190	1	0	1	2
OG0031191	1	0	1	2
OG0031192	1	0	1	2
OG0031193	1	1	0	2
OG0031194	1	1	0	2
OG0031195	1	1	0	2
OG0031196	1	0	1	2
OG0031197	1	0	1	2
OG0031198	1	0	1	2
OG0031199	1	0	1	2
OG0031200	1	0	1	2
OG0031201	1	1	0	2
OG0031202	1	1	0	2
OG0031203	1	1	0	2
OG0031204	1	0	1	2
OG0031205	1	1	0	2
OG0031206	1	1	0	2
OG0031207	1	0	1	2
OG0031208	1	1	0	2
OG0031209	1	1	0	2
OG0031210	1	1	0	2
OG0031211	1	1	0	2
OG0031212	1	0	1	2
OG0031213	1	1	0	2
OG0031214	1	0	1	2
OG0031215	1	0	1	2
OG0031216	1	1	0	2
OG0031217	1	1	0	2
OG0031218	1	1	0	2
OG0031219	1	1	0	2
OG0031220	1	0	1	2
OG0031221	1	0	1	2
OG0031222	1	0	1	2
OG0031223	1	0	1	2
OG0031224	1	1	0	2
OG0031225	1	0	1	2
OG0031226	1	0	1	2
OG0031227	1	0	1	2
OG0031228	1	0	1	2
OG0031229	1	0	1	2
OG0031230	1	1	0	2
OG0031231	1	1	0	2
OG0031232	1	1	0	2
OG0031233	1	1	0	2
OG0031234	1	1	0	2
OG0031235	1	1	0	2
OG0031236	1	0	1	2
OG0031237	1	0	1	2
OG0031238	1	0	1	2
OG0031239	1	1	0	2
OG0031240	1	1	0	2
OG0031241	1	1	0	2
OG0031242	1	0	1	2
OG0031243	1	1	0	2
OG0031244	1	1	0	2
OG0031245	1	1	0	2
OG0031246	1	1	0	2
OG0031247	1	1	0	2
OG0031248	1	0	1	2
OG0031249	1	0	1	2
OG0031250	1	0	1	2
OG0031251	1	0	1	2
OG0031252	1	1	0	2
OG0031253	1	1	0	2
OG0031254	1	0	1	2
OG0031255	1	0	1	2
OG0031256	1	0	1	2
OG0031257	1	0	1	2
OG0031258	1	0	1	2
OG0031259	1	1	0	2
OG0031260	1	0	1	2
OG0031261	1	1	0	2
OG0031262	1	1	0	2
OG0031263	1	1	0	2
OG0031264	1	1	0	2
OG0031265	1	0	1	2
OG0031266	1	0	1	2
OG0031267	1	0	1	2
OG0031268	1	0	1	2
OG0031269	1	0	1	2
OG0031270	1	0	1	2
OG0031271	1	0	1	2
OG0031272	1	0	1	2
OG0031273	1	0	1	2
OG0031274	1	0	1	2
OG0031275	1	0	1	2
OG0031276	1	0	1	2
OG0031277	1	0	1	2
OG0031278	1	0	1	2
OG0031279	1	0	1	2
OG0031280	1	0	1	2
OG0031281	1	0	1	2
OG0031282	1	1	0	2
OG0031283	1	1	0	2
OG0031284	1	0	1	2
OG0031285	1	0	1	2
OG0031286	1	0	1	2
OG0031287	1	0	1	2
OG0031288	1	0	1	2
OG0031289	1	0	1	2
OG0031290	1	0	1	2
OG0031291	1	1	0	2
OG0031292	1	0	1	2
OG0031293	1	1	0	2
OG0031294	1	0	1	2
OG0031295	1	1	0	2
OG0031296	1	1	0	2
OG0031297	1	0	1	2
OG0031298	1	0	1	2
OG0031299	1	0	1	2
OG0031300	1	0	1	2
OG0031301	1	0	1	2
OG0031302	1	0	1	2
OG0031303	1	0	1	2
OG0031304	1	0	1	2
OG0031305	1	1	0	2
OG0031306	1	0	1	2
OG0031307	1	0	1	2
OG0031308	1	1	0	2
OG0031309	1	0	1	2
OG0031310	1	1	0	2
OG0031311	1	0	1	2
OG0031312	1	0	1	2
OG0031313	1	0	1	2
OG0031314	1	0	1	2
OG0031315	1	1	0	2
OG0031316	1	0	1	2
OG0031317	1	0	1	2
OG0031318	1	1	0	2
OG0031319	1	1	0	2
OG0031320	1	1	0	2
OG0031321	1	0	1	2
OG0031322	1	0	1	2
OG0031323	1	0	1	2
OG0031324	1	0	1	2
OG0031325	1	1	0	2
OG0031326	1	1	0	2
OG0031327	1	0	1	2
OG0031328	1	0	1	2
OG0031329	1	1	0	2
OG0031330	1	0	1	2
OG0031331	1	0	1	2
OG0031332	1	1	0	2
OG0031333	1	1	0	2
OG0031334	1	0	1	2
OG0031335	1	0	1	2
OG0031336	1	0	1	2
OG0031337	1	0	1	2
OG0031338	1	0	1	2
OG0031339	1	1	0	2
OG0031340	1	1	0	2
OG0031341	1	0	1	2
OG0031342	1	1	0	2
OG0031343	1	1	0	2
OG0031344	1	0	1	2
OG0031345	1	1	0	2
OG0031346	1	0	1	2
OG0031347	1	0	1	2
OG0031348	1	1	0	2
OG0031349	1	1	0	2
OG0031350	1	1	0	2
OG0031351	1	1	0	2
OG0031352	1	1	0	2
OG0031353	1	0	1	2
OG0031354	1	1	0	2
OG0031355	1	0	1	2
OG0031356	1	0	1	2
OG0031357	1	0	1	2
OG0031358	1	1	0	2
OG0031359	1	1	0	2
OG0031360	1	0	1	2
OG0031361	1	1	0	2
OG0031362	1	1	0	2
OG0031363	1	1	0	2
OG0031364	1	0	1	2
OG0031365	1	0	1	2
OG0031366	1	0	1	2
OG0031367	1	0	1	2
OG0031368	1	1	0	2
OG0031369	1	0	1	2
OG0031370	1	0	1	2
OG0031371	1	0	1	2
OG0031372	1	0	1	2
OG0031373	1	0	1	2
OG0031374	1	1	0	2
OG0031375	1	1	0	2
OG0031376	1	0	1	2
OG0031377	1	0	1	2
OG0031378	1	0	1	2
OG0031379	1	1	0	2
OG0031380	1	0	1	2
OG0031381	1	0	1	2
OG0031382	1	1	0	2
OG0031383	1	0	1	2
OG0031384	1	0	1	2
OG0031385	1	0	1	2
OG0031386	1	0	1	2
OG0031387	1	1	0	2
OG0031388	1	0	1	2
OG0031389	1	0	1	2
OG0031390	1	0	1	2
OG0031391	1	0	1	2
OG0031392	1	0	1	2
OG0031393	1	0	1	2
OG0031394	1	1	0	2
OG0031395	1	0	1	2
OG0031396	1	0	1	2
OG0031397	1	0	1	2
OG0031398	1	1	0	2
OG0031399	1	0	1	2
OG0031400	1	0	1	2
OG0031401	1	0	1	2
OG0031402	1	1	0	2
OG0031403	1	0	1	2
OG0031404	1	1	0	2
OG0031405	1	1	0	2
OG0031406	1	0	1	2
OG0031407	1	1	0	2
OG0031408	1	1	0	2
OG0031409	1	1	0	2
OG0031410	1	0	1	2
OG0031411	1	0	1	2
OG0031412	1	0	1	2
OG0031413	1	0	1	2
OG0031414	1	1	0	2
OG0031415	1	0	1	2
OG0031416	1	1	0	2
OG0031417	1	0	1	2
OG0031418	1	1	0	2
OG0031419	1	0	1	2
OG0031420	1	1	0	2
OG0031421	1	0	1	2
OG0031422	1	0	1	2
OG0031423	1	1	0	2
OG0031424	1	0	1	2
OG0031425	1	1	0	2
OG0031426	1	1	0	2
OG0031427	1	0	1	2
OG0031428	1	0	1	2
OG0031429	1	1	0	2
OG0031430	1	1	0	2
OG0031431	1	0	1	2
OG0031432	1	0	1	2
OG0031433	1	0	1	2
OG0031434	1	0	1	2
OG0031435	1	0	1	2
OG0031436	1	1	0	2
OG0031437	1	0	1	2
OG0031438	1	0	1	2
OG0031439	1	0	1	2
OG0031440	1	1	0	2
OG0031441	1	0	1	2
OG0031442	1	1	0	2
OG0031443	1	1	0	2
OG0031444	1	1	0	2
OG0031445	1	0	1	2
OG0031446	1	1	0	2
OG0031447	1	1	0	2
OG0031448	1	1	0	2
OG0031449	1	1	0	2
OG0031450	1	0	1	2
OG0031451	1	0	1	2
OG0031452	1	0	1	2
OG0031453	1	0	1	2
OG0031454	1	0	1	2
OG0031455	1	0	1	2
OG0031456	1	0	1	2
OG0031457	1	0	1	2
OG0031458	1	1	0	2
OG0031459	1	0	1	2
OG0031460	1	1	0	2
OG0031461	1	1	0	2
OG0031462	1	0	1	2
OG0031463	1	1	0	2
OG0031464	1	0	1	2
OG0031465	1	1	0	2
OG0031466	1	0	1	2
OG0031467	1	0	1	2
OG0031468	1	0	1	2
OG0031469	1	1	0	2
OG0031470	1	0	1	2
OG0031471	1	0	1	2
OG0031472	1	1	0	2
OG0031473	1	1	0	2
OG0031474	1	1	0	2
OG0031475	1	0	1	2
OG0031476	1	0	1	2
OG0031477	1	0	1	2
OG0031478	1	0	1	2
OG0031479	1	0	1	2
OG0031480	1	0	1	2
OG0031481	1	1	0	2
OG0031482	1	1	0	2
OG0031483	1	1	0	2
OG0031484	1	1	0	2
OG0031485	1	1	0	2
OG0031486	1	1	0	2
OG0031487	1	0	1	2
OG0031488	1	1	0	2
OG0031489	1	0	1	2
OG0031490	1	0	1	2
OG0031491	1	1	0	2
OG0031492	1	1	0	2
OG0031493	1	0	1	2
OG0031494	1	0	1	2
OG0031495	1	0	1	2
OG0031496	1	1	0	2
OG0031497	1	0	1	2
OG0031498	1	0	1	2
OG0031499	1	1	0	2
OG0031500	1	0	1	2
OG0031501	1	0	1	2
OG0031502	1	0	1	2
OG0031503	1	1	0	2
OG0031504	1	1	0	2
OG0031505	1	1	0	2
OG0031506	1	1	0	2
OG0031507	1	1	0	2
OG0031508	1	0	1	2
OG0031509	1	0	1	2
OG0031510	1	0	1	2
OG0031511	1	0	1	2
OG0031512	1	1	0	2
OG0031513	1	1	0	2
OG0031514	1	0	1	2
OG0031515	1	1	0	2
OG0031516	1	1	0	2
OG0031517	1	1	0	2
OG0031518	1	1	0	2
OG0031519	1	0	1	2
OG0031520	1	0	1	2
OG0031521	1	1	0	2
OG0031522	1	0	1	2
OG0031523	1	0	1	2
OG0031524	1	0	1	2
OG0031525	1	1	0	2
OG0031526	1	0	1	2
OG0031527	1	1	0	2
OG0031528	1	1	0	2
OG0031529	1	1	0	2
OG0031530	1	0	1	2
OG0031531	1	1	0	2
OG0031532	1	1	0	2
OG0031533	1	1	0	2
OG0031534	1	0	1	2
OG0031535	1	0	1	2
OG0031536	1	1	0	2
OG0031537	1	0	1	2
OG0031538	1	0	1	2
OG0031539	1	1	0	2
OG0031540	1	0	1	2
OG0031541	1	0	1	2
OG0031542	1	0	1	2
OG0031543	1	1	0	2
OG0031544	1	0	1	2
OG0031545	1	1	0	2
OG0031546	1	1	0	2
OG0031547	1	0	1	2
OG0031548	1	0	1	2
OG0031549	1	1	0	2
OG0031550	1	0	1	2
OG0031551	1	0	1	2
OG0031552	1	0	1	2
OG0031553	1	0	1	2
OG0031554	1	1	0	2
OG0031555	1	0	1	2
OG0031556	1	1	0	2
OG0031557	1	0	1	2
OG0031558	1	0	1	2
OG0031559	1	1	0	2
OG0031560	1	1	0	2
OG0031561	1	0	1	2
OG0031562	1	0	1	2
OG0031563	1	0	1	2
OG0031564	1	0	1	2
OG0031565	1	0	1	2
OG0031566	1	0	1	2
OG0031567	1	0	1	2
OG0031568	1	1	0	2
OG0031569	1	1	0	2
OG0031570	1	0	1	2
OG0031571	1	0	1	2
OG0031572	1	1	0	2
OG0031573	1	0	1	2
OG0031574	1	0	1	2
OG0031575	1	1	0	2
OG0031576	1	0	1	2
OG0031577	1	0	1	2
OG0031578	1	0	1	2
OG0031579	1	0	1	2
OG0031580	1	0	1	2
OG0031581	1	0	1	2
OG0031582	1	0	1	2
OG0031583	1	0	1	2
OG0031584	1	1	0	2
OG0031585	1	1	0	2
OG0031586	1	0	1	2
OG0031587	1	1	0	2
OG0031588	1	0	1	2
OG0031589	1	0	1	2
OG0031590	1	1	0	2
OG0031591	1	0	1	2
OG0031592	1	1	0	2
OG0031593	1	0	1	2
OG0031594	1	1	0	2
OG0031595	1	1	0	2
OG0031596	1	0	1	2
OG0031597	1	1	0	2
OG0031598	1	1	0	2
OG0031599	1	0	1	2
OG0031600	1	0	1	2
OG0031601	1	0	1	2
OG0031602	1	0	1	2
OG0031603	1	0	1	2
OG0031604	1	1	0	2
OG0031605	1	1	0	2
OG0031606	1	0	1	2
OG0031607	1	0	1	2
OG0031608	1	1	0	2
OG0031609	1	0	1	2
OG0031610	1	0	1	2
OG0031611	1	0	1	2
OG0031612	1	0	1	2
OG0031613	1	1	0	2
OG0031614	1	0	1	2
OG0031615	1	0	1	2
OG0031616	1	0	1	2
OG0031617	1	0	1	2
OG0031618	1	1	0	2
OG0031619	1	0	1	2
OG0031620	1	0	1	2
OG0031621	1	0	1	2
OG0031622	1	0	1	2
OG0031623	1	0	1	2
OG0031624	1	1	0	2
OG0031625	1	1	0	2
OG0031626	1	0	1	2
OG0031627	1	0	1	2
OG0031628	1	0	1	2
OG0031629	1	0	1	2
OG0031630	1	0	1	2
OG0031631	1	1	0	2
OG0031632	1	0	1	2
OG0031633	1	0	1	2
OG0031634	1	0	1	2
OG0031635	1	0	1	2
OG0031636	1	1	0	2
OG0031637	1	0	1	2
OG0031638	1	0	1	2
OG0031639	1	0	1	2
OG0031640	1	1	0	2
OG0031641	1	1	0	2
OG0031642	1	1	0	2
OG0031643	1	0	1	2
OG0031644	1	0	1	2
OG0031645	1	1	0	2
OG0031646	1	1	0	2
OG0031647	1	0	1	2
OG0031648	1	1	0	2
OG0031649	1	0	1	2
OG0031650	1	1	0	2
OG0031651	1	1	0	2
OG0031652	1	0	1	2
OG0031653	1	0	1	2
OG0031654	1	0	1	2
OG0031655	1	0	1	2
OG0031656	1	1	0	2
OG0031657	1	0	1	2
OG0031658	1	0	1	2
OG0031659	1	1	0	2
OG0031660	1	0	1	2
OG0031661	1	0	1	2
OG0031662	1	1	0	2
OG0031663	1	0	1	2
OG0031664	1	1	0	2
OG0031665	1	0	1	2
OG0031666	1	0	1	2
OG0031667	1	0	1	2
OG0031668	1	0	1	2
OG0031669	1	1	0	2
OG0031670	1	0	1	2
OG0031671	1	1	0	2
OG0031672	1	0	1	2
OG0031673	1	1	0	2
OG0031674	1	1	0	2
OG0031675	1	0	1	2
OG0031676	1	0	1	2
OG0031677	1	0	1	2
OG0031678	1	1	0	2
OG0031679	1	1	0	2
OG0031680	1	0	1	2
OG0031681	1	0	1	2
OG0031682	1	0	1	2
OG0031683	1	0	1	2
OG0031684	1	0	1	2
OG0031685	1	0	1	2
OG0031686	1	0	1	2
OG0031687	1	0	1	2
OG0031688	1	0	1	2
OG0031689	1	0	1	2
OG0031690	1	1	0	2
OG0031691	1	0	1	2
OG0031692	1	0	1	2
OG0031693	1	0	1	2
OG0031694	1	0	1	2
OG0031695	1	0	1	2
OG0031696	1	1	0	2
OG0031697	1	0	1	2
OG0031698	1	0	1	2
OG0031699	1	0	1	2
OG0031700	1	1	0	2
OG0031701	1	0	1	2
OG0031702	1	0	1	2
OG0031703	1	0	1	2
OG0031704	1	0	1	2
OG0031705	1	0	1	2
OG0031706	1	0	1	2
OG0031707	1	0	1	2
OG0031708	1	0	1	2
OG0031709	1	1	0	2
OG0031710	1	0	1	2
OG0031711	1	1	0	2
OG0031712	1	0	1	2
OG0031713	1	0	1	2
OG0031714	1	1	0	2
OG0031715	1	0	1	2
OG0031716	1	1	0	2
OG0031717	1	1	0	2
OG0031718	1	1	0	2
OG0031719	1	1	0	2
OG0031720	1	0	1	2
OG0031721	1	0	1	2
OG0031722	1	0	1	2
OG0031723	1	0	1	2
OG0031724	1	1	0	2
OG0031725	1	1	0	2
OG0031726	1	0	1	2
OG0031727	1	0	1	2
OG0031728	1	0	1	2
OG0031729	1	0	1	2
OG0031730	1	0	1	2
OG0031731	1	0	1	2
OG0031732	1	1	0	2
OG0031733	1	0	1	2
OG0031734	1	1	0	2
OG0031735	1	1	0	2
OG0031736	1	1	0	2
OG0031737	1	0	1	2
OG0031738	1	0	1	2
OG0031739	1	0	1	2
OG0031740	1	0	1	2
OG0031741	1	0	1	2
OG0031742	1	0	1	2
OG0031743	1	0	1	2
OG0031744	1	0	1	2
OG0031745	1	0	1	2
OG0031746	1	1	0	2
OG0031747	1	0	1	2
OG0031748	1	0	1	2
OG0031749	1	1	0	2
OG0031750	1	0	1	2
OG0031751	1	1	0	2
OG0031752	1	0	1	2
OG0031753	1	1	0	2
OG0031754	1	0	1	2
OG0031755	1	1	0	2
OG0031756	1	0	1	2
OG0031757	1	0	1	2
OG0031758	1	1	0	2
OG0031759	1	1	0	2
OG0031760	1	0	1	2
OG0031761	1	1	0	2
OG0031762	1	1	0	2
OG0031763	1	0	1	2
OG0031764	1	0	1	2
OG0031765	1	0	1	2
OG0031766	1	0	1	2
OG0031767	1	0	1	2
OG0031768	1	1	0	2
OG0031769	1	0	1	2
OG0031770	1	0	1	2
OG0031771	1	0	1	2
OG0031772	1	1	0	2
OG0031773	1	1	0	2
OG0031774	1	1	0	2
OG0031775	1	1	0	2
OG0031776	1	0	1	2
OG0031777	1	0	1	2
OG0031778	1	1	0	2
OG0031779	1	1	0	2
OG0031780	1	0	1	2
OG0031781	1	0	1	2
OG0031782	1	0	1	2
OG0031783	1	0	1	2
OG0031784	1	0	1	2
OG0031785	1	0	1	2
OG0031786	1	0	1	2
OG0031787	1	1	0	2
OG0031788	1	0	1	2
OG0031789	1	1	0	2
OG0031790	1	0	1	2
OG0031791	1	0	1	2
OG0031792	1	0	1	2
OG0031793	1	0	1	2
OG0031794	1	0	1	2
OG0031795	1	0	1	2
OG0031796	1	1	0	2
OG0031797	1	0	1	2
OG0031798	1	1	0	2
OG0031799	1	1	0	2
OG0031800	1	1	0	2
OG0031801	1	0	1	2
OG0031802	1	0	1	2
OG0031803	1	0	1	2
OG0031804	1	1	0	2
OG0031805	1	1	0	2
OG0031806	1	1	0	2
OG0031807	1	0	1	2
OG0031808	1	1	0	2
OG0031809	1	0	1	2
OG0031810	1	1	0	2
OG0031811	1	0	1	2
OG0031812	1	0	1	2
OG0031813	1	1	0	2
OG0031814	1	0	1	2
OG0031815	1	1	0	2
OG0031816	1	0	1	2
OG0031817	1	1	0	2
OG0031818	1	1	0	2
OG0031819	1	0	1	2
OG0031820	1	0	1	2
OG0031821	1	0	1	2
OG0031822	1	0	1	2
OG0031823	1	0	1	2
OG0031824	1	0	1	2
OG0031825	1	0	1	2
OG0031826	1	1	0	2
OG0031827	1	0	1	2
OG0031828	1	0	1	2
OG0031829	1	1	0	2
OG0031830	1	1	0	2
OG0031831	1	1	0	2
OG0031832	1	1	0	2
OG0031833	1	1	0	2
OG0031834	1	0	1	2
OG0031835	1	1	0	2
OG0031836	1	0	1	2
OG0031837	1	1	0	2
OG0031838	1	0	1	2
OG0031839	1	1	0	2
OG0031840	1	0	1	2
OG0031841	1	1	0	2
OG0031842	1	0	1	2
OG0031843	1	0	1	2
OG0031844	1	1	0	2
OG0031845	1	0	1	2
OG0031846	1	0	1	2
OG0031847	1	0	1	2
OG0031848	1	0	1	2
OG0031849	1	0	1	2
OG0031850	1	1	0	2
OG0031851	1	0	1	2
OG0031852	1	1	0	2
OG0031853	1	0	1	2
OG0031854	1	1	0	2
OG0031855	1	0	1	2
OG0031856	1	0	1	2
OG0031857	1	0	1	2
OG0031858	1	0	1	2
OG0031859	1	0	1	2
OG0031860	1	1	0	2
OG0031861	1	0	1	2
OG0031862	1	0	1	2
OG0031863	1	1	0	2
OG0031864	1	1	0	2
OG0031865	1	1	0	2
OG0031866	1	1	0	2
OG0031867	1	0	1	2
OG0031868	1	1	0	2
OG0031869	1	0	1	2
OG0031870	1	1	0	2
OG0031871	1	0	1	2
OG0031872	1	1	0	2
OG0031873	1	0	1	2
OG0031874	1	0	1	2
OG0031875	1	0	1	2
OG0031876	1	1	0	2
OG0031877	1	0	1	2
OG0031878	1	1	0	2
OG0031879	1	1	0	2
OG0031880	1	0	1	2
OG0031881	1	0	1	2
OG0031882	1	1	0	2
OG0031883	1	1	0	2
OG0031884	1	0	1	2
OG0031885	1	0	1	2
OG0031886	1	0	1	2
OG0031887	1	0	1	2
OG0031888	1	0	1	2
OG0031889	1	1	0	2
OG0031890	1	0	1	2
OG0031891	1	0	1	2
OG0031892	1	0	1	2
OG0031893	1	1	0	2
OG0031894	1	0	1	2
OG0031895	1	0	1	2
OG0031896	1	0	1	2
OG0031897	1	0	1	2
OG0031898	1	1	0	2
OG0031899	1	0	1	2
OG0031900	1	0	1	2
OG0031901	1	1	0	2
OG0031902	1	1	0	2
OG0031903	1	0	1	2
OG0031904	1	1	0	2
OG0031905	1	1	0	2
OG0031906	1	1	0	2
OG0031907	1	1	0	2
OG0031908	1	1	0	2
OG0031909	1	0	1	2
OG0031910	1	0	1	2
OG0031911	1	1	0	2
OG0031912	1	1	0	2
OG0031913	1	0	1	2
OG0031914	1	0	1	2
OG0031915	1	1	0	2
OG0031916	1	0	1	2
OG0031917	1	1	0	2
OG0031918	1	0	1	2
OG0031919	1	1	0	2
OG0031920	1	0	1	2
OG0031921	1	0	1	2
OG0031922	1	1	0	2
OG0031923	1	0	1	2
OG0031924	1	0	1	2
OG0031925	1	1	0	2
OG0031926	1	0	1	2
OG0031927	1	1	0	2
OG0031928	1	0	1	2
OG0031929	1	0	1	2
OG0031930	1	1	0	2
OG0031931	1	0	1	2
OG0031932	1	0	1	2
OG0031933	1	0	1	2
OG0031934	1	0	1	2
OG0031935	1	1	0	2
OG0031936	1	0	1	2
OG0031937	1	0	1	2
OG0031938	1	0	1	2
OG0031939	1	1	0	2
OG0031940	1	1	0	2
OG0031941	1	1	0	2
OG0031942	1	0	1	2
OG0031943	1	1	0	2
OG0031944	1	1	0	2
OG0031945	1	0	1	2
OG0031946	1	1	0	2
OG0031947	1	1	0	2
OG0031948	1	1	0	2
OG0031949	1	1	0	2
OG0031950	1	0	1	2
OG0031951	1	0	1	2
OG0031952	1	0	1	2
OG0031953	1	0	1	2
OG0031954	1	1	0	2
OG0031955	1	1	0	2
OG0031956	1	1	0	2
OG0031957	1	0	1	2
OG0031958	1	0	1	2
OG0031959	1	0	1	2
OG0031960	1	0	1	2
OG0031961	1	0	1	2
OG0031962	1	0	1	2
OG0031963	1	0	1	2
OG0031964	1	0	1	2
OG0031965	1	1	0	2
OG0031966	1	0	1	2
OG0031967	1	0	1	2
OG0031968	1	1	0	2
OG0031969	1	0	1	2
OG0031970	1	1	0	2
OG0031971	1	1	0	2
OG0031972	1	0	1	2
OG0031973	1	0	1	2
OG0031974	1	0	1	2
OG0031975	1	0	1	2
OG0031976	1	1	0	2
OG0031977	1	0	1	2
OG0031978	1	0	1	2
OG0031979	1	0	1	2
OG0031980	1	1	0	2
OG0031981	1	0	1	2
OG0031982	1	0	1	2
OG0031983	1	0	1	2
OG0031984	1	0	1	2
OG0031985	1	1	0	2
OG0031986	1	1	0	2
OG0031987	1	0	1	2
OG0031988	1	0	1	2
OG0031989	1	1	0	2
OG0031990	1	0	1	2
OG0031991	1	1	0	2
OG0031992	1	0	1	2
OG0031993	1	1	0	2
OG0031994	1	0	1	2
OG0031995	1	0	1	2
OG0031996	1	0	1	2
OG0031997	1	1	0	2
OG0031998	1	0	1	2
OG0031999	1	0	1	2
OG0032000	1	0	1	2
OG0032001	1	0	1	2
OG0032002	1	0	1	2
OG0032003	1	0	1	2
OG0032004	1	1	0	2
OG0032005	1	0	1	2
OG0032006	1	1	0	2
OG0032007	1	1	0	2
OG0032008	1	0	1	2
OG0032009	1	1	0	2
OG0032010	1	1	0	2
OG0032011	1	1	0	2
OG0032012	1	1	0	2
OG0032013	1	0	1	2
OG0032014	1	1	0	2
OG0032015	1	0	1	2
OG0032016	1	1	0	2
OG0032017	1	0	1	2
OG0032018	1	1	0	2
OG0032019	1	1	0	2
OG0032020	1	0	1	2
OG0032021	1	1	0	2
OG0032022	1	0	1	2
OG0032023	1	0	1	2
OG0032024	1	0	1	2
OG0032025	1	1	0	2
OG0032026	1	0	1	2
OG0032027	1	0	1	2
OG0032028	1	0	1	2
OG0032029	1	0	1	2
OG0032030	1	1	0	2
OG0032031	1	0	1	2
OG0032032	1	1	0	2
OG0032033	1	1	0	2
OG0032034	1	1	0	2
OG0032035	1	0	1	2
OG0032036	1	0	1	2
OG0032037	1	0	1	2
OG0032038	1	0	1	2
OG0032039	1	1	0	2
OG0032040	1	0	1	2
OG0032041	1	0	1	2
OG0032042	1	0	1	2
OG0032043	1	0	1	2
OG0032044	1	0	1	2
OG0032045	1	0	1	2
OG0032046	1	1	0	2
OG0032047	1	0	1	2
OG0032048	1	0	1	2
OG0032049	1	0	1	2
OG0032050	1	0	1	2
OG0032051	1	0	1	2
OG0032052	1	0	1	2
OG0032053	1	1	0	2
OG0032054	1	0	1	2
OG0032055	1	0	1	2
OG0032056	1	0	1	2
OG0032057	1	0	1	2
OG0032058	1	0	1	2
OG0032059	1	1	0	2
OG0032060	1	0	1	2
OG0032061	1	1	0	2
OG0032062	1	1	0	2
OG0032063	1	1	0	2
OG0032064	1	1	0	2
OG0032065	1	1	0	2
OG0032066	1	0	1	2
OG0032067	1	0	1	2
OG0032068	1	0	1	2
OG0032069	1	0	1	2
OG0032070	1	1	0	2
OG0032071	1	0	1	2
OG0032072	1	1	0	2
OG0032073	1	0	1	2
OG0032074	1	0	1	2
OG0032075	1	1	0	2
OG0032076	1	1	0	2
OG0032077	1	1	0	2
OG0032078	1	1	0	2
OG0032079	1	1	0	2
OG0032080	1	0	1	2
OG0032081	1	0	1	2
OG0032082	1	0	1	2
OG0032083	1	0	1	2
OG0032084	1	1	0	2
OG0032085	1	0	1	2
OG0032086	1	0	1	2
OG0032087	1	0	1	2
OG0032088	1	0	1	2
OG0032089	1	0	1	2
OG0032090	1	1	0	2
OG0032091	1	1	0	2
OG0032092	1	0	1	2
OG0032093	1	0	1	2
OG0032094	1	0	1	2
OG0032095	1	1	0	2
OG0032096	1	1	0	2
OG0032097	1	1	0	2
OG0032098	1	1	0	2
OG0032099	1	0	1	2
OG0032100	1	0	1	2
OG0032101	1	0	1	2
OG0032102	1	1	0	2
OG0032103	1	0	1	2
OG0032104	1	0	1	2
OG0032105	1	0	1	2
OG0032106	1	0	1	2
OG0032107	1	1	0	2
OG0032108	1	1	0	2
OG0032109	1	1	0	2
OG0032110	1	0	1	2
OG0032111	1	0	1	2
OG0032112	1	1	0	2
OG0032113	1	1	0	2
OG0032114	1	0	1	2
OG0032115	1	1	0	2
OG0032116	1	1	0	2
OG0032117	1	0	1	2
OG0032118	1	0	1	2
OG0032119	1	0	1	2
OG0032120	1	0	1	2
OG0032121	1	1	0	2
OG0032122	1	1	0	2
OG0032123	1	0	1	2
OG0032124	1	0	1	2
OG0032125	1	0	1	2
OG0032126	1	0	1	2
OG0032127	1	1	0	2
OG0032128	1	0	1	2
OG0032129	1	0	1	2
OG0032130	1	1	0	2
OG0032131	1	0	1	2
OG0032132	1	1	0	2
OG0032133	1	0	1	2
OG0032134	1	0	1	2
OG0032135	1	0	1	2
OG0032136	1	0	1	2
OG0032137	1	1	0	2
OG0032138	1	1	0	2
OG0032139	1	0	1	2
OG0032140	1	0	1	2
OG0032141	1	1	0	2
OG0032142	1	0	1	2
OG0032143	1	0	1	2
OG0032144	1	0	1	2
OG0032145	1	0	1	2
OG0032146	1	0	1	2
OG0032147	1	1	0	2
OG0032148	1	0	1	2
OG0032149	1	0	1	2
OG0032150	1	1	0	2
OG0032151	1	0	1	2
OG0032152	1	0	1	2
OG0032153	1	0	1	2
OG0032154	1	0	1	2
OG0032155	1	0	1	2
OG0032156	1	1	0	2
OG0032157	1	0	1	2
OG0032158	1	0	1	2
OG0032159	1	1	0	2
OG0032160	1	0	1	2
OG0032161	1	1	0	2
OG0032162	1	1	0	2
OG0032163	1	0	1	2
OG0032164	1	1	0	2
OG0032165	1	0	1	2
OG0032166	1	0	1	2
OG0032167	1	0	1	2
OG0032168	1	1	0	2
OG0032169	1	0	1	2
OG0032170	1	0	1	2
OG0032171	1	0	1	2
OG0032172	1	0	1	2
OG0032173	1	1	0	2
OG0032174	1	0	1	2
OG0032175	1	0	1	2
OG0032176	1	1	0	2
OG0032177	1	0	1	2
OG0032178	1	0	1	2
OG0032179	1	0	1	2
OG0032180	1	1	0	2
OG0032181	1	1	0	2
OG0032182	1	0	1	2
OG0032183	1	1	0	2
OG0032184	1	1	0	2
OG0032185	1	0	1	2
OG0032186	1	0	1	2
OG0032187	1	1	0	2
OG0032188	1	0	1	2
OG0032189	1	0	1	2
OG0032190	1	0	1	2
OG0032191	1	0	1	2
OG0032192	1	1	0	2
OG0032193	1	0	1	2
OG0032194	1	0	1	2
OG0032195	1	1	0	2
OG0032196	1	1	0	2
OG0032197	1	1	0	2
OG0032198	1	0	1	2
OG0032199	1	0	1	2
OG0032200	1	1	0	2
OG0032201	1	1	0	2
OG0032202	1	0	1	2
OG0032203	1	1	0	2
OG0032204	1	1	0	2
OG0032205	1	0	1	2
OG0032206	1	0	1	2
OG0032207	1	0	1	2
OG0032208	1	0	1	2
OG0032209	1	0	1	2
OG0032210	1	0	1	2
OG0032211	1	0	1	2
OG0032212	1	0	1	2
OG0032213	1	1	0	2
OG0032214	1	1	0	2
OG0032215	1	0	1	2
OG0032216	1	0	1	2
OG0032217	1	1	0	2
OG0032218	1	0	1	2
OG0032219	1	1	0	2
OG0032220	1	0	1	2
OG0032221	1	0	1	2
OG0032222	1	0	1	2
OG0032223	1	1	0	2
OG0032224	1	0	1	2
OG0032225	1	1	0	2
OG0032226	1	0	1	2
OG0032227	1	0	1	2
OG0032228	1	0	1	2
OG0032229	1	0	1	2
OG0032230	1	1	0	2
OG0032231	1	0	1	2
OG0032232	1	1	0	2
OG0032233	1	1	0	2
OG0032234	1	1	0	2
OG0032235	1	1	0	2
OG0032236	1	0	1	2
OG0032237	1	0	1	2
OG0032238	1	0	1	2
OG0032239	1	0	1	2
OG0032240	1	1	0	2
OG0032241	1	1	0	2
OG0032242	1	1	0	2
OG0032243	1	1	0	2
OG0032244	1	0	1	2
OG0032245	1	1	0	2
OG0032246	1	0	1	2
OG0032247	1	1	0	2
OG0032248	1	0	1	2
OG0032249	1	0	1	2
OG0032250	1	0	1	2
OG0032251	1	1	0	2
OG0032252	1	1	0	2
OG0032253	1	1	0	2
OG0032254	1	1	0	2
OG0032255	1	0	1	2
OG0032256	1	0	1	2
OG0032257	1	0	1	2
OG0032258	1	1	0	2
OG0032259	1	0	1	2
OG0032260	1	1	0	2
OG0032261	1	0	1	2
OG0032262	1	0	1	2
OG0032263	1	1	0	2
OG0032264	1	1	0	2
OG0032265	1	1	0	2
OG0032266	1	0	1	2
OG0032267	1	1	0	2
OG0032268	1	0	1	2
OG0032269	1	0	1	2
OG0032270	1	0	1	2
OG0032271	1	0	1	2
OG0032272	1	0	1	2
OG0032273	1	1	0	2
OG0032274	1	0	1	2
OG0032275	1	0	1	2
OG0032276	1	0	1	2
OG0032277	1	1	0	2
OG0032278	1	1	0	2
OG0032279	1	1	0	2
OG0032280	1	0	1	2
OG0032281	1	0	1	2
OG0032282	1	0	1	2
OG0032283	1	1	0	2
OG0032284	1	0	1	2
OG0032285	1	1	0	2
OG0032286	1	0	1	2
OG0032287	1	0	1	2
OG0032288	1	0	1	2
OG0032289	1	0	1	2
OG0032290	1	1	0	2
OG0032291	1	1	0	2
OG0032292	1	1	0	2
OG0032293	1	1	0	2
OG0032294	1	0	1	2
OG0032295	1	0	1	2
OG0032296	1	0	1	2
OG0032297	1	0	1	2
OG0032298	1	0	1	2
OG0032299	1	1	0	2
OG0032300	1	1	0	2
OG0032301	1	1	0	2
OG0032302	1	1	0	2
OG0032303	1	0	1	2
OG0032304	1	1	0	2
OG0032305	1	1	0	2
OG0032306	1	0	1	2
OG0032307	1	0	1	2
OG0032308	1	0	1	2
OG0032309	1	1	0	2
OG0032310	1	1	0	2
OG0032311	1	0	1	2
OG0032312	1	0	1	2
OG0032313	1	1	0	2
OG0032314	1	0	1	2
OG0032315	1	1	0	2
OG0032316	1	0	1	2
OG0032317	1	0	1	2
OG0032318	1	0	1	2
OG0032319	1	0	1	2
OG0032320	1	0	1	2
OG0032321	1	0	1	2
OG0032322	1	0	1	2
OG0032323	1	0	1	2
OG0032324	1	0	1	2
OG0032325	1	0	1	2
OG0032326	1	0	1	2
OG0032327	1	0	1	2
OG0032328	1	1	0	2
OG0032329	1	1	0	2
OG0032330	1	0	1	2
OG0032331	1	1	0	2
OG0032332	1	0	1	2
OG0032333	1	1	0	2
OG0032334	1	0	1	2
OG0032335	1	0	1	2
OG0032336	1	0	1	2
OG0032337	1	0	1	2
OG0032338	1	1	0	2
OG0032339	1	0	1	2
OG0032340	1	0	1	2
OG0032341	1	1	0	2
OG0032342	1	0	1	2
OG0032343	1	0	1	2
OG0032344	1	1	0	2
OG0032345	1	0	1	2
OG0032346	1	1	0	2
OG0032347	1	0	1	2
OG0032348	1	1	0	2
OG0032349	1	0	1	2
OG0032350	1	0	1	2
OG0032351	1	1	0	2
OG0032352	1	0	1	2
OG0032353	1	0	1	2
OG0032354	1	0	1	2
OG0032355	1	0	1	2
OG0032356	1	0	1	2
OG0032357	1	0	1	2
OG0032358	1	0	1	2
OG0032359	1	0	1	2
OG0032360	1	0	1	2
OG0032361	1	0	1	2
OG0032362	1	0	1	2
OG0032363	1	0	1	2
OG0032364	1	0	1	2
OG0032365	1	0	1	2
OG0032366	1	0	1	2
OG0032367	1	0	1	2
OG0032368	1	0	1	2
OG0032369	1	0	1	2
OG0032370	1	0	1	2
OG0032371	1	0	1	2
OG0032372	1	0	1	2
OG0032373	1	0	1	2
OG0032374	1	0	1	2
OG0032375	1	1	0	2
OG0032376	1	1	0	2
OG0032377	1	1	0	2
OG0032378	1	1	0	2
OG0032379	1	1	0	2
OG0032380	1	1	0	2
OG0032381	1	0	1	2
OG0032382	1	0	1	2
OG0032383	1	1	0	2
OG0032384	1	1	0	2
OG0032385	1	0	1	2
OG0032386	1	1	0	2
OG0032387	1	0	1	2
OG0032388	1	1	0	2
OG0032389	1	1	0	2
OG0032390	1	1	0	2
OG0032391	1	0	1	2
OG0032392	1	0	1	2
OG0032393	1	1	0	2
OG0032394	1	0	1	2
OG0032395	1	0	1	2
OG0032396	1	1	0	2
OG0032397	1	1	0	2
OG0032398	1	1	0	2
OG0032399	1	1	0	2
OG0032400	1	1	0	2
OG0032401	1	1	0	2
OG0032402	1	0	1	2
OG0032403	1	0	1	2
OG0032404	1	1	0	2
OG0032405	1	0	1	2
OG0032406	1	0	1	2
OG0032407	1	1	0	2
OG0032408	1	1	0	2
OG0032409	1	0	1	2
OG0032410	1	1	0	2
OG0032411	1	1	0	2
OG0032412	1	0	1	2
OG0032413	1	1	0	2
OG0032414	1	1	0	2
OG0032415	1	1	0	2
OG0032416	1	1	0	2
OG0032417	1	1	0	2
OG0032418	1	0	1	2
OG0032419	1	1	0	2
OG0032420	1	0	1	2
OG0032421	1	1	0	2
OG0032422	1	1	0	2
OG0032423	1	0	1	2
OG0032424	1	1	0	2
OG0032425	1	1	0	2
OG0032426	1	1	0	2
OG0032427	1	0	1	2
OG0032428	1	1	0	2
OG0032429	1	1	0	2
OG0032430	1	1	0	2
OG0032431	1	1	0	2
OG0032432	1	0	1	2
OG0032433	1	0	1	2
OG0032434	1	0	1	2
OG0032435	1	0	1	2
OG0032436	1	0	1	2
OG0032437	1	1	0	2
OG0032438	1	1	0	2
OG0032439	1	0	1	2
OG0032440	1	1	0	2
OG0032441	1	1	0	2
OG0032442	1	1	0	2
OG0032443	1	0	1	2
OG0032444	1	0	1	2
OG0032445	1	0	1	2
OG0032446	1	0	1	2
OG0032447	1	1	0	2
OG0032448	1	1	0	2
OG0032449	1	0	1	2
OG0032450	1	1	0	2
OG0032451	1	1	0	2
OG0032452	1	0	1	2
OG0032453	1	0	1	2
OG0032454	1	0	1	2
OG0032455	1	0	1	2
OG0032456	1	0	1	2
OG0032457	1	0	1	2
OG0032458	1	0	1	2
OG0032459	1	0	1	2
OG0032460	1	0	1	2
OG0032461	1	1	0	2
OG0032462	1	1	0	2
OG0032463	1	0	1	2
OG0032464	1	0	1	2
OG0032465	1	0	1	2
OG0032466	1	0	1	2
OG0032467	1	0	1	2
OG0032468	1	1	0	2
OG0032469	1	0	1	2
OG0032470	1	1	0	2
OG0032471	1	1	0	2
OG0032472	1	0	1	2
OG0032473	1	0	1	2
OG0032474	1	0	1	2
OG0032475	1	0	1	2
OG0032476	1	1	0	2
OG0032477	1	0	1	2
OG0032478	1	1	0	2
OG0032479	1	0	1	2
OG0032480	1	1	0	2
OG0032481	1	1	0	2
OG0032482	1	0	1	2
OG0032483	1	1	0	2
OG0032484	1	1	0	2
OG0032485	1	0	1	2
OG0032486	1	0	1	2
OG0032487	1	0	1	2
OG0032488	1	0	1	2
OG0032489	1	0	1	2
OG0032490	1	0	1	2
OG0032491	1	1	0	2
OG0032492	1	0	1	2
OG0032493	1	0	1	2
OG0032494	1	1	0	2
OG0032495	1	0	1	2
OG0032496	1	1	0	2
OG0032497	1	0	1	2
OG0032498	1	0	1	2
OG0032499	1	1	0	2
OG0032500	1	0	1	2
OG0032501	1	0	1	2
OG0032502	1	1	0	2
OG0032503	1	0	1	2
OG0032504	1	1	0	2
OG0032505	1	1	0	2
OG0032506	1	0	1	2
OG0032507	1	0	1	2
OG0032508	1	0	1	2
OG0032509	1	0	1	2
OG0032510	1	0	1	2
OG0032511	1	1	0	2
OG0032512	1	1	0	2
OG0032513	1	1	0	2
OG0032514	1	0	1	2
OG0032515	1	0	1	2
OG0032516	1	0	1	2
OG0032517	1	0	1	2
OG0032518	1	1	0	2
OG0032519	1	1	0	2
OG0032520	1	0	1	2
OG0032521	1	0	1	2
OG0032522	1	1	0	2
OG0032523	1	1	0	2
OG0032524	1	1	0	2
OG0032525	1	1	0	2
OG0032526	1	0	1	2
OG0032527	1	0	1	2
OG0032528	1	0	1	2
OG0032529	1	1	0	2
OG0032530	1	1	0	2
OG0032531	1	1	0	2
OG0032532	1	1	0	2
OG0032533	1	0	1	2
OG0032534	1	0	1	2
OG0032535	1	1	0	2
OG0032536	1	1	0	2
OG0032537	1	0	1	2
OG0032538	1	0	1	2
OG0032539	1	1	0	2
OG0032540	1	0	1	2
OG0032541	1	1	0	2
OG0032542	1	0	1	2
OG0032543	1	0	1	2
OG0032544	1	0	1	2
OG0032545	1	0	1	2
OG0032546	1	0	1	2
OG0032547	1	0	1	2
OG0032548	1	1	0	2
OG0032549	1	1	0	2
OG0032550	1	1	0	2
OG0032551	1	1	0	2
OG0032552	1	1	0	2
OG0032553	1	1	0	2
OG0032554	1	1	0	2
OG0032555	1	0	1	2
OG0032556	1	1	0	2
OG0032557	1	0	1	2
OG0032558	1	0	1	2
OG0032559	1	0	1	2
OG0032560	1	0	1	2
OG0032561	1	1	0	2
OG0032562	1	0	1	2
OG0032563	1	0	1	2
OG0032564	1	0	1	2
OG0032565	1	0	1	2
OG0032566	1	0	1	2
OG0032567	1	0	1	2
OG0032568	1	0	1	2
OG0032569	1	0	1	2
OG0032570	1	0	1	2
OG0032571	1	0	1	2
OG0032572	1	1	0	2
OG0032573	1	1	0	2
OG0032574	1	1	0	2
OG0032575	1	1	0	2
OG0032576	1	0	1	2
OG0032577	1	1	0	2
OG0032578	1	1	0	2
OG0032579	1	0	1	2
OG0032580	1	0	1	2
OG0032581	1	0	1	2
OG0032582	1	1	0	2
OG0032583	1	0	1	2
OG0032584	1	1	0	2
OG0032585	1	0	1	2
OG0032586	1	1	0	2
OG0032587	1	0	1	2
OG0032588	1	0	1	2
OG0032589	1	0	1	2
OG0032590	1	0	1	2
OG0032591	1	1	0	2
OG0032592	1	1	0	2
OG0032593	1	0	1	2
OG0032594	1	1	0	2
OG0032595	1	1	0	2
OG0032596	1	0	1	2
OG0032597	1	0	1	2
OG0032598	1	0	1	2
OG0032599	1	0	1	2
OG0032600	1	0	1	2
OG0032601	1	0	1	2
OG0032602	1	1	0	2
OG0032603	1	0	1	2
OG0032604	1	0	1	2
OG0032605	1	0	1	2
OG0032606	1	0	1	2
OG0032607	1	1	0	2
OG0032608	1	1	0	2
OG0032609	1	1	0	2
OG0032610	1	0	1	2
OG0032611	1	0	1	2
OG0032612	1	0	1	2
OG0032613	1	0	1	2
OG0032614	1	1	0	2
OG0032615	1	0	1	2
OG0032616	1	1	0	2
OG0032617	1	0	1	2
OG0032618	1	0	1	2
OG0032619	1	1	0	2
OG0032620	1	1	0	2
OG0032621	1	0	1	2
OG0032622	1	0	1	2
OG0032623	1	1	0	2
OG0032624	1	1	0	2
OG0032625	1	0	1	2
OG0032626	1	0	1	2
OG0032627	1	0	1	2
OG0032628	1	1	0	2
OG0032629	1	1	0	2
OG0032630	1	1	0	2
OG0032631	1	0	1	2
OG0032632	1	1	0	2
OG0032633	1	1	0	2
OG0032634	1	1	0	2
OG0032635	1	1	0	2
OG0032636	1	0	1	2
OG0032637	1	0	1	2
OG0032638	1	0	1	2
OG0032639	1	1	0	2
OG0032640	1	0	1	2
OG0032641	1	0	1	2
OG0032642	1	1	0	2
OG0032643	1	0	1	2
OG0032644	1	1	0	2
OG0032645	1	0	1	2
OG0032646	1	1	0	2
OG0032647	1	0	1	2
OG0032648	1	0	1	2
OG0032649	1	1	0	2
OG0032650	1	1	0	2
OG0032651	1	1	0	2
OG0032652	1	0	1	2
OG0032653	1	1	0	2
OG0032654	1	1	0	2
OG0032655	1	0	1	2
OG0032656	1	0	1	2
OG0032657	1	0	1	2
OG0032658	1	1	0	2
OG0032659	1	1	0	2
OG0032660	1	0	1	2
OG0032661	1	0	1	2
OG0032662	1	0	1	2
OG0032663	1	0	1	2
OG0032664	1	0	1	2
OG0032665	1	0	1	2
OG0032666	1	0	1	2
OG0032667	1	0	1	2
OG0032668	1	0	1	2
OG0032669	1	1	0	2
OG0032670	1	1	0	2
OG0032671	1	0	1	2
OG0032672	1	0	1	2
OG0032673	1	0	1	2
OG0032674	1	0	1	2
OG0032675	1	1	0	2
OG0032676	1	1	0	2
OG0032677	1	1	0	2
OG0032678	1	0	1	2
OG0032679	1	1	0	2
OG0032680	1	0	1	2
OG0032681	1	0	1	2
OG0032682	1	1	0	2
OG0032683	1	1	0	2
OG0032684	1	0	1	2
OG0032685	1	1	0	2
OG0032686	1	0	1	2
OG0032687	1	1	0	2
OG0032688	1	1	0	2
OG0032689	1	1	0	2
OG0032690	1	1	0	2
OG0032691	1	0	1	2
OG0032692	1	0	1	2
OG0032693	1	1	0	2
OG0032694	1	0	1	2
OG0032695	1	0	1	2
OG0032696	1	1	0	2
OG0032697	1	0	1	2
OG0032698	1	0	1	2
OG0032699	1	0	1	2
OG0032700	1	0	1	2
OG0032701	1	1	0	2
OG0032702	1	1	0	2
OG0032703	1	1	0	2
OG0032704	1	0	1	2
OG0032705	1	0	1	2
OG0032706	1	1	0	2
OG0032707	1	1	0	2
OG0032708	1	1	0	2
OG0032709	1	1	0	2
OG0032710	1	1	0	2
OG0032711	1	0	1	2
OG0032712	1	1	0	2
OG0032713	1	0	1	2
OG0032714	1	0	1	2
OG0032715	1	0	1	2
OG0032716	1	0	1	2
OG0032717	1	0	1	2
OG0032718	1	1	0	2
OG0032719	1	0	1	2
OG0032720	1	0	1	2
OG0032721	1	0	1	2
OG0032722	1	1	0	2
OG0032723	1	1	0	2
OG0032724	1	0	1	2
OG0032725	1	1	0	2
OG0032726	1	0	1	2
OG0032727	1	1	0	2
OG0032728	1	0	1	2
OG0032729	1	1	0	2
OG0032730	1	0	1	2
OG0032731	1	0	1	2
OG0032732	1	0	1	2
OG0032733	1	1	0	2
OG0032734	1	0	1	2
OG0032735	1	0	1	2
OG0032736	1	0	1	2
OG0032737	1	0	1	2
OG0032738	1	0	1	2
OG0032739	1	0	1	2
OG0032740	1	0	1	2
OG0032741	1	0	1	2
OG0032742	1	1	0	2
OG0032743	1	1	0	2
OG0032744	1	0	1	2
OG0032745	1	0	1	2
OG0032746	1	0	1	2
OG0032747	1	0	1	2
OG0032748	1	0	1	2
OG0032749	1	1	0	2
OG0032750	1	1	0	2
OG0032751	1	0	1	2
OG0032752	1	0	1	2
OG0032753	1	1	0	2
OG0032754	1	0	1	2
OG0032755	1	0	1	2
OG0032756	1	0	1	2
OG0032757	1	0	1	2
OG0032758	1	0	1	2
OG0032759	1	0	1	2
OG0032760	1	1	0	2
OG0032761	1	1	0	2
OG0032762	1	1	0	2
OG0032763	1	1	0	2
OG0032764	1	1	0	2
OG0032765	1	1	0	2
OG0032766	1	0	1	2
OG0032767	1	0	1	2
OG0032768	1	0	1	2
OG0032769	1	1	0	2
OG0032770	1	0	1	2
OG0032771	1	1	0	2
OG0032772	1	0	1	2
OG0032773	1	1	0	2
OG0032774	1	0	1	2
OG0032775	1	0	1	2
OG0032776	1	1	0	2
OG0032777	1	1	0	2
OG0032778	1	1	0	2
OG0032779	1	0	1	2
OG0032780	1	0	1	2
OG0032781	1	0	1	2
OG0032782	1	1	0	2
OG0032783	1	1	0	2
OG0032784	1	1	0	2
OG0032785	1	0	1	2
OG0032786	1	0	1	2
OG0032787	1	0	1	2
OG0032788	1	1	0	2
OG0032789	1	0	1	2
OG0032790	1	0	1	2
OG0032791	1	1	0	2
OG0032792	1	1	0	2
OG0032793	1	0	1	2
OG0032794	1	0	1	2
OG0032795	1	0	1	2
OG0032796	1	1	0	2
OG0032797	1	0	1	2
OG0032798	1	0	1	2
OG0032799	1	1	0	2
OG0032800	1	1	0	2
OG0032801	1	0	1	2
OG0032802	1	0	1	2
OG0032803	1	0	1	2
OG0032804	1	1	0	2
OG0032805	1	0	1	2
OG0032806	1	0	1	2
OG0032807	1	1	0	2
OG0032808	1	1	0	2
OG0032809	1	1	0	2
OG0032810	1	1	0	2
OG0032811	1	1	0	2
OG0032812	1	1	0	2
OG0032813	1	0	1	2
OG0032814	1	0	1	2
OG0032815	1	1	0	2
OG0032816	1	1	0	2
OG0032817	1	0	1	2
OG0032818	1	0	1	2
OG0032819	1	1	0	2
OG0032820	1	0	1	2
OG0032821	1	0	1	2
OG0032822	1	1	0	2
OG0032823	1	0	1	2
OG0032824	1	0	1	2
OG0032825	1	0	1	2
OG0032826	1	1	0	2
OG0032827	1	1	0	2
OG0032828	1	1	0	2
OG0032829	1	1	0	2
OG0032830	1	1	0	2
OG0032831	1	1	0	2
OG0032832	1	1	0	2
OG0032833	1	1	0	2
OG0032834	1	1	0	2
OG0032835	1	0	1	2
OG0032836	1	0	1	2
OG0032837	1	0	1	2
OG0032838	1	0	1	2
OG0032839	1	0	1	2
OG0032840	1	1	0	2
OG0032841	1	1	0	2
OG0032842	1	0	1	2
OG0032843	1	0	1	2
OG0032844	1	0	1	2
OG0032845	1	1	0	2
OG0032846	1	0	1	2
OG0032847	1	1	0	2
OG0032848	1	0	1	2
OG0032849	1	0	1	2
OG0032850	1	0	1	2
OG0032851	1	1	0	2
OG0032852	1	1	0	2
OG0032853	1	1	0	2
OG0032854	1	1	0	2
OG0032855	1	0	1	2
OG0032856	1	0	1	2
OG0032857	1	0	1	2
OG0032858	1	1	0	2
OG0032859	1	0	1	2
OG0032860	1	1	0	2
OG0032861	1	0	1	2
OG0032862	1	1	0	2
OG0032863	1	1	0	2
OG0032864	1	1	0	2
OG0032865	1	0	1	2
OG0032866	1	0	1	2
OG0032867	1	0	1	2
OG0032868	1	0	1	2
OG0032869	1	0	1	2
OG0032870	1	0	1	2
OG0032871	1	1	0	2
OG0032872	1	0	1	2
OG0032873	1	1	0	2
OG0032874	1	0	1	2
OG0032875	1	1	0	2
OG0032876	1	0	1	2
OG0032877	1	1	0	2
OG0032878	1	0	1	2
OG0032879	1	0	1	2
OG0032880	1	0	1	2
OG0032881	1	0	1	2
OG0032882	1	1	0	2
OG0032883	1	1	0	2
OG0032884	1	0	1	2
OG0032885	1	0	1	2
OG0032886	1	0	1	2
OG0032887	1	1	0	2
OG0032888	1	0	1	2
OG0032889	1	0	1	2
OG0032890	1	0	1	2
OG0032891	1	0	1	2
OG0032892	1	0	1	2
OG0032893	1	0	1	2
OG0032894	1	0	1	2
OG0032895	1	0	1	2
OG0032896	1	1	0	2
OG0032897	1	1	0	2
OG0032898	1	0	1	2
OG0032899	1	0	1	2
OG0032900	1	0	1	2
OG0032901	1	1	0	2
OG0032902	1	0	1	2
OG0032903	1	0	1	2
OG0032904	1	0	1	2
OG0032905	1	1	0	2
OG0032906	1	0	1	2
OG0032907	1	1	0	2
OG0032908	1	0	1	2
OG0032909	1	0	1	2
OG0032910	1	1	0	2
OG0032911	1	0	1	2
OG0032912	1	0	1	2
OG0032913	1	0	1	2
OG0032914	1	1	0	2
OG0032915	1	1	0	2
OG0032916	1	1	0	2
OG0032917	1	0	1	2
OG0032918	1	0	1	2
OG0032919	1	0	1	2
OG0032920	1	1	0	2
OG0032921	1	0	1	2
OG0032922	1	0	1	2
OG0032923	1	0	1	2
OG0032924	1	0	1	2
OG0032925	1	0	1	2
OG0032926	1	0	1	2
OG0032927	1	0	1	2
OG0032928	1	1	0	2
OG0032929	1	1	0	2
OG0032930	1	1	0	2
OG0032931	1	1	0	2
OG0032932	1	0	1	2
OG0032933	1	1	0	2
OG0032934	1	0	1	2
OG0032935	1	0	1	2
OG0032936	1	1	0	2
OG0032937	1	1	0	2
OG0032938	1	1	0	2
OG0032939	1	0	1	2
OG0032940	1	1	0	2
OG0032941	1	0	1	2
OG0032942	1	0	1	2
OG0032943	1	0	1	2
OG0032944	1	0	1	2
OG0032945	1	1	0	2
OG0032946	1	0	1	2
OG0032947	1	1	0	2
OG0032948	1	1	0	2
OG0032949	1	0	1	2
OG0032950	1	0	1	2
OG0032951	1	1	0	2
OG0032952	1	1	0	2
OG0032953	1	0	1	2
OG0032954	1	0	1	2
OG0032955	1	0	1	2
OG0032956	1	0	1	2
OG0032957	1	0	1	2
OG0032958	1	1	0	2
OG0032959	1	1	0	2
OG0032960	1	0	1	2
OG0032961	1	0	1	2
OG0032962	1	1	0	2
OG0032963	1	0	1	2
OG0032964	1	0	1	2
OG0032965	1	0	1	2
OG0032966	1	0	1	2
OG0032967	1	1	0	2
OG0032968	1	1	0	2
OG0032969	1	0	1	2
OG0032970	1	0	1	2
OG0032971	1	0	1	2
OG0032972	1	1	0	2
OG0032973	1	0	1	2
OG0032974	1	0	1	2
OG0032975	1	0	1	2
OG0032976	1	1	0	2
OG0032977	1	1	0	2
OG0032978	1	1	0	2
OG0032979	1	0	1	2
OG0032980	1	0	1	2
OG0032981	1	1	0	2
OG0032982	1	0	1	2
OG0032983	1	1	0	2
OG0032984	1	0	1	2
OG0032985	1	1	0	2
OG0032986	1	0	1	2
OG0032987	1	1	0	2
OG0032988	1	0	1	2
OG0032989	1	0	1	2
OG0032990	1	1	0	2
OG0032991	1	1	0	2
OG0032992	1	0	1	2
OG0032993	1	1	0	2
OG0032994	1	0	1	2
OG0032995	1	0	1	2
OG0032996	1	1	0	2
OG0032997	1	1	0	2
OG0032998	1	0	1	2
OG0032999	1	0	1	2
OG0033000	1	1	0	2
OG0033001	1	1	0	2
OG0033002	1	0	1	2
OG0033003	1	1	0	2
OG0033004	1	0	1	2
OG0033005	1	1	0	2
OG0033006	1	0	1	2
OG0033007	1	1	0	2
OG0033008	1	0	1	2
OG0033009	1	0	1	2
OG0033010	1	1	0	2
OG0033011	1	1	0	2
OG0033012	1	1	0	2
OG0033013	1	0	1	2
OG0033014	1	0	1	2
OG0033015	1	0	1	2
OG0033016	1	0	1	2
OG0033017	1	0	1	2
OG0033018	1	1	0	2
OG0033019	1	0	1	2
OG0033020	1	1	0	2
OG0033021	1	0	1	2
OG0033022	1	0	1	2
OG0033023	1	0	1	2
OG0033024	1	0	1	2
OG0033025	1	0	1	2
OG0033026	1	0	1	2
OG0033027	1	1	0	2
OG0033028	1	1	0	2
OG0033029	1	1	0	2
OG0033030	1	0	1	2
OG0033031	1	0	1	2
OG0033032	1	0	1	2
OG0033033	1	1	0	2
OG0033034	1	0	1	2
OG0033035	1	0	1	2
OG0033036	1	0	1	2
OG0033037	1	0	1	2
OG0033038	1	0	1	2
OG0033039	1	0	1	2
OG0033040	1	0	1	2
OG0033041	1	0	1	2
OG0033042	1	1	0	2
OG0033043	1	0	1	2
OG0033044	1	1	0	2
OG0033045	1	0	1	2
OG0033046	1	0	1	2
OG0033047	1	0	1	2
OG0033048	1	1	0	2
OG0033049	1	1	0	2
OG0033050	1	1	0	2
OG0033051	1	1	0	2
OG0033052	1	0	1	2
OG0033053	1	1	0	2
OG0033054	1	0	1	2
OG0033055	1	0	1	2
OG0033056	1	0	1	2
OG0033057	1	1	0	2
OG0033058	1	1	0	2
OG0033059	1	0	1	2
OG0033060	1	0	1	2
OG0033061	1	0	1	2
OG0033062	1	0	1	2
OG0033063	1	0	1	2
OG0033064	1	0	1	2
OG0033065	1	0	1	2
OG0033066	1	0	1	2
OG0033067	1	1	0	2
OG0033068	1	0	1	2
OG0033069	1	0	1	2
OG0033070	1	1	0	2
OG0033071	1	1	0	2
OG0033072	1	0	1	2
OG0033073	1	0	1	2
OG0033074	1	0	1	2
OG0033075	1	0	1	2
OG0033076	1	1	0	2
OG0033077	1	1	0	2
OG0033078	1	0	1	2
OG0033079	1	0	1	2
OG0033080	1	0	1	2
OG0033081	1	1	0	2
OG0033082	1	1	0	2
OG0033083	1	1	0	2
OG0033084	1	0	1	2
OG0033085	1	1	0	2
OG0033086	1	0	1	2
OG0033087	1	0	1	2
OG0033088	1	0	1	2
OG0033089	1	0	1	2
OG0033090	1	0	1	2
OG0033091	1	1	0	2
OG0033092	1	1	0	2
OG0033093	1	0	1	2
OG0033094	1	1	0	2
OG0033095	1	1	0	2
OG0033096	1	0	1	2
OG0033097	1	0	1	2
OG0033098	1	1	0	2
OG0033099	1	0	1	2
OG0033100	1	1	0	2
OG0033101	1	1	0	2
OG0033102	1	1	0	2
OG0033103	1	1	0	2
OG0033104	1	1	0	2
OG0033105	1	1	0	2
OG0033106	1	0	1	2
OG0033107	1	0	1	2
OG0033108	1	1	0	2
OG0033109	1	0	1	2
OG0033110	1	0	1	2
OG0033111	1	1	0	2
OG0033112	1	0	1	2
OG0033113	1	0	1	2
OG0033114	1	0	1	2
OG0033115	1	1	0	2
OG0033116	1	0	1	2
OG0033117	1	0	1	2
OG0033118	1	0	1	2
OG0033119	1	1	0	2
OG0033120	1	0	1	2
OG0033121	1	0	1	2
OG0033122	1	0	1	2
OG0033123	1	1	0	2
OG0033124	1	0	1	2
OG0033125	1	0	1	2
OG0033126	1	1	0	2
OG0033127	1	1	0	2
OG0033128	1	0	1	2
OG0033129	1	1	0	2
OG0033130	1	0	1	2
OG0033131	1	0	1	2
OG0033132	1	0	1	2
OG0033133	1	0	1	2
OG0033134	1	0	1	2
OG0033135	1	0	1	2
OG0033136	1	0	1	2
OG0033137	1	1	0	2
OG0033138	1	1	0	2
OG0033139	1	0	1	2
OG0033140	1	0	1	2
OG0033141	1	1	0	2
OG0033142	1	1	0	2
OG0033143	1	0	1	2
OG0033144	1	0	1	2
OG0033145	1	1	0	2
OG0033146	1	1	0	2
OG0033147	1	1	0	2
OG0033148	1	1	0	2
OG0033149	1	1	0	2
OG0033150	1	1	0	2
OG0033151	1	0	1	2
OG0033152	1	0	1	2
OG0033153	1	0	1	2
OG0033154	1	0	1	2
OG0033155	1	0	1	2
OG0033156	1	0	1	2
OG0033157	1	0	1	2
OG0033158	1	0	1	2
OG0033159	1	1	0	2
OG0033160	1	0	1	2
OG0033161	1	0	1	2
OG0033162	1	1	0	2
OG0033163	1	0	1	2
OG0033164	1	0	1	2
OG0033165	1	0	1	2
OG0033166	1	0	1	2
OG0033167	1	1	0	2
OG0033168	1	0	1	2
OG0033169	1	0	1	2
OG0033170	1	1	0	2
OG0033171	1	1	0	2
OG0033172	1	0	1	2
OG0033173	1	0	1	2
OG0033174	1	1	0	2
OG0033175	1	1	0	2
OG0033176	1	0	1	2
OG0033177	1	0	1	2
OG0033178	1	1	0	2
OG0033179	1	0	1	2
OG0033180	1	0	1	2
OG0033181	1	0	1	2
OG0033182	1	1	0	2
OG0033183	1	0	1	2
OG0033184	1	1	0	2
OG0033185	1	0	1	2
OG0033186	1	1	0	2
OG0033187	1	1	0	2
OG0033188	1	0	1	2
OG0033189	1	0	1	2
OG0033190	1	1	0	2
OG0033191	1	0	1	2
OG0033192	1	0	1	2
OG0033193	1	1	0	2
OG0033194	1	0	1	2
OG0033195	1	0	1	2
OG0033196	1	1	0	2
OG0033197	1	1	0	2
OG0033198	1	0	1	2
OG0033199	1	0	1	2
OG0033200	1	1	0	2
OG0033201	1	1	0	2
OG0033202	1	0	1	2
OG0033203	1	0	1	2
OG0033204	1	1	0	2
OG0033205	1	0	1	2
OG0033206	1	1	0	2
OG0033207	1	1	0	2
OG0033208	1	0	1	2
OG0033209	1	1	0	2
OG0033210	1	0	1	2
OG0033211	1	0	1	2
OG0033212	1	1	0	2
OG0033213	1	1	0	2
OG0033214	1	0	1	2
OG0033215	1	0	1	2
OG0033216	1	0	1	2
OG0033217	1	1	0	2
OG0033218	1	1	0	2
OG0033219	1	0	1	2
OG0033220	1	0	1	2
OG0033221	1	0	1	2
OG0033222	1	0	1	2
OG0033223	1	0	1	2
OG0033224	1	1	0	2
OG0033225	1	1	0	2
OG0033226	1	1	0	2
OG0033227	1	0	1	2
OG0033228	1	1	0	2
OG0033229	1	0	1	2
OG0033230	1	0	1	2
OG0033231	1	0	1	2
OG0033232	1	0	1	2
OG0033233	1	0	1	2
OG0033234	1	1	0	2
OG0033235	1	0	1	2
OG0033236	1	0	1	2
OG0033237	1	1	0	2
OG0033238	1	0	1	2
OG0033239	1	1	0	2
OG0033240	1	0	1	2
OG0033241	1	0	1	2
OG0033242	1	0	1	2
OG0033243	1	1	0	2
OG0033244	1	1	0	2
OG0033245	1	0	1	2
OG0033246	1	0	1	2
OG0033247	1	0	1	2
OG0033248	1	0	1	2
OG0033249	1	1	0	2
OG0033250	1	0	1	2
OG0033251	1	0	1	2
OG0033252	1	1	0	2
OG0033253	1	0	1	2
OG0033254	1	0	1	2
OG0033255	1	1	0	2
OG0033256	1	1	0	2
OG0033257	1	1	0	2
OG0033258	1	1	0	2
OG0033259	1	0	1	2
OG0033260	1	0	1	2
OG0033261	1	0	1	2
OG0033262	1	1	0	2
OG0033263	1	0	1	2
OG0033264	1	1	0	2
OG0033265	1	1	0	2
OG0033266	1	0	1	2
OG0033267	1	0	1	2
OG0033268	1	1	0	2
OG0033269	1	0	1	2
OG0033270	1	0	1	2
OG0033271	1	0	1	2
OG0033272	1	1	0	2
OG0033273	1	1	0	2
OG0033274	1	0	1	2
OG0033275	1	0	1	2
OG0033276	1	1	0	2
OG0033277	1	0	1	2
OG0033278	1	1	0	2
OG0033279	1	0	1	2
OG0033280	1	0	1	2
OG0033281	1	0	1	2
OG0033282	1	0	1	2
OG0033283	1	1	0	2
OG0033284	1	0	1	2
OG0033285	1	1	0	2
OG0033286	1	1	0	2
OG0033287	1	1	0	2
OG0033288	1	1	0	2
OG0033289	1	1	0	2
OG0033290	1	1	0	2
OG0033291	1	0	1	2
OG0033292	1	0	1	2
OG0033293	1	0	1	2
OG0033294	1	0	1	2
OG0033295	1	1	0	2
OG0033296	1	0	1	2
OG0033297	1	0	1	2
OG0033298	1	1	0	2
OG0033299	1	0	1	2
OG0033300	1	0	1	2
OG0033301	1	0	1	2
OG0033302	1	1	0	2
OG0033303	1	1	0	2
OG0033304	1	1	0	2
OG0033305	1	1	0	2
OG0033306	1	1	0	2
OG0033307	1	1	0	2
OG0033308	1	1	0	2
OG0033309	1	0	1	2
OG0033310	1	0	1	2
OG0033311	1	1	0	2
OG0033312	1	1	0	2
OG0033313	1	1	0	2
OG0033314	1	0	1	2
OG0033315	1	1	0	2
OG0033316	1	1	0	2
OG0033317	1	0	1	2
OG0033318	1	0	1	2
OG0033319	1	1	0	2
OG0033320	1	0	1	2
OG0033321	1	1	0	2
OG0033322	1	0	1	2
OG0033323	1	0	1	2
OG0033324	1	1	0	2
OG0033325	1	0	1	2
OG0033326	1	0	1	2
OG0033327	1	0	1	2
OG0033328	1	0	1	2
OG0033329	1	1	0	2
OG0033330	1	0	1	2
OG0033331	1	0	1	2
OG0033332	1	0	1	2
OG0033333	1	1	0	2
OG0033334	1	1	0	2
OG0033335	1	1	0	2
OG0033336	1	0	1	2
OG0033337	1	0	1	2
OG0033338	1	0	1	2
OG0033339	1	1	0	2
OG0033340	1	0	1	2
OG0033341	1	0	1	2
OG0033342	1	0	1	2
OG0033343	1	0	1	2
OG0033344	1	0	1	2
OG0033345	1	0	1	2
OG0033346	1	0	1	2
OG0033347	1	0	1	2
OG0033348	1	0	1	2
OG0033349	1	0	1	2
OG0033350	1	0	1	2
OG0033351	1	0	1	2
OG0033352	1	0	1	2
OG0033353	1	1	0	2
OG0033354	1	0	1	2
OG0033355	1	1	0	2
OG0033356	1	0	1	2
OG0033357	1	0	1	2
OG0033358	1	1	0	2
OG0033359	1	1	0	2
OG0033360	1	1	0	2
OG0033361	1	0	1	2
OG0033362	1	0	1	2
OG0033363	1	1	0	2
OG0033364	1	0	1	2
OG0033365	1	0	1	2
OG0033366	1	0	1	2
OG0033367	1	0	1	2
OG0033368	1	0	1	2
OG0033369	1	0	1	2
OG0033370	1	1	0	2
OG0033371	1	0	1	2
OG0033372	1	0	1	2
OG0033373	1	1	0	2
OG0033374	1	0	1	2
OG0033375	1	1	0	2
OG0033376	1	0	1	2
OG0033377	1	1	0	2
OG0033378	1	0	1	2
OG0033379	1	0	1	2
OG0033380	1	1	0	2
OG0033381	1	1	0	2
OG0033382	1	0	1	2
OG0033383	1	1	0	2
OG0033384	1	1	0	2
OG0033385	1	1	0	2
OG0033386	1	1	0	2
OG0033387	1	1	0	2
OG0033388	1	1	0	2
OG0033389	1	0	1	2
OG0033390	1	0	1	2
OG0033391	1	1	0	2
OG0033392	1	0	1	2
OG0033393	1	0	1	2
OG0033394	1	1	0	2
OG0033395	1	1	0	2
OG0033396	1	0	1	2
OG0033397	1	0	1	2
OG0033398	1	0	1	2
OG0033399	1	1	0	2
OG0033400	1	0	1	2
OG0033401	1	0	1	2
OG0033402	1	1	0	2
OG0033403	1	0	1	2
OG0033404	1	1	0	2
OG0033405	1	1	0	2
OG0033406	1	1	0	2
OG0033407	1	0	1	2
OG0033408	1	0	1	2
OG0033409	1	0	1	2
OG0033410	1	0	1	2
OG0033411	1	0	1	2
OG0033412	1	0	1	2
OG0033413	1	0	1	2
OG0033414	1	1	0	2
OG0033415	1	1	0	2
OG0033416	1	0	1	2
OG0033417	1	0	1	2
OG0033418	1	0	1	2
OG0033419	1	1	0	2
OG0033420	1	1	0	2
OG0033421	1	0	1	2
OG0033422	1	0	1	2
OG0033423	1	0	1	2
OG0033424	1	1	0	2
OG0033425	1	0	1	2
OG0033426	1	1	0	2
OG0033427	1	0	1	2
OG0033428	1	0	1	2
OG0033429	1	1	0	2
OG0033430	1	1	0	2
OG0033431	1	1	0	2
OG0033432	1	1	0	2
OG0033433	1	1	0	2
OG0033434	1	1	0	2
OG0033435	1	0	1	2
OG0033436	1	1	0	2
OG0033437	1	1	0	2
OG0033438	1	1	0	2
OG0033439	1	1	0	2
OG0033440	1	0	1	2
OG0033441	1	0	1	2
OG0033442	1	0	1	2
OG0033443	1	0	1	2
OG0033444	1	0	1	2
OG0033445	1	0	1	2
OG0033446	1	1	0	2
OG0033447	1	0	1	2
OG0033448	1	1	0	2
OG0033449	1	0	1	2
OG0033450	1	0	1	2
OG0033451	1	0	1	2
OG0033452	1	1	0	2
OG0033453	1	0	1	2
OG0033454	1	0	1	2
OG0033455	1	1	0	2
OG0033456	1	1	0	2
OG0033457	1	0	1	2
OG0033458	1	0	1	2
OG0033459	1	0	1	2
OG0033460	1	1	0	2
OG0033461	1	0	1	2
OG0033462	1	1	0	2
OG0033463	1	0	1	2
OG0033464	1	0	1	2
OG0033465	1	1	0	2
OG0033466	1	0	1	2
OG0033467	1	0	1	2
OG0033468	1	1	0	2
OG0033469	1	0	1	2
OG0033470	1	1	0	2
OG0033471	1	0	1	2
OG0033472	1	1	0	2
OG0033473	1	1	0	2
OG0033474	1	0	1	2
OG0033475	1	1	0	2
OG0033476	1	1	0	2
OG0033477	1	0	1	2
OG0033478	1	0	1	2
OG0033479	1	1	0	2
OG0033480	1	0	1	2
OG0033481	1	1	0	2
OG0033482	1	1	0	2
OG0033483	1	1	0	2
OG0033484	1	1	0	2
OG0033485	1	1	0	2
OG0033486	1	1	0	2
OG0033487	1	0	1	2
OG0033488	1	1	0	2
OG0033489	1	0	1	2
OG0033490	1	0	1	2
OG0033491	1	0	1	2
OG0033492	1	0	1	2
OG0033493	1	0	1	2
OG0033494	1	0	1	2
OG0033495	1	0	1	2
OG0033496	1	1	0	2
OG0033497	1	1	0	2
OG0033498	1	1	0	2
OG0033499	1	1	0	2
OG0033500	1	0	1	2
OG0033501	1	0	1	2
OG0033502	1	1	0	2
OG0033503	1	0	1	2
OG0033504	1	1	0	2
OG0033505	1	0	1	2
OG0033506	1	1	0	2
OG0033507	1	0	1	2
OG0033508	1	1	0	2
OG0033509	1	0	1	2
OG0033510	1	1	0	2
OG0033511	1	0	1	2
OG0033512	1	0	1	2
OG0033513	1	0	1	2
OG0033514	1	1	0	2
OG0033515	1	0	1	2
OG0033516	1	1	0	2
OG0033517	1	1	0	2
OG0033518	1	0	1	2
OG0033519	1	1	0	2
OG0033520	1	0	1	2
OG0033521	1	0	1	2
OG0033522	1	0	1	2
OG0033523	1	1	0	2
OG0033524	1	1	0	2
OG0033525	1	0	1	2
OG0033526	1	1	0	2
OG0033527	1	0	1	2
OG0033528	1	1	0	2
OG0033529	1	0	1	2
OG0033530	1	0	1	2
OG0033531	1	1	0	2
OG0033532	1	0	1	2
OG0033533	1	1	0	2
OG0033534	1	1	0	2
OG0033535	1	0	1	2
OG0033536	1	1	0	2
OG0033537	1	0	1	2
OG0033538	1	1	0	2
OG0033539	1	1	0	2
OG0033540	1	1	0	2
OG0033541	1	0	1	2
OG0033542	1	0	1	2
OG0033543	1	0	1	2
OG0033544	1	1	0	2
OG0033545	1	1	0	2
OG0033546	1	0	1	2
OG0033547	1	1	0	2
OG0033548	1	1	0	2
OG0033549	1	0	1	2
OG0033550	1	0	1	2
OG0033551	1	0	1	2
OG0033552	1	1	0	2
OG0033553	1	0	1	2
OG0033554	1	0	1	2
OG0033555	1	1	0	2
OG0033556	1	1	0	2
OG0033557	1	1	0	2
OG0033558	1	0	1	2
OG0033559	1	1	0	2
OG0033560	1	1	0	2
OG0033561	1	1	0	2
OG0033562	1	1	0	2
OG0033563	1	1	0	2
OG0033564	1	1	0	2
OG0033565	1	1	0	2
OG0033566	1	1	0	2
OG0033567	1	1	0	2
OG0033568	1	0	1	2
OG0033569	1	1	0	2
OG0033570	1	0	1	2
OG0033571	1	0	1	2
OG0033572	1	1	0	2
OG0033573	1	0	1	2
OG0033574	1	0	1	2
OG0033575	1	1	0	2
OG0033576	1	1	0	2
OG0033577	1	0	1	2
OG0033578	1	0	1	2
OG0033579	1	0	1	2
OG0033580	1	0	1	2
OG0033581	1	0	1	2
OG0033582	1	0	1	2
OG0033583	1	0	1	2
OG0033584	1	1	0	2
OG0033585	1	1	0	2
OG0033586	1	1	0	2
OG0033587	1	1	0	2
OG0033588	1	1	0	2
OG0033589	1	1	0	2
OG0033590	1	0	1	2
OG0033591	1	0	1	2
OG0033592	1	0	1	2
OG0033593	1	0	1	2
OG0033594	1	1	0	2
OG0033595	1	0	1	2
OG0033596	1	0	1	2
OG0033597	1	0	1	2
OG0033598	1	0	1	2
OG0033599	1	0	1	2
OG0033600	1	1	0	2
OG0033601	1	1	0	2
OG0033602	1	0	1	2
OG0033603	1	0	1	2
OG0033604	1	0	1	2
OG0033605	1	0	1	2
OG0033606	1	1	0	2
OG0033607	1	0	1	2
OG0033608	1	1	0	2
OG0033609	1	0	1	2
OG0033610	1	0	1	2
OG0033611	1	1	0	2
OG0033612	1	0	1	2
OG0033613	1	0	1	2
OG0033614	1	0	1	2
OG0033615	1	0	1	2
OG0033616	1	0	1	2
OG0033617	1	0	1	2
OG0033618	1	1	0	2
OG0033619	1	0	1	2
OG0033620	1	0	1	2
OG0033621	1	0	1	2
OG0033622	1	0	1	2
OG0033623	1	0	1	2
OG0033624	1	0	1	2
OG0033625	1	0	1	2
OG0033626	1	0	1	2
OG0033627	1	1	0	2
OG0033628	1	0	1	2
OG0033629	1	0	1	2
OG0033630	1	0	1	2
OG0033631	1	0	1	2
OG0033632	1	0	1	2
OG0033633	1	0	1	2
OG0033634	1	1	0	2
OG0033635	1	0	1	2
OG0033636	1	0	1	2
OG0033637	1	0	1	2
OG0033638	1	0	1	2
OG0033639	1	0	1	2
OG0033640	1	1	0	2
OG0033641	1	1	0	2
OG0033642	1	0	1	2
OG0033643	1	1	0	2
OG0033644	1	0	1	2
OG0033645	1	0	1	2
OG0033646	1	0	1	2
OG0033647	1	1	0	2
OG0033648	1	0	1	2
OG0033649	1	1	0	2
OG0033650	1	0	1	2
OG0033651	1	0	1	2
OG0033652	1	0	1	2
OG0033653	1	1	0	2
OG0033654	1	1	0	2
OG0033655	1	1	0	2
OG0033656	1	0	1	2
OG0033657	1	1	0	2
OG0033658	1	1	0	2
OG0033659	1	1	0	2
OG0033660	1	0	1	2
OG0033661	1	0	1	2
OG0033662	1	0	1	2
OG0033663	1	0	1	2
OG0033664	1	0	1	2
OG0033665	1	1	0	2
OG0033666	1	0	1	2
OG0033667	1	0	1	2
OG0033668	1	0	1	2
OG0033669	1	1	0	2
OG0033670	1	1	0	2
OG0033671	1	0	1	2
OG0033672	1	1	0	2
OG0033673	1	0	1	2
OG0033674	1	0	1	2
OG0033675	1	1	0	2
OG0033676	1	1	0	2
OG0033677	1	1	0	2
OG0033678	1	0	1	2
OG0033679	1	0	1	2
OG0033680	1	1	0	2
OG0033681	1	1	0	2
OG0033682	1	0	1	2
OG0033683	1	0	1	2
OG0033684	1	0	1	2
OG0033685	1	1	0	2
OG0033686	1	1	0	2
OG0033687	1	1	0	2
OG0033688	1	0	1	2
OG0033689	1	0	1	2
OG0033690	1	1	0	2
OG0033691	1	0	1	2
OG0033692	1	0	1	2
OG0033693	1	0	1	2
OG0033694	1	1	0	2
OG0033695	1	1	0	2
OG0033696	1	0	1	2
OG0033697	1	0	1	2
OG0033698	1	0	1	2
OG0033699	1	1	0	2
OG0033700	1	1	0	2
OG0033701	1	0	1	2
OG0033702	1	1	0	2
OG0033703	1	0	1	2
OG0033704	1	0	1	2
OG0033705	1	0	1	2
OG0033706	1	0	1	2
OG0033707	1	0	1	2
OG0033708	1	1	0	2
OG0033709	1	0	1	2
OG0033710	1	0	1	2
OG0033711	1	0	1	2
OG0033712	1	0	1	2
OG0033713	1	1	0	2
OG0033714	1	1	0	2
OG0033715	1	1	0	2
OG0033716	1	1	0	2
OG0033717	1	0	1	2
OG0033718	1	1	0	2
OG0033719	1	1	0	2
OG0033720	1	1	0	2
OG0033721	1	0	1	2
OG0033722	1	1	0	2
OG0033723	1	0	1	2
OG0033724	1	0	1	2
OG0033725	1	0	1	2
OG0033726	1	1	0	2
OG0033727	1	0	1	2
OG0033728	1	0	1	2
OG0033729	1	0	1	2
OG0033730	1	1	0	2
OG0033731	1	0	1	2
OG0033732	1	0	1	2
OG0033733	1	0	1	2
OG0033734	1	1	0	2
OG0033735	1	1	0	2
OG0033736	1	1	0	2
OG0033737	1	1	0	2
OG0033738	1	0	1	2
OG0033739	1	0	1	2
OG0033740	1	0	1	2
OG0033741	1	1	0	2
OG0033742	1	0	1	2
OG0033743	1	0	1	2
OG0033744	1	0	1	2
OG0033745	1	1	0	2
OG0033746	1	0	1	2
OG0033747	1	0	1	2
OG0033748	1	0	1	2
OG0033749	1	1	0	2
OG0033750	1	0	1	2
OG0033751	1	1	0	2
OG0033752	1	1	0	2
OG0033753	1	1	0	2
OG0033754	1	0	1	2
OG0033755	1	0	1	2
OG0033756	1	0	1	2
OG0033757	1	1	0	2
OG0033758	1	1	0	2
OG0033759	1	1	0	2
OG0033760	1	1	0	2
OG0033761	1	0	1	2
OG0033762	1	1	0	2
OG0033763	1	0	1	2
OG0033764	1	0	1	2
OG0033765	1	1	0	2
OG0033766	1	0	1	2
OG0033767	1	0	1	2
OG0033768	1	1	0	2
OG0033769	1	1	0	2
OG0033770	1	0	1	2
OG0033771	1	0	1	2
OG0033772	1	0	1	2
OG0033773	1	1	0	2
OG0033774	1	0	1	2
OG0033775	1	0	1	2
OG0033776	1	1	0	2
OG0033777	1	1	0	2
OG0033778	1	1	0	2
OG0033779	1	1	0	2
OG0033780	1	1	0	2
OG0033781	1	0	1	2
OG0033782	1	0	1	2
OG0033783	1	1	0	2
OG0033784	1	0	1	2
OG0033785	1	1	0	2
OG0033786	1	0	1	2
OG0033787	1	0	1	2
OG0033788	1	1	0	2
OG0033789	1	1	0	2
OG0033790	1	0	1	2
OG0033791	1	1	0	2
OG0033792	1	0	1	2
OG0033793	1	0	1	2
OG0033794	1	0	1	2
OG0033795	1	1	0	2
OG0033796	1	0	1	2
OG0033797	1	1	0	2
OG0033798	1	0	1	2
OG0033799	1	0	1	2
OG0033800	1	0	1	2
OG0033801	1	0	1	2
OG0033802	1	1	0	2
OG0033803	1	0	1	2
OG0033804	1	1	0	2
OG0033805	1	0	1	2
OG0033806	1	0	1	2
OG0033807	1	1	0	2
OG0033808	1	1	0	2
OG0033809	1	0	1	2
OG0033810	1	1	0	2
OG0033811	1	0	1	2
OG0033812	1	0	1	2
OG0033813	1	1	0	2
OG0033814	1	0	1	2
OG0033815	1	0	1	2
OG0033816	1	0	1	2
OG0033817	1	0	1	2
OG0033818	1	1	0	2
OG0033819	1	1	0	2
OG0033820	1	0	1	2
OG0033821	1	0	1	2
OG0033822	1	0	1	2
OG0033823	1	0	1	2
OG0033824	1	0	1	2
OG0033825	1	0	1	2
OG0033826	1	0	1	2
OG0033827	1	1	0	2
OG0033828	1	1	0	2
OG0033829	1	1	0	2
OG0033830	1	0	1	2
OG0033831	1	1	0	2
OG0033832	1	0	1	2
OG0033833	1	0	1	2
OG0033834	1	1	0	2
OG0033835	1	0	1	2
OG0033836	1	0	1	2
OG0033837	1	1	0	2
OG0033838	1	0	1	2
OG0033839	1	0	1	2
OG0033840	1	0	1	2
OG0033841	1	0	1	2
OG0033842	1	0	1	2
OG0033843	1	0	1	2
OG0033844	1	0	1	2
OG0033845	1	0	1	2
OG0033846	1	0	1	2
OG0033847	1	0	1	2
OG0033848	1	0	1	2
OG0033849	1	1	0	2
OG0033850	1	0	1	2
OG0033851	1	1	0	2
OG0033852	1	1	0	2
OG0033853	1	0	1	2
OG0033854	1	0	1	2
OG0033855	1	0	1	2
OG0033856	1	0	1	2
OG0033857	1	0	1	2
OG0033858	1	1	0	2
OG0033859	1	1	0	2
OG0033860	1	1	0	2
OG0033861	1	0	1	2
OG0033862	1	0	1	2
OG0033863	1	1	0	2
OG0033864	1	1	0	2
OG0033865	1	0	1	2
OG0033866	1	1	0	2
OG0033867	1	1	0	2
OG0033868	1	1	0	2
OG0033869	1	0	1	2
OG0033870	1	0	1	2
OG0033871	1	0	1	2
OG0033872	1	0	1	2
OG0033873	1	0	1	2
OG0033874	1	1	0	2
OG0033875	1	0	1	2
OG0033876	1	0	1	2
OG0033877	1	1	0	2
OG0033878	1	0	1	2
OG0033879	1	0	1	2
OG0033880	1	1	0	2
OG0033881	1	1	0	2
OG0033882	1	1	0	2
OG0033883	1	0	1	2
OG0033884	1	1	0	2
OG0033885	1	0	1	2
OG0033886	1	0	1	2
OG0033887	1	1	0	2
OG0033888	1	1	0	2
OG0033889	1	1	0	2
OG0033890	1	0	1	2
OG0033891	1	1	0	2
OG0033892	1	0	1	2
OG0033893	1	0	1	2
OG0033894	1	1	0	2
OG0033895	1	1	0	2
OG0033896	1	0	1	2
OG0033897	1	1	0	2
OG0033898	1	0	1	2
OG0033899	1	0	1	2
OG0033900	1	0	1	2
OG0033901	1	0	1	2
OG0033902	1	0	1	2
OG0033903	1	1	0	2
OG0033904	1	1	0	2
OG0033905	1	0	1	2
OG0033906	1	1	0	2
OG0033907	1	0	1	2
OG0033908	1	0	1	2
OG0033909	1	0	1	2
OG0033910	1	1	0	2
OG0033911	1	0	1	2
OG0033912	1	1	0	2
OG0033913	1	1	0	2
OG0033914	1	0	1	2
OG0033915	1	1	0	2
OG0033916	1	0	1	2
OG0033917	1	0	1	2
OG0033918	1	1	0	2
OG0033919	1	0	1	2
OG0033920	1	1	0	2
OG0033921	1	1	0	2
OG0033922	1	1	0	2
OG0033923	1	0	1	2
OG0033924	1	0	1	2
OG0033925	1	0	1	2
OG0033926	1	0	1	2
OG0033927	1	0	1	2
OG0033928	1	1	0	2
OG0033929	1	0	1	2
OG0033930	1	0	1	2
OG0033931	1	1	0	2
OG0033932	1	0	1	2
OG0033933	1	0	1	2
OG0033934	1	0	1	2
OG0033935	1	0	1	2
OG0033936	1	0	1	2
OG0033937	1	0	1	2
OG0033938	1	1	0	2
OG0033939	1	0	1	2
OG0033940	1	0	1	2
OG0033941	1	0	1	2
OG0033942	1	0	1	2
OG0033943	1	0	1	2
OG0033944	1	1	0	2
OG0033945	1	1	0	2
OG0033946	1	1	0	2
OG0033947	1	0	1	2
OG0033948	1	0	1	2
OG0033949	1	0	1	2
OG0033950	1	1	0	2
OG0033951	1	0	1	2
OG0033952	1	1	0	2
OG0033953	1	0	1	2
OG0033954	1	0	1	2
OG0033955	1	0	1	2
OG0033956	1	1	0	2
OG0033957	1	1	0	2
OG0033958	1	1	0	2
OG0033959	1	1	0	2
OG0033960	1	1	0	2
OG0033961	1	1	0	2
OG0033962	1	0	1	2
OG0033963	1	1	0	2
OG0033964	1	1	0	2
OG0033965	1	0	1	2
OG0033966	1	0	1	2
OG0033967	1	0	1	2
OG0033968	1	0	1	2
OG0033969	1	0	1	2
OG0033970	1	0	1	2
OG0033971	1	0	1	2
OG0033972	1	0	1	2
OG0033973	1	1	0	2
OG0033974	1	1	0	2
OG0033975	1	0	1	2
OG0033976	1	1	0	2
OG0033977	1	0	1	2
OG0033978	1	1	0	2
OG0033979	1	0	1	2
OG0033980	1	0	1	2
OG0033981	1	1	0	2
OG0033982	1	0	1	2
OG0033983	1	1	0	2
OG0033984	1	0	1	2
OG0033985	1	0	1	2
OG0033986	1	1	0	2
OG0033987	1	0	1	2
OG0033988	1	0	1	2
OG0033989	1	0	1	2
OG0033990	1	0	1	2
OG0033991	1	1	0	2
OG0033992	1	0	1	2
OG0033993	1	1	0	2
OG0033994	1	0	1	2
OG0033995	1	0	1	2
OG0033996	1	0	1	2
OG0033997	1	0	1	2
OG0033998	1	0	1	2
OG0033999	1	0	1	2
OG0034000	1	0	1	2
OG0034001	1	0	1	2
OG0034002	1	1	0	2
OG0034003	1	1	0	2
OG0034004	1	0	1	2
OG0034005	1	0	1	2
OG0034006	1	0	1	2
OG0034007	1	0	1	2
OG0034008	1	1	0	2
OG0034009	1	0	1	2
OG0034010	1	1	0	2
OG0034011	1	0	1	2
OG0034012	1	1	0	2
OG0034013	1	1	0	2
OG0034014	1	0	1	2
OG0034015	1	1	0	2
OG0034016	1	1	0	2
OG0034017	1	1	0	2
OG0034018	1	1	0	2
OG0034019	1	0	1	2
OG0034020	1	0	1	2
OG0034021	1	0	1	2
OG0034022	1	1	0	2
OG0034023	1	1	0	2
OG0034024	1	0	1	2
OG0034025	1	0	1	2
OG0034026	1	0	1	2
OG0034027	1	1	0	2
OG0034028	1	1	0	2
OG0034029	1	0	1	2
OG0034030	1	1	0	2
OG0034031	1	0	1	2
OG0034032	1	0	1	2
OG0034033	1	0	1	2
OG0034034	1	0	1	2
OG0034035	1	1	0	2
OG0034036	1	1	0	2
OG0034037	1	1	0	2
OG0034038	1	0	1	2
OG0034039	1	0	1	2
OG0034040	1	1	0	2
OG0034041	1	0	1	2
OG0034042	1	0	1	2
OG0034043	1	0	1	2
OG0034044	1	0	1	2
OG0034045	1	0	1	2
OG0034046	1	0	1	2
OG0034047	1	0	1	2
OG0034048	1	1	0	2
OG0034049	1	1	0	2
OG0034050	1	1	0	2
OG0034051	1	0	1	2
OG0034052	1	1	0	2
OG0034053	1	0	1	2
OG0034054	1	1	0	2
OG0034055	1	1	0	2
OG0034056	1	0	1	2
OG0034057	1	0	1	2
OG0034058	1	0	1	2
OG0034059	1	1	0	2
OG0034060	1	0	1	2
OG0034061	1	1	0	2
OG0034062	1	0	1	2
OG0034063	1	1	0	2
OG0034064	1	0	1	2
OG0034065	1	0	1	2
OG0034066	1	0	1	2
OG0034067	1	0	1	2
OG0034068	1	1	0	2
OG0034069	1	1	0	2
OG0034070	1	1	0	2
OG0034071	1	1	0	2
OG0034072	1	0	1	2
OG0034073	1	0	1	2
OG0034074	1	0	1	2
OG0034075	1	0	1	2
OG0034076	1	0	1	2
OG0034077	1	0	1	2
OG0034078	1	0	1	2
OG0034079	1	0	1	2
OG0034080	1	0	1	2
OG0034081	1	0	1	2
OG0034082	1	1	0	2
OG0034083	1	0	1	2
OG0034084	1	0	1	2
OG0034085	1	1	0	2
OG0034086	1	1	0	2
OG0034087	1	1	0	2
OG0034088	1	0	1	2
OG0034089	1	0	1	2
OG0034090	1	1	0	2
OG0034091	1	1	0	2
OG0034092	1	1	0	2
OG0034093	1	0	1	2
OG0034094	1	0	1	2
OG0034095	1	0	1	2
OG0034096	1	0	1	2
OG0034097	1	1	0	2
OG0034098	1	1	0	2
OG0034099	1	1	0	2
OG0034100	1	0	1	2
OG0034101	1	1	0	2
OG0034102	1	1	0	2
OG0034103	1	1	0	2
OG0034104	1	0	1	2
OG0034105	1	1	0	2
OG0034106	1	0	1	2
OG0034107	1	0	1	2
OG0034108	1	0	1	2
OG0034109	1	1	0	2
OG0034110	1	0	1	2
OG0034111	1	1	0	2
OG0034112	1	0	1	2
OG0034113	1	0	1	2
OG0034114	1	0	1	2
OG0034115	1	1	0	2
OG0034116	1	1	0	2
OG0034117	1	0	1	2
OG0034118	1	1	0	2
OG0034119	1	1	0	2
OG0034120	1	1	0	2
OG0034121	1	0	1	2
OG0034122	1	0	1	2
OG0034123	1	0	1	2
OG0034124	1	0	1	2
OG0034125	1	0	1	2
OG0034126	1	0	1	2
OG0034127	1	1	0	2
OG0034128	1	0	1	2
OG0034129	1	1	0	2
OG0034130	1	1	0	2
OG0034131	1	0	1	2
OG0034132	1	0	1	2
OG0034133	1	0	1	2
OG0034134	1	1	0	2
OG0034135	1	0	1	2
OG0034136	1	0	1	2
OG0034137	1	1	0	2
OG0034138	1	0	1	2
OG0034139	1	0	1	2
OG0034140	1	1	0	2
OG0034141	1	0	1	2
OG0034142	1	0	1	2
OG0034143	1	0	1	2
OG0034144	1	1	0	2
OG0034145	1	0	1	2
OG0034146	1	0	1	2
OG0034147	1	0	1	2
OG0034148	1	0	1	2
OG0034149	1	1	0	2
OG0034150	1	0	1	2
OG0034151	1	1	0	2
OG0034152	1	1	0	2
OG0034153	1	1	0	2
OG0034154	1	0	1	2
OG0034155	1	1	0	2
OG0034156	1	0	1	2
OG0034157	1	1	0	2
OG0034158	1	1	0	2
OG0034159	1	0	1	2
OG0034160	1	1	0	2
OG0034161	1	1	0	2
OG0034162	1	0	1	2
OG0034163	1	0	1	2
OG0034164	1	1	0	2
OG0034165	1	0	1	2
OG0034166	1	0	1	2
OG0034167	1	1	0	2
OG0034168	1	1	0	2
OG0034169	1	0	1	2
OG0034170	1	0	1	2
OG0034171	1	0	1	2
OG0034172	1	0	1	2
OG0034173	1	1	0	2
OG0034174	1	0	1	2
OG0034175	1	0	1	2
OG0034176	1	0	1	2
OG0034177	1	1	0	2
OG0034178	1	0	1	2
OG0034179	1	1	0	2
OG0034180	1	1	0	2
OG0034181	1	0	1	2
OG0034182	1	1	0	2
OG0034183	1	0	1	2
OG0034184	1	0	1	2
OG0034185	1	0	1	2
OG0034186	1	1	0	2
OG0034187	1	1	0	2
OG0034188	1	0	1	2
OG0034189	1	0	1	2
OG0034190	1	0	1	2
OG0034191	1	0	1	2
OG0034192	1	0	1	2
OG0034193	1	0	1	2
OG0034194	1	0	1	2
OG0034195	1	1	0	2
OG0034196	1	0	1	2
OG0034197	1	0	1	2
OG0034198	1	0	1	2
OG0034199	1	0	1	2
OG0034200	1	1	0	2
OG0034201	1	1	0	2
OG0034202	1	1	0	2
OG0034203	1	0	1	2
OG0034204	1	0	1	2
OG0034205	1	0	1	2
OG0034206	1	1	0	2
OG0034207	1	0	1	2
OG0034208	1	1	0	2
OG0034209	1	1	0	2
OG0034210	1	0	1	2
OG0034211	1	0	1	2
OG0034212	1	0	1	2
OG0034213	1	1	0	2
OG0034214	1	0	1	2
OG0034215	1	0	1	2
OG0034216	1	1	0	2
OG0034217	1	0	1	2
OG0034218	1	1	0	2
OG0034219	1	0	1	2
OG0034220	1	1	0	2
OG0034221	1	1	0	2
OG0034222	1	1	0	2
OG0034223	1	0	1	2
OG0034224	1	1	0	2
OG0034225	1	0	1	2
OG0034226	1	0	1	2
OG0034227	1	1	0	2
OG0034228	1	1	0	2
OG0034229	1	0	1	2
OG0034230	1	0	1	2
OG0034231	1	1	0	2
OG0034232	1	0	1	2
OG0034233	1	0	1	2
OG0034234	1	1	0	2
OG0034235	1	0	1	2
OG0034236	1	0	1	2
OG0034237	1	0	1	2
OG0034238	1	1	0	2
OG0034239	1	0	1	2
OG0034240	1	1	0	2
OG0034241	1	0	1	2
OG0034242	1	1	0	2
OG0034243	1	0	1	2
OG0034244	1	1	0	2
OG0034245	1	0	1	2
OG0034246	1	0	1	2
OG0034247	1	0	1	2
OG0034248	1	0	1	2
OG0034249	1	1	0	2
OG0034250	1	0	1	2
OG0034251	1	0	1	2
OG0034252	1	1	0	2
OG0034253	1	0	1	2
OG0034254	1	1	0	2
OG0034255	1	1	0	2
OG0034256	1	1	0	2
OG0034257	1	0	1	2
OG0034258	1	0	1	2
OG0034259	1	1	0	2
OG0034260	1	0	1	2
OG0034261	1	0	1	2
OG0034262	1	1	0	2
OG0034263	1	0	1	2
OG0034264	1	0	1	2
OG0034265	1	1	0	2
OG0034266	1	0	1	2
OG0034267	1	0	1	2
OG0034268	1	0	1	2
OG0034269	1	1	0	2
OG0034270	1	1	0	2
OG0034271	1	0	1	2
OG0034272	1	1	0	2
OG0034273	1	1	0	2
OG0034274	1	0	1	2
OG0034275	1	0	1	2
OG0034276	1	0	1	2
OG0034277	1	1	0	2
OG0034278	1	0	1	2
OG0034279	1	0	1	2
OG0034280	1	1	0	2
OG0034281	1	1	0	2
OG0034282	1	1	0	2
OG0034283	1	1	0	2
OG0034284	1	1	0	2
OG0034285	1	1	0	2
OG0034286	1	1	0	2
OG0034287	1	1	0	2
OG0034288	1	0	1	2
OG0034289	1	0	1	2
OG0034290	1	0	1	2
OG0034291	1	0	1	2
OG0034292	1	1	0	2
OG0034293	1	1	0	2
OG0034294	1	1	0	2
OG0034295	1	1	0	2
OG0034296	1	1	0	2
OG0034297	1	1	0	2
OG0034298	1	1	0	2
OG0034299	1	1	0	2
OG0034300	1	0	1	2
OG0034301	1	0	1	2
OG0034302	1	0	1	2
OG0034303	1	0	1	2
OG0034304	1	1	0	2
OG0034305	1	1	0	2
OG0034306	1	0	1	2
OG0034307	1	1	0	2
OG0034308	1	1	0	2
OG0034309	1	0	1	2
OG0034310	1	0	1	2
OG0034311	1	1	0	2
OG0034312	1	1	0	2
OG0034313	1	0	1	2
OG0034314	1	1	0	2
OG0034315	1	1	0	2
OG0034316	1	0	1	2
OG0034317	1	1	0	2
OG0034318	1	0	1	2
OG0034319	1	1	0	2
OG0034320	1	0	1	2
OG0034321	1	1	0	2
OG0034322	1	1	0	2
OG0034323	1	0	1	2
OG0034324	1	1	0	2
OG0034325	1	0	1	2
OG0034326	1	1	0	2
OG0034327	1	1	0	2
OG0034328	1	1	0	2
OG0034329	1	0	1	2
OG0034330	1	0	1	2
OG0034331	1	0	1	2
OG0034332	1	0	1	2
OG0034333	1	0	1	2
OG0034334	1	1	0	2
OG0034335	1	0	1	2
OG0034336	1	1	0	2
OG0034337	1	0	1	2
OG0034338	1	0	1	2
OG0034339	1	0	1	2
OG0034340	1	1	0	2
OG0034341	1	0	1	2
OG0034342	1	1	0	2
OG0034343	1	0	1	2
OG0034344	1	0	1	2
OG0034345	1	1	0	2
OG0034346	1	1	0	2
OG0034347	1	0	1	2
OG0034348	1	1	0	2
OG0034349	1	0	1	2
OG0034350	1	0	1	2
OG0034351	1	1	0	2
OG0034352	1	1	0	2
OG0034353	1	1	0	2
OG0034354	1	0	1	2
OG0034355	1	0	1	2
OG0034356	1	0	1	2
OG0034357	1	0	1	2
OG0034358	1	0	1	2
OG0034359	1	0	1	2
OG0034360	1	0	1	2
OG0034361	1	1	0	2
OG0034362	1	0	1	2
OG0034363	1	0	1	2
OG0034364	1	1	0	2
OG0034365	1	0	1	2
OG0034366	1	1	0	2
OG0034367	1	1	0	2
OG0034368	1	1	0	2
OG0034369	1	0	1	2
OG0034370	1	1	0	2
OG0034371	1	0	1	2
OG0034372	1	0	1	2
OG0034373	1	0	1	2
OG0034374	1	0	1	2
OG0034375	1	0	1	2
OG0034376	1	0	1	2
OG0034377	1	1	0	2
OG0034378	1	0	1	2
OG0034379	1	1	0	2
OG0034380	1	1	0	2
OG0034381	1	0	1	2
OG0034382	1	0	1	2
OG0034383	1	1	0	2
OG0034384	1	0	1	2
OG0034385	1	0	1	2
OG0034386	1	1	0	2
OG0034387	1	0	1	2
OG0034388	1	0	1	2
OG0034389	1	0	1	2
OG0034390	1	0	1	2
OG0034391	1	1	0	2
OG0034392	1	0	1	2
OG0034393	1	1	0	2
OG0034394	1	0	1	2
OG0034395	1	1	0	2
OG0034396	1	1	0	2
OG0034397	1	0	1	2
OG0034398	1	0	1	2
OG0034399	1	0	1	2
OG0034400	1	1	0	2
OG0034401	1	0	1	2
OG0034402	1	0	1	2
OG0034403	1	0	1	2
OG0034404	1	1	0	2
OG0034405	1	0	1	2
OG0034406	1	0	1	2
OG0034407	1	1	0	2
OG0034408	1	1	0	2
OG0034409	1	1	0	2
OG0034410	1	1	0	2
OG0034411	1	0	1	2
OG0034412	1	0	1	2
OG0034413	1	0	1	2
OG0034414	1	0	1	2
OG0034415	1	1	0	2
OG0034416	1	1	0	2
OG0034417	1	1	0	2
OG0034418	1	1	0	2
OG0034419	1	0	1	2
OG0034420	1	1	0	2
OG0034421	1	0	1	2
OG0034422	1	0	1	2
OG0034423	1	0	1	2
OG0034424	1	0	1	2
OG0034425	1	0	1	2
OG0034426	1	0	1	2
OG0034427	1	0	1	2
OG0034428	1	0	1	2
OG0034429	1	0	1	2
OG0034430	1	0	1	2
OG0034431	1	1	0	2
OG0034432	1	1	0	2
OG0034433	1	0	1	2
OG0034434	1	1	0	2
OG0034435	1	1	0	2
OG0034436	1	0	1	2
OG0034437	1	0	1	2
OG0034438	1	0	1	2
OG0034439	1	1	0	2
OG0034440	1	0	1	2
OG0034441	1	0	1	2
OG0034442	1	0	1	2
OG0034443	1	0	1	2
OG0034444	1	1	0	2
OG0034445	1	1	0	2
OG0034446	1	1	0	2
OG0034447	1	0	1	2
OG0034448	1	1	0	2
OG0034449	1	0	1	2
OG0034450	1	1	0	2
OG0034451	1	1	0	2
OG0034452	1	0	1	2
OG0034453	1	1	0	2
OG0034454	1	0	1	2
OG0034455	1	0	1	2
OG0034456	1	0	1	2
OG0034457	1	0	1	2
OG0034458	1	0	1	2
OG0034459	1	1	0	2
OG0034460	1	1	0	2
OG0034461	1	0	1	2
OG0034462	1	0	1	2
OG0034463	1	0	1	2
OG0034464	1	1	0	2
OG0034465	1	0	1	2
OG0034466	1	0	1	2
OG0034467	1	0	1	2
OG0034468	1	1	0	2
OG0034469	1	0	1	2
OG0034470	1	0	1	2
OG0034471	1	1	0	2
OG0034472	1	1	0	2
OG0034473	1	1	0	2
OG0034474	1	0	1	2
OG0034475	1	1	0	2
OG0034476	1	0	1	2
OG0034477	1	1	0	2
OG0034478	1	1	0	2
OG0034479	1	1	0	2
OG0034480	1	1	0	2
OG0034481	1	1	0	2
OG0034482	1	1	0	2
OG0034483	1	1	0	2
OG0034484	1	0	1	2
OG0034485	1	0	1	2
OG0034486	1	1	0	2
OG0034487	1	0	1	2
OG0034488	1	0	1	2
OG0034489	1	0	1	2
OG0034490	1	0	1	2
OG0034491	1	0	1	2
OG0034492	1	0	1	2
OG0034493	1	0	1	2
OG0034494	1	1	0	2
OG0034495	1	1	0	2
OG0034496	1	0	1	2
OG0034497	1	0	1	2
OG0034498	1	1	0	2
OG0034499	1	0	1	2
OG0034500	1	1	0	2
OG0034501	1	0	1	2
OG0034502	1	0	1	2
OG0034503	1	1	0	2
OG0034504	1	0	1	2
OG0034505	1	1	0	2
OG0034506	1	1	0	2
OG0034507	1	0	1	2
OG0034508	1	0	1	2
OG0034509	1	0	1	2
OG0034510	1	1	0	2
OG0034511	1	0	1	2
OG0034512	1	1	0	2
OG0034513	1	0	1	2
OG0034514	1	0	1	2
OG0034515	1	0	1	2
OG0034516	1	1	0	2
OG0034517	1	1	0	2
OG0034518	1	1	0	2
OG0034519	1	1	0	2
OG0034520	1	1	0	2
OG0034521	1	1	0	2
OG0034522	1	0	1	2
OG0034523	1	1	0	2
OG0034524	1	0	1	2
OG0034525	1	1	0	2
OG0034526	1	1	0	2
OG0034527	1	0	1	2
OG0034528	1	1	0	2
OG0034529	1	1	0	2
OG0034530	1	0	1	2
OG0034531	1	0	1	2
OG0034532	1	0	1	2
OG0034533	1	1	0	2
OG0034534	1	0	1	2
OG0034535	1	1	0	2
OG0034536	1	0	1	2
OG0034537	1	0	1	2
OG0034538	1	1	0	2
OG0034539	1	0	1	2
OG0034540	1	1	0	2
OG0034541	1	1	0	2
OG0034542	1	0	1	2
OG0034543	1	0	1	2
OG0034544	1	0	1	2
OG0034545	1	0	1	2
OG0034546	1	1	0	2
OG0034547	1	1	0	2
OG0034548	1	0	1	2
OG0034549	1	0	1	2
OG0034550	1	0	1	2
OG0034551	1	1	0	2
OG0034552	1	0	1	2
OG0034553	1	0	1	2
OG0034554	1	1	0	2
OG0034555	1	0	1	2
OG0034556	1	0	1	2
OG0034557	1	0	1	2
OG0034558	1	0	1	2
OG0034559	1	1	0	2
OG0034560	1	0	1	2
OG0034561	1	0	1	2
OG0034562	1	1	0	2
OG0034563	1	0	1	2
OG0034564	1	0	1	2
OG0034565	1	1	0	2
OG0034566	1	1	0	2
OG0034567	1	0	1	2
OG0034568	1	1	0	2
OG0034569	1	1	0	2
OG0034570	1	0	1	2
OG0034571	1	1	0	2
OG0034572	1	1	0	2
OG0034573	1	0	1	2
OG0034574	1	0	1	2
OG0034575	1	0	1	2
OG0034576	1	1	0	2
OG0034577	1	1	0	2
OG0034578	1	1	0	2
OG0034579	1	1	0	2
OG0034580	1	0	1	2
OG0034581	1	0	1	2
OG0034582	1	0	1	2
OG0034583	1	0	1	2
OG0034584	1	0	1	2
OG0034585	1	0	1	2
OG0034586	1	0	1	2
OG0034587	1	0	1	2
OG0034588	1	0	1	2
OG0034589	1	0	1	2
OG0034590	1	0	1	2
OG0034591	1	0	1	2
OG0034592	1	0	1	2
OG0034593	1	0	1	2
OG0034594	1	1	0	2
OG0034595	1	0	1	2
OG0034596	1	1	0	2
OG0034597	1	0	1	2
OG0034598	1	0	1	2
OG0034599	1	0	1	2
OG0034600	1	0	1	2
OG0034601	1	0	1	2
OG0034602	1	0	1	2
OG0034603	1	0	1	2
OG0034604	1	0	1	2
OG0034605	1	1	0	2
OG0034606	1	1	0	2
OG0034607	1	0	1	2
OG0034608	1	1	0	2
OG0034609	1	1	0	2
OG0034610	1	1	0	2
OG0034611	1	1	0	2
OG0034612	1	0	1	2
OG0034613	1	1	0	2
OG0034614	1	0	1	2
OG0034615	1	0	1	2
OG0034616	1	1	0	2
OG0034617	1	0	1	2
OG0034618	1	0	1	2
OG0034619	1	0	1	2
OG0034620	1	1	0	2
OG0034621	1	1	0	2
OG0034622	1	0	1	2
OG0034623	1	0	1	2
OG0034624	1	0	1	2
OG0034625	1	0	1	2
OG0034626	1	1	0	2
OG0034627	1	1	0	2
OG0034628	1	0	1	2
OG0034629	1	0	1	2
OG0034630	1	0	1	2
OG0034631	1	1	0	2
OG0034632	1	1	0	2
OG0034633	1	1	0	2
OG0034634	1	1	0	2
OG0034635	1	1	0	2
OG0034636	1	0	1	2
OG0034637	1	0	1	2
OG0034638	1	0	1	2
OG0034639	1	0	1	2
OG0034640	1	1	0	2
OG0034641	1	0	1	2
OG0034642	1	1	0	2
OG0034643	1	0	1	2
OG0034644	1	0	1	2
OG0034645	1	0	1	2
OG0034646	1	0	1	2
OG0034647	1	0	1	2
OG0034648	1	1	0	2
OG0034649	1	0	1	2
OG0034650	1	1	0	2
OG0034651	1	1	0	2
OG0034652	1	1	0	2
OG0034653	1	0	1	2
OG0034654	1	0	1	2
OG0034655	1	1	0	2
OG0034656	1	0	1	2
OG0034657	1	0	1	2
OG0034658	1	0	1	2
OG0034659	1	1	0	2
OG0034660	1	1	0	2
OG0034661	1	0	1	2
OG0034662	1	1	0	2
OG0034663	1	1	0	2
OG0034664	1	0	1	2
OG0034665	1	0	1	2
OG0034666	1	1	0	2
OG0034667	1	1	0	2
OG0034668	1	1	0	2
OG0034669	1	0	1	2
OG0034670	1	0	1	2
OG0034671	1	1	0	2
OG0034672	1	1	0	2
OG0034673	1	1	0	2
OG0034674	1	1	0	2
OG0034675	1	0	1	2
OG0034676	1	1	0	2
OG0034677	1	0	1	2
OG0034678	1	0	1	2
OG0034679	1	0	1	2
OG0034680	1	0	1	2
OG0034681	1	1	0	2
OG0034682	1	1	0	2
OG0034683	1	0	1	2
OG0034684	1	0	1	2
OG0034685	1	1	0	2
OG0034686	1	0	1	2
OG0034687	1	0	1	2
OG0034688	1	0	1	2
OG0034689	1	0	1	2
OG0034690	1	0	1	2
OG0034691	1	1	0	2
OG0034692	1	1	0	2
OG0034693	1	1	0	2
OG0034694	1	0	1	2
OG0034695	1	1	0	2
OG0034696	1	1	0	2
OG0034697	1	0	1	2
OG0034698	1	1	0	2
OG0034699	1	1	0	2
OG0034700	1	0	1	2
OG0034701	1	0	1	2
OG0034702	1	0	1	2
OG0034703	1	0	1	2
OG0034704	1	1	0	2
OG0034705	1	0	1	2
OG0034706	1	0	1	2
OG0034707	1	0	1	2
OG0034708	1	0	1	2
OG0034709	1	1	0	2
OG0034710	1	0	1	2
OG0034711	1	0	1	2
OG0034712	1	1	0	2
OG0034713	1	1	0	2
OG0034714	1	0	1	2
OG0034715	1	0	1	2
OG0034716	1	0	1	2
OG0034717	1	0	1	2
OG0034718	1	1	0	2
OG0034719	1	0	1	2
OG0034720	1	1	0	2
OG0034721	1	1	0	2
OG0034722	1	1	0	2
OG0034723	1	1	0	2
OG0034724	1	1	0	2
OG0034725	1	1	0	2
OG0034726	1	0	1	2
OG0034727	1	0	1	2
OG0034728	1	0	1	2
OG0034729	1	0	1	2
OG0034730	1	1	0	2
OG0034731	1	1	0	2
OG0034732	1	0	1	2
OG0034733	1	0	1	2
OG0034734	1	1	0	2
OG0034735	1	1	0	2
OG0034736	1	0	1	2
OG0034737	1	1	0	2
OG0034738	1	0	1	2
OG0034739	1	0	1	2
OG0034740	1	0	1	2
OG0034741	1	1	0	2
OG0034742	1	1	0	2
OG0034743	1	1	0	2
OG0034744	1	1	0	2
OG0034745	1	0	1	2
OG0034746	1	0	1	2
OG0034747	1	0	1	2
OG0034748	1	0	1	2
OG0034749	1	0	1	2
OG0034750	1	0	1	2
OG0034751	1	1	0	2
OG0034752	1	1	0	2
OG0034753	1	0	1	2
OG0034754	1	0	1	2
OG0034755	1	1	0	2
OG0034756	1	0	1	2
OG0034757	1	0	1	2
OG0034758	1	0	1	2
OG0034759	1	0	1	2
OG0034760	1	0	1	2
OG0034761	1	0	1	2
OG0034762	1	0	1	2
OG0034763	1	0	1	2
OG0034764	1	1	0	2
OG0034765	1	1	0	2
OG0034766	1	1	0	2
OG0034767	1	1	0	2
OG0034768	1	0	1	2
OG0034769	1	0	1	2
OG0034770	1	1	0	2
OG0034771	1	0	1	2
OG0034772	1	0	1	2
OG0034773	1	1	0	2
OG0034774	1	1	0	2
OG0034775	1	1	0	2
OG0034776	1	1	0	2
OG0034777	1	0	1	2
OG0034778	1	0	1	2
OG0034779	1	0	1	2
OG0034780	1	1	0	2
OG0034781	1	0	1	2
OG0034782	1	0	1	2
OG0034783	1	0	1	2
OG0034784	1	1	0	2
OG0034785	1	1	0	2
OG0034786	1	1	0	2
OG0034787	1	1	0	2
OG0034788	1	1	0	2
OG0034789	1	1	0	2
OG0034790	1	0	1	2
OG0034791	1	1	0	2
OG0034792	1	0	1	2
OG0034793	1	0	1	2
OG0034794	1	1	0	2
OG0034795	1	0	1	2
OG0034796	1	1	0	2
OG0034797	1	1	0	2
OG0034798	1	0	1	2
OG0034799	1	0	1	2
OG0034800	1	1	0	2
OG0034801	1	1	0	2
OG0034802	1	0	1	2
OG0034803	1	1	0	2
OG0034804	1	0	1	2
OG0034805	1	0	1	2
OG0034806	1	0	1	2
OG0034807	1	1	0	2
OG0034808	1	1	0	2
OG0034809	1	1	0	2
OG0034810	1	1	0	2
OG0034811	1	0	1	2
OG0034812	1	1	0	2
OG0034813	1	0	1	2
OG0034814	1	0	1	2
OG0034815	1	0	1	2
OG0034816	1	0	1	2
OG0034817	1	1	0	2
OG0034818	1	0	1	2
OG0034819	1	1	0	2
OG0034820	1	0	1	2
OG0034821	1	1	0	2
OG0034822	1	0	1	2
OG0034823	1	0	1	2
OG0034824	1	0	1	2
OG0034825	1	0	1	2
OG0034826	1	0	1	2
OG0034827	1	1	0	2
OG0034828	1	1	0	2
OG0034829	1	1	0	2
OG0034830	1	0	1	2
OG0034831	1	1	0	2
OG0034832	1	0	1	2
OG0034833	1	0	1	2
OG0034834	1	0	1	2
OG0034835	1	0	1	2
OG0034836	1	0	1	2
OG0034837	1	0	1	2
OG0034838	1	0	1	2
OG0034839	1	0	1	2
OG0034840	1	1	0	2
OG0034841	1	0	1	2
OG0034842	1	0	1	2
OG0034843	1	0	1	2
OG0034844	1	1	0	2
OG0034845	1	1	0	2
OG0034846	1	0	1	2
OG0034847	1	1	0	2
OG0034848	1	0	1	2
OG0034849	1	0	1	2
OG0034850	1	1	0	2
OG0034851	1	0	1	2
OG0034852	1	0	1	2
OG0034853	1	1	0	2
OG0034854	1	1	0	2
OG0034855	1	0	1	2
OG0034856	1	1	0	2
OG0034857	1	0	1	2
OG0034858	1	0	1	2
OG0034859	1	0	1	2
OG0034860	1	1	0	2
OG0034861	1	1	0	2
OG0034862	1	0	1	2
OG0034863	1	0	1	2
OG0034864	1	0	1	2
OG0034865	1	1	0	2
OG0034866	1	0	1	2
OG0034867	1	0	1	2
OG0034868	1	1	0	2
OG0034869	1	1	0	2
OG0034870	1	1	0	2
OG0034871	1	0	1	2
OG0034872	1	1	0	2
OG0034873	1	0	1	2
OG0034874	1	0	1	2
OG0034875	1	0	1	2
OG0034876	1	1	0	2
OG0034877	1	1	0	2
OG0034878	1	1	0	2
OG0034879	1	0	1	2
OG0034880	1	0	1	2
OG0034881	1	0	1	2
OG0034882	1	1	0	2
OG0034883	1	0	1	2
OG0034884	1	1	0	2
OG0034885	1	0	1	2
OG0034886	1	1	0	2
OG0034887	1	1	0	2
OG0034888	1	1	0	2
OG0034889	1	1	0	2
OG0034890	1	1	0	2
OG0034891	1	1	0	2
OG0034892	1	0	1	2
OG0034893	1	1	0	2
OG0034894	1	0	1	2
OG0034895	1	0	1	2
OG0034896	1	0	1	2
OG0034897	1	0	1	2
OG0034898	1	0	1	2
OG0034899	1	0	1	2
OG0034900	1	1	0	2
OG0034901	1	1	0	2
OG0034902	1	0	1	2
OG0034903	1	0	1	2
OG0034904	1	0	1	2
OG0034905	1	0	1	2
OG0034906	1	0	1	2
OG0034907	1	0	1	2
OG0034908	1	0	1	2
OG0034909	1	1	0	2
OG0034910	1	0	1	2
OG0034911	1	0	1	2
OG0034912	1	0	1	2
OG0034913	1	0	1	2
OG0034914	1	1	0	2
OG0034915	1	0	1	2
OG0034916	1	0	1	2
OG0034917	1	0	1	2
OG0034918	1	0	1	2
OG0034919	1	0	1	2
OG0034920	1	0	1	2
OG0034921	1	0	1	2
OG0034922	1	1	0	2
OG0034923	1	0	1	2
OG0034924	1	0	1	2
OG0034925	1	1	0	2
OG0034926	1	1	0	2
OG0034927	1	0	1	2
OG0034928	1	1	0	2
OG0034929	1	0	1	2
OG0034930	1	0	1	2
OG0034931	1	0	1	2
OG0034932	1	0	1	2
OG0034933	1	1	0	2
OG0034934	1	0	1	2
OG0034935	1	0	1	2
OG0034936	1	1	0	2
OG0034937	1	1	0	2
OG0034938	1	1	0	2
OG0034939	1	1	0	2
OG0034940	1	1	0	2
OG0034941	1	0	1	2
OG0034942	1	1	0	2
OG0034943	1	0	1	2
OG0034944	1	0	1	2
OG0034945	1	1	0	2
OG0034946	1	0	1	2
OG0034947	1	1	0	2
OG0034948	1	0	1	2
OG0034949	1	0	1	2
OG0034950	1	0	1	2
OG0034951	1	0	1	2
OG0034952	1	0	1	2
OG0034953	1	1	0	2
OG0034954	1	1	0	2
OG0034955	1	0	1	2
OG0034956	1	0	1	2
OG0034957	1	1	0	2
OG0034958	1	0	1	2
OG0034959	1	1	0	2
OG0034960	1	1	0	2
OG0034961	1	0	1	2
OG0034962	1	0	1	2
OG0034963	1	0	1	2
OG0034964	1	0	1	2
OG0034965	1	0	1	2
OG0034966	1	0	1	2
OG0034967	1	1	0	2
OG0034968	1	0	1	2
OG0034969	1	0	1	2
OG0034970	1	0	1	2
OG0034971	1	0	1	2
OG0034972	1	1	0	2
OG0034973	1	1	0	2
OG0034974	1	1	0	2
OG0034975	1	1	0	2
OG0034976	1	1	0	2
OG0034977	1	1	0	2
OG0034978	1	0	1	2
OG0034979	1	0	1	2
OG0034980	1	0	1	2
OG0034981	1	0	1	2
OG0034982	1	0	1	2
OG0034983	1	1	0	2
OG0034984	1	0	1	2
OG0034985	1	0	1	2
OG0034986	1	1	0	2
OG0034987	1	1	0	2
OG0034988	1	0	1	2
OG0034989	1	0	1	2
OG0034990	1	1	0	2
OG0034991	1	1	0	2
OG0034992	1	1	0	2
OG0034993	1	1	0	2
OG0034994	1	1	0	2
OG0034995	1	1	0	2
OG0034996	1	0	1	2
OG0034997	1	0	1	2
OG0034998	1	0	1	2
OG0034999	1	0	1	2
OG0035000	1	1	0	2
OG0035001	1	1	0	2
OG0035002	1	0	1	2
OG0035003	1	0	1	2
OG0035004	1	1	0	2
OG0035005	1	0	1	2
OG0035006	1	1	0	2
OG0035007	1	0	1	2
OG0035008	1	0	1	2
OG0035009	1	0	1	2
OG0035010	1	1	0	2
OG0035011	1	0	1	2
OG0035012	1	0	1	2
OG0035013	1	0	1	2
OG0035014	1	0	1	2
OG0035015	1	1	0	2
OG0035016	1	1	0	2
OG0035017	1	1	0	2
OG0035018	1	0	1	2
OG0035019	1	0	1	2
OG0035020	1	1	0	2
OG0035021	1	0	1	2
OG0035022	1	0	1	2
OG0035023	1	0	1	2
OG0035024	1	1	0	2
OG0035025	1	0	1	2
OG0035026	1	1	0	2
OG0035027	1	1	0	2
OG0035028	1	1	0	2
OG0035029	1	0	1	2
OG0035030	1	0	1	2
OG0035031	1	1	0	2
OG0035032	1	0	1	2
OG0035033	1	1	0	2
OG0035034	1	1	0	2
OG0035035	1	0	1	2
OG0035036	1	0	1	2
OG0035037	1	0	1	2
OG0035038	1	0	1	2
OG0035039	1	0	1	2
OG0035040	1	0	1	2
OG0035041	1	1	0	2
OG0035042	1	1	0	2
OG0035043	1	1	0	2
OG0035044	1	1	0	2
OG0035045	1	1	0	2
OG0035046	1	0	1	2
OG0035047	1	0	1	2
OG0035048	1	0	1	2
OG0035049	1	1	0	2
OG0035050	1	0	1	2
OG0035051	1	0	1	2
OG0035052	1	0	1	2
OG0035053	1	0	1	2
OG0035054	1	1	0	2
OG0035055	1	0	1	2
OG0035056	1	1	0	2
OG0035057	1	0	1	2
OG0035058	1	0	1	2
OG0035059	1	1	0	2
OG0035060	1	0	1	2
OG0035061	1	1	0	2
OG0035062	1	0	1	2
OG0035063	1	1	0	2
OG0035064	1	1	0	2
OG0035065	1	0	1	2
OG0035066	1	0	1	2
OG0035067	1	0	1	2
OG0035068	1	1	0	2
OG0035069	1	1	0	2
OG0035070	1	0	1	2
OG0035071	1	0	1	2
OG0035072	1	0	1	2
OG0035073	1	1	0	2
OG0035074	1	0	1	2
OG0035075	1	1	0	2
OG0035076	1	1	0	2
OG0035077	1	1	0	2
OG0035078	1	0	1	2
OG0035079	1	0	1	2
OG0035080	1	1	0	2
OG0035081	1	0	1	2
OG0035082	1	0	1	2
OG0035083	1	1	0	2
OG0035084	1	0	1	2
OG0035085	1	0	1	2
OG0035086	1	0	1	2
OG0035087	1	0	1	2
OG0035088	1	0	1	2
OG0035089	1	0	1	2
OG0035090	1	0	1	2
OG0035091	1	1	0	2
OG0035092	1	0	1	2
OG0035093	1	0	1	2
OG0035094	1	0	1	2
OG0035095	1	0	1	2
OG0035096	1	1	0	2
OG0035097	1	0	1	2
OG0035098	1	1	0	2
OG0035099	1	1	0	2
OG0035100	1	0	1	2
OG0035101	1	1	0	2
OG0035102	1	0	1	2
OG0035103	1	0	1	2
OG0035104	1	0	1	2
OG0035105	1	0	1	2
OG0035106	1	1	0	2
OG0035107	1	1	0	2
OG0035108	1	1	0	2
OG0035109	1	0	1	2
OG0035110	1	1	0	2
OG0035111	1	1	0	2
OG0035112	1	0	1	2
OG0035113	1	0	1	2
OG0035114	1	0	1	2
OG0035115	1	1	0	2
OG0035116	1	0	1	2
OG0035117	1	0	1	2
OG0035118	1	0	1	2
OG0035119	1	0	1	2
OG0035120	1	0	1	2
OG0035121	1	1	0	2
OG0035122	1	0	1	2
OG0035123	1	1	0	2
OG0035124	1	1	0	2
OG0035125	1	1	0	2
OG0035126	1	1	0	2
OG0035127	1	0	1	2
OG0035128	1	0	1	2
OG0035129	1	0	1	2
OG0035130	1	1	0	2
OG0035131	1	0	1	2
OG0035132	1	1	0	2
OG0035133	1	1	0	2
OG0035134	1	0	1	2
OG0035135	1	0	1	2
OG0035136	1	1	0	2
OG0035137	1	0	1	2
OG0035138	1	0	1	2
OG0035139	1	0	1	2
OG0035140	1	1	0	2
OG0035141	1	0	1	2
OG0035142	1	1	0	2
OG0035143	1	1	0	2
OG0035144	1	0	1	2
OG0035145	1	0	1	2
OG0035146	1	0	1	2
OG0035147	1	0	1	2
OG0035148	1	1	0	2
OG0035149	1	0	1	2
OG0035150	1	0	1	2
OG0035151	1	0	1	2
OG0035152	1	0	1	2
OG0035153	1	1	0	2
OG0035154	1	1	0	2
OG0035155	1	0	1	2
OG0035156	1	0	1	2
OG0035157	1	1	0	2
OG0035158	1	0	1	2
OG0035159	1	1	0	2
OG0035160	1	0	1	2
OG0035161	1	1	0	2
OG0035162	1	1	0	2
OG0035163	1	1	0	2
OG0035164	1	1	0	2
OG0035165	1	0	1	2
OG0035166	1	1	0	2
OG0035167	1	0	1	2
OG0035168	1	1	0	2
OG0035169	1	1	0	2
OG0035170	1	1	0	2
OG0035171	1	1	0	2
OG0035172	1	0	1	2
OG0035173	1	0	1	2
OG0035174	1	1	0	2
OG0035175	1	1	0	2
OG0035176	1	0	1	2
OG0035177	1	0	1	2
OG0035178	1	0	1	2
OG0035179	1	1	0	2
OG0035180	1	1	0	2
OG0035181	1	0	1	2
OG0035182	1	0	1	2
OG0035183	1	0	1	2
OG0035184	1	0	1	2
OG0035185	1	0	1	2
OG0035186	1	1	0	2
OG0035187	1	0	1	2
OG0035188	1	0	1	2
OG0035189	1	0	1	2
OG0035190	1	0	1	2
OG0035191	1	0	1	2
OG0035192	1	0	1	2
OG0035193	1	1	0	2
OG0035194	1	1	0	2
OG0035195	1	1	0	2
OG0035196	1	0	1	2
OG0035197	1	0	1	2
OG0035198	1	0	1	2
OG0035199	1	0	1	2
OG0035200	1	1	0	2
OG0035201	1	1	0	2
OG0035202	1	0	1	2
OG0035203	1	0	1	2
OG0035204	1	0	1	2
OG0035205	1	0	1	2
OG0035206	1	1	0	2
OG0035207	1	0	1	2
OG0035208	1	0	1	2
OG0035209	1	0	1	2
OG0035210	1	0	1	2
OG0035211	1	1	0	2
OG0035212	1	0	1	2
OG0035213	1	0	1	2
OG0035214	1	1	0	2
OG0035215	1	0	1	2
OG0035216	1	0	1	2
OG0035217	1	1	0	2
OG0035218	1	1	0	2
OG0035219	1	0	1	2
OG0035220	1	0	1	2
OG0035221	1	1	0	2
OG0035222	1	1	0	2
OG0035223	1	1	0	2
OG0035224	1	1	0	2
OG0035225	1	0	1	2
OG0035226	1	1	0	2
OG0035227	1	0	1	2
OG0035228	1	1	0	2
OG0035229	1	0	1	2
OG0035230	1	1	0	2
OG0035231	1	0	1	2
OG0035232	1	1	0	2
OG0035233	1	1	0	2
OG0035234	1	0	1	2
OG0035235	1	1	0	2
OG0035236	1	1	0	2
OG0035237	1	0	1	2
OG0035238	1	1	0	2
OG0035239	1	0	1	2
OG0035240	1	0	1	2
OG0035241	1	0	1	2
OG0035242	1	1	0	2
OG0035243	1	0	1	2
OG0035244	1	0	1	2
OG0035245	1	1	0	2
OG0035246	1	0	1	2
OG0035247	1	0	1	2
OG0035248	1	0	1	2
OG0035249	1	0	1	2
OG0035250	1	1	0	2
OG0035251	1	1	0	2
OG0035252	1	0	1	2
OG0035253	1	1	0	2
OG0035254	1	0	1	2
OG0035255	1	0	1	2
OG0035256	1	0	1	2
OG0035257	1	0	1	2
OG0035258	1	1	0	2
OG0035259	1	0	1	2
OG0035260	1	1	0	2
OG0035261	1	0	1	2
OG0035262	1	1	0	2
OG0035263	1	0	1	2
OG0035264	1	0	1	2
OG0035265	1	0	1	2
OG0035266	1	0	1	2
OG0035267	1	0	1	2
OG0035268	1	0	1	2
OG0035269	1	1	0	2
OG0035270	1	0	1	2
OG0035271	1	1	0	2
OG0035272	1	0	1	2
OG0035273	1	0	1	2
OG0035274	1	1	0	2
OG0035275	1	1	0	2
OG0035276	1	1	0	2
OG0035277	1	0	1	2
OG0035278	1	0	1	2
OG0035279	1	1	0	2
OG0035280	1	0	1	2
OG0035281	1	1	0	2
OG0035282	1	0	1	2
OG0035283	1	0	1	2
OG0035284	1	1	0	2
OG0035285	1	1	0	2
OG0035286	1	0	1	2
OG0035287	1	0	1	2
OG0035288	1	0	1	2
OG0035289	1	1	0	2
OG0035290	1	1	0	2
OG0035291	1	1	0	2
OG0035292	1	1	0	2
OG0035293	1	0	1	2
OG0035294	1	0	1	2
OG0035295	1	1	0	2
OG0035296	1	1	0	2
OG0035297	1	1	0	2
OG0035298	1	1	0	2
OG0035299	1	1	0	2
OG0035300	1	0	1	2
OG0035301	1	1	0	2
OG0035302	1	0	1	2
OG0035303	1	0	1	2
OG0035304	1	0	1	2
OG0035305	1	1	0	2
OG0035306	1	0	1	2
OG0035307	1	1	0	2
OG0035308	1	0	1	2
OG0035309	1	0	1	2
OG0035310	1	0	1	2
OG0035311	1	1	0	2
OG0035312	1	0	1	2
OG0035313	1	0	1	2
OG0035314	1	0	1	2
OG0035315	1	1	0	2
OG0035316	1	0	1	2
OG0035317	1	0	1	2
OG0035318	1	1	0	2
OG0035319	1	0	1	2
OG0035320	1	1	0	2
OG0035321	1	0	1	2
OG0035322	1	1	0	2
OG0035323	1	0	1	2
OG0035324	1	0	1	2
OG0035325	1	0	1	2
OG0035326	1	0	1	2
OG0035327	1	0	1	2
OG0035328	1	0	1	2
OG0035329	1	0	1	2
OG0035330	1	1	0	2
OG0035331	1	0	1	2
OG0035332	1	1	0	2
OG0035333	1	1	0	2
OG0035334	1	0	1	2
OG0035335	1	0	1	2
OG0035336	1	0	1	2
OG0035337	1	1	0	2
OG0035338	1	1	0	2
OG0035339	1	0	1	2
OG0035340	1	1	0	2
OG0035341	1	0	1	2
OG0035342	1	1	0	2
OG0035343	1	1	0	2
OG0035344	1	1	0	2
OG0035345	1	0	1	2
OG0035346	1	0	1	2
OG0035347	1	0	1	2
OG0035348	1	1	0	2
OG0035349	1	1	0	2
OG0035350	1	0	1	2
OG0035351	1	1	0	2
OG0035352	1	0	1	2
OG0035353	1	0	1	2
OG0035354	1	0	1	2
OG0035355	1	0	1	2
OG0035356	1	1	0	2
OG0035357	1	1	0	2
OG0035358	1	0	1	2
OG0035359	1	1	0	2
OG0035360	1	1	0	2
OG0035361	1	1	0	2
OG0035362	1	0	1	2
OG0035363	1	0	1	2
OG0035364	1	0	1	2
OG0035365	1	1	0	2
OG0035366	1	1	0	2
OG0035367	1	1	0	2
OG0035368	1	0	1	2
OG0035369	1	0	1	2
OG0035370	1	0	1	2
OG0035371	1	1	0	2
OG0035372	1	1	0	2
OG0035373	1	1	0	2
OG0035374	1	0	1	2
OG0035375	1	0	1	2
OG0035376	1	0	1	2
OG0035377	1	0	1	2
OG0035378	1	1	0	2
OG0035379	1	0	1	2
OG0035380	1	0	1	2
OG0035381	1	0	1	2
OG0035382	1	1	0	2
OG0035383	1	0	1	2
OG0035384	1	0	1	2
OG0035385	1	1	0	2
OG0035386	1	1	0	2
OG0035387	1	0	1	2
OG0035388	1	0	1	2
OG0035389	1	0	1	2
OG0035390	1	0	1	2
OG0035391	1	0	1	2
OG0035392	1	0	1	2
OG0035393	1	0	1	2
OG0035394	1	0	1	2
OG0035395	1	0	1	2
OG0035396	1	0	1	2
OG0035397	1	0	1	2
OG0035398	1	0	1	2
OG0035399	1	0	1	2
OG0035400	1	0	1	2
OG0035401	1	1	0	2
OG0035402	1	1	0	2
OG0035403	1	1	0	2
OG0035404	1	0	1	2
OG0035405	1	0	1	2
OG0035406	1	0	1	2
OG0035407	1	0	1	2
OG0035408	1	0	1	2
OG0035409	1	0	1	2
OG0035410	1	1	0	2
OG0035411	1	0	1	2
OG0035412	1	0	1	2
OG0035413	1	1	0	2
OG0035414	1	0	1	2
OG0035415	1	0	1	2
OG0035416	1	1	0	2
OG0035417	1	0	1	2
OG0035418	1	1	0	2
OG0035419	1	0	1	2
OG0035420	1	0	1	2
OG0035421	1	0	1	2
OG0035422	1	1	0	2
OG0035423	1	1	0	2
OG0035424	1	1	0	2
OG0035425	1	1	0	2
OG0035426	1	1	0	2
OG0035427	1	0	1	2
OG0035428	1	1	0	2
OG0035429	1	1	0	2
OG0035430	1	1	0	2
OG0035431	1	0	1	2
OG0035432	1	0	1	2
OG0035433	1	1	0	2
OG0035434	1	0	1	2
OG0035435	1	0	1	2
OG0035436	1	0	1	2
OG0035437	1	1	0	2
OG0035438	1	1	0	2
OG0035439	1	1	0	2
OG0035440	1	0	1	2
OG0035441	1	0	1	2
OG0035442	1	1	0	2
OG0035443	1	1	0	2
OG0035444	1	1	0	2
OG0035445	1	0	1	2
OG0035446	1	1	0	2
OG0035447	1	0	1	2
OG0035448	1	1	0	2
OG0035449	1	0	1	2
OG0035450	1	0	1	2
OG0035451	1	0	1	2
OG0035452	1	0	1	2
OG0035453	1	1	0	2
OG0035454	1	1	0	2
OG0035455	1	0	1	2
OG0035456	1	0	1	2
OG0035457	1	1	0	2
OG0035458	1	1	0	2
OG0035459	1	0	1	2
OG0035460	1	0	1	2
OG0035461	1	0	1	2
OG0035462	1	1	0	2
OG0035463	1	0	1	2
OG0035464	1	0	1	2
OG0035465	1	0	1	2
OG0035466	1	0	1	2
OG0035467	1	0	1	2
OG0035468	1	1	0	2
OG0035469	1	0	1	2
OG0035470	1	0	1	2
OG0035471	1	0	1	2
OG0035472	1	0	1	2
OG0035473	1	1	0	2
OG0035474	1	1	0	2
OG0035475	1	0	1	2
OG0035476	1	0	1	2
OG0035477	1	0	1	2
OG0035478	1	0	1	2
OG0035479	1	1	0	2
OG0035480	1	1	0	2
OG0035481	1	0	1	2
OG0035482	1	1	0	2
OG0035483	1	0	1	2
OG0035484	1	1	0	2
OG0035485	1	1	0	2
OG0035486	1	1	0	2
OG0035487	1	0	1	2
OG0035488	1	0	1	2
OG0035489	1	0	1	2
OG0035490	1	0	1	2
OG0035491	1	0	1	2
OG0035492	1	0	1	2
OG0035493	1	1	0	2
OG0035494	1	1	0	2
OG0035495	1	0	1	2
OG0035496	1	1	0	2
OG0035497	1	0	1	2
OG0035498	1	1	0	2
OG0035499	1	1	0	2
OG0035500	1	0	1	2
OG0035501	1	0	1	2
OG0035502	1	1	0	2
OG0035503	1	0	1	2
OG0035504	1	1	0	2
OG0035505	1	1	0	2
OG0035506	1	0	1	2
OG0035507	1	1	0	2
OG0035508	1	0	1	2
OG0035509	1	1	0	2
OG0035510	1	0	1	2
OG0035511	1	1	0	2
OG0035512	1	1	0	2
OG0035513	1	1	0	2
OG0035514	1	0	1	2
OG0035515	1	0	1	2
OG0035516	1	1	0	2
OG0035517	1	1	0	2
OG0035518	1	1	0	2
OG0035519	1	1	0	2
OG0035520	1	0	1	2
OG0035521	1	1	0	2
OG0035522	1	0	1	2
OG0035523	1	1	0	2
OG0035524	1	0	1	2
OG0035525	1	0	1	2
OG0035526	1	1	0	2
OG0035527	1	1	0	2
OG0035528	1	0	1	2
OG0035529	1	1	0	2
OG0035530	1	0	1	2
OG0035531	1	0	1	2
OG0035532	1	1	0	2
OG0035533	1	0	1	2
OG0035534	1	0	1	2
OG0035535	1	0	1	2
OG0035536	1	0	1	2
OG0035537	1	1	0	2
OG0035538	1	0	1	2
OG0035539	1	0	1	2
OG0035540	1	0	1	2
OG0035541	1	1	0	2
OG0035542	1	0	1	2
OG0035543	1	1	0	2
OG0035544	1	0	1	2
OG0035545	1	1	0	2
OG0035546	1	0	1	2
OG0035547	1	0	1	2
OG0035548	1	1	0	2
OG0035549	1	0	1	2
OG0035550	1	0	1	2
OG0035551	1	1	0	2
OG0035552	1	1	0	2
OG0035553	1	0	1	2
OG0035554	1	0	1	2
OG0035555	1	0	1	2
OG0035556	1	1	0	2
OG0035557	1	1	0	2
OG0035558	1	0	1	2
OG0035559	1	0	1	2
OG0035560	1	1	0	2
OG0035561	1	0	1	2
OG0035562	1	0	1	2
OG0035563	1	0	1	2
OG0035564	1	0	1	2
OG0035565	1	0	1	2
OG0035566	1	0	1	2
OG0035567	1	0	1	2
OG0035568	1	0	1	2
OG0035569	1	1	0	2
OG0035570	1	1	0	2
OG0035571	1	0	1	2
OG0035572	1	1	0	2
OG0035573	1	1	0	2
OG0035574	1	0	1	2
OG0035575	1	0	1	2
OG0035576	1	0	1	2
OG0035577	1	1	0	2
OG0035578	1	1	0	2
OG0035579	1	0	1	2
OG0035580	1	0	1	2
OG0035581	1	0	1	2
OG0035582	1	0	1	2
OG0035583	1	1	0	2
OG0035584	1	1	0	2
OG0035585	1	1	0	2
OG0035586	1	0	1	2
OG0035587	1	0	1	2
OG0035588	1	0	1	2
OG0035589	1	1	0	2
OG0035590	1	0	1	2
OG0035591	1	0	1	2
OG0035592	1	0	1	2
OG0035593	1	0	1	2
OG0035594	1	1	0	2
OG0035595	1	0	1	2
OG0035596	1	0	1	2
OG0035597	1	0	1	2
OG0035598	1	0	1	2
OG0035599	1	1	0	2
OG0035600	1	0	1	2
OG0035601	1	0	1	2
OG0035602	1	0	1	2
OG0035603	1	1	0	2
OG0035604	1	0	1	2
OG0035605	1	1	0	2
OG0035606	1	0	1	2
OG0035607	1	0	1	2
OG0035608	1	1	0	2
OG0035609	1	0	1	2
OG0035610	1	0	1	2
OG0035611	1	0	1	2
OG0035612	1	1	0	2
OG0035613	1	0	1	2
OG0035614	1	1	0	2
OG0035615	1	1	0	2
OG0035616	1	1	0	2
OG0035617	1	1	0	2
OG0035618	1	0	1	2
OG0035619	1	0	1	2
OG0035620	1	0	1	2
OG0035621	1	0	1	2
OG0035622	1	1	0	2
OG0035623	1	0	1	2
OG0035624	1	0	1	2
OG0035625	1	1	0	2
OG0035626	1	0	1	2
OG0035627	1	1	0	2
OG0035628	1	1	0	2
OG0035629	1	1	0	2
OG0035630	1	0	1	2
OG0035631	1	0	1	2
OG0035632	1	0	1	2
OG0035633	1	1	0	2
OG0035634	1	1	0	2
OG0035635	1	0	1	2
OG0035636	1	1	0	2
OG0035637	1	0	1	2
OG0035638	1	0	1	2
OG0035639	1	0	1	2
OG0035640	1	1	0	2
OG0035641	1	1	0	2
OG0035642	0	1	1	2
OG0035643	0	1	1	2
OG0035644	0	1	1	2
OG0035645	0	1	1	2
OG0035646	0	1	1	2
OG0035647	0	1	1	2
OG0035648	0	1	1	2
OG0035649	0	1	1	2
OG0035650	0	1	1	2
OG0035651	0	1	1	2
OG0035652	0	1	1	2
OG0035653	0	1	1	2
OG0035654	0	1	1	2
OG0035655	0	1	1	2
OG0035656	0	1	1	2
OG0035657	0	1	1	2
OG0035658	0	1	1	2
OG0035659	0	1	1	2
OG0035660	0	1	1	2
OG0035661	0	1	1	2
OG0035662	0	1	1	2
OG0035663	0	1	1	2
OG0035664	0	1	1	2
OG0035665	0	1	1	2
OG0035666	0	1	1	2
OG0035667	0	1	1	2
OG0035668	0	1	1	2
OG0035669	0	1	1	2
OG0035670	0	1	1	2
OG0035671	0	1	1	2
OG0035672	0	1	1	2
OG0035673	0	1	1	2
OG0035674	0	1	1	2
OG0035675	0	1	1	2
OG0035676	0	1	1	2
OG0035677	0	1	1	2
OG0035678	0	1	1	2
OG0035679	0	1	1	2
OG0035680	0	1	1	2
OG0035681	0	1	1	2
OG0035682	0	1	1	2
OG0035683	0	1	1	2
OG0035684	0	1	1	2
OG0035685	0	1	1	2
OG0035686	0	1	1	2
OG0035687	0	1	1	2
OG0035688	0	1	1	2
OG0035689	0	1	1	2
OG0035690	0	1	1	2
OG0035691	0	1	1	2
OG0035692	0	1	1	2
OG0035693	0	1	1	2
OG0035694	0	1	1	2
OG0035695	0	1	1	2
OG0035696	0	1	1	2
OG0035697	0	1	1	2
OG0035698	0	1	1	2
OG0035699	0	1	1	2
OG0035700	0	1	1	2
OG0035701	0	1	1	2
OG0035702	0	1	1	2
OG0035703	0	1	1	2
OG0035704	0	1	1	2
OG0035705	0	1	1	2
OG0035706	0	1	1	2
OG0035707	0	1	1	2
OG0035708	0	1	1	2
OG0035709	0	1	1	2
OG0035710	0	1	1	2
OG0035711	0	1	1	2
OG0035712	0	1	1	2
OG0035713	0	1	1	2
OG0035714	0	1	1	2
OG0035715	0	1	1	2
OG0035716	0	1	1	2
OG0035717	0	1	1	2
OG0035718	0	1	1	2
OG0035719	0	1	1	2
OG0035720	0	1	1	2
OG0035721	0	1	1	2
OG0035722	0	1	1	2
OG0035723	0	1	1	2
OG0035724	0	1	1	2
OG0035725	0	1	1	2
OG0035726	0	1	1	2
OG0035727	0	1	1	2
OG0035728	0	1	1	2
OG0035729	0	1	1	2
OG0035730	0	1	1	2
OG0035731	0	1	1	2
OG0035732	0	1	1	2
OG0035733	0	1	1	2
OG0035734	0	1	1	2
OG0035735	0	1	1	2
OG0035736	0	1	1	2
OG0035737	0	1	1	2
OG0035738	0	1	1	2
OG0035739	0	1	1	2
OG0035740	0	1	1	2
OG0035741	0	1	1	2
OG0035742	0	1	1	2
OG0035743	0	1	1	2
OG0035744	0	1	1	2
OG0035745	0	1	1	2
OG0035746	0	1	1	2
OG0035747	0	1	1	2
OG0035748	0	1	1	2
OG0035749	0	1	1	2
OG0035750	0	1	1	2
OG0035751	0	1	1	2
OG0035752	0	1	1	2
OG0035753	0	1	1	2
OG0035754	0	1	1	2
OG0035755	0	1	1	2
OG0035756	0	1	1	2
OG0035757	0	1	1	2
OG0035758	0	1	1	2
OG0035759	0	1	1	2
OG0035760	0	1	1	2
OG0035761	0	1	1	2
OG0035762	0	1	1	2
OG0035763	0	1	1	2
OG0035764	0	1	1	2
OG0035765	0	1	1	2
OG0035766	0	1	1	2
OG0035767	0	1	1	2
OG0035768	0	1	1	2
OG0035769	0	1	1	2
OG0035770	0	1	1	2
OG0035771	0	1	1	2
OG0035772	0	1	1	2
OG0035773	0	1	1	2
OG0035774	0	1	1	2
OG0035775	0	1	1	2
OG0035776	0	1	1	2
OG0035777	0	1	1	2
OG0035778	0	1	1	2
OG0035779	0	1	1	2
OG0035780	0	1	1	2
OG0035781	0	1	1	2
OG0035782	0	1	1	2
OG0035783	0	1	1	2
OG0035784	0	1	1	2
OG0035785	0	1	1	2
OG0035786	0	1	1	2
OG0035787	0	1	1	2
OG0035788	0	1	1	2
OG0035789	0	1	1	2
OG0035790	0	1	1	2
OG0035791	0	1	1	2
OG0035792	0	1	1	2
OG0035793	0	1	1	2
OG0035794	0	1	1	2
OG0035795	0	1	1	2
OG0035796	0	1	1	2
OG0035797	0	1	1	2
OG0035798	0	1	1	2
OG0035799	0	1	1	2
OG0035800	0	1	1	2
OG0035801	0	1	1	2
OG0035802	0	1	1	2
OG0035803	0	1	1	2
OG0035804	0	1	1	2
OG0035805	0	1	1	2
OG0035806	0	1	1	2
OG0035807	0	1	1	2
OG0035808	0	1	1	2
OG0035809	0	1	1	2
OG0035810	0	1	1	2
OG0035811	0	1	1	2
OG0035812	0	1	1	2
OG0035813	0	1	1	2
OG0035814	0	1	1	2
OG0035815	0	1	1	2
OG0035816	0	1	1	2
OG0035817	0	1	1	2
OG0035818	0	1	1	2
OG0035819	0	1	1	2
OG0035820	0	1	1	2
OG0035821	0	1	1	2
OG0035822	0	1	1	2
OG0035823	0	1	1	2
OG0035824	0	1	1	2
OG0035825	0	1	1	2
OG0035826	0	1	1	2
OG0035827	0	1	1	2
OG0035828	0	1	1	2
OG0035829	0	1	1	2
OG0035830	0	1	1	2
OG0035831	0	1	1	2
OG0035832	0	1	1	2
OG0035833	0	1	1	2
OG0035834	0	1	1	2
OG0035835	0	1	1	2
OG0035836	0	1	1	2
OG0035837	0	1	1	2
OG0035838	0	1	1	2
OG0035839	0	1	1	2
OG0035840	0	1	1	2
OG0035841	0	1	1	2
OG0035842	0	1	1	2
OG0035843	0	1	1	2
OG0035844	0	1	1	2
OG0035845	0	1	1	2
OG0035846	0	1	1	2
OG0035847	0	1	1	2
OG0035848	0	1	1	2
OG0035849	0	1	1	2
OG0035850	0	1	1	2
OG0035851	0	1	1	2
OG0035852	0	1	1	2
OG0035853	0	1	1	2
OG0035854	0	1	1	2
OG0035855	0	1	1	2
OG0035856	0	1	1	2
OG0035857	0	1	1	2
OG0035858	0	1	1	2
OG0035859	0	1	1	2
OG0035860	0	1	1	2
OG0035861	0	1	1	2
OG0035862	0	1	1	2
OG0035863	0	1	1	2
OG0035864	0	1	1	2
OG0035865	0	1	1	2
OG0035866	0	1	1	2
OG0035867	0	1	1	2
OG0035868	0	1	1	2
OG0035869	0	1	1	2
OG0035870	0	1	1	2
OG0035871	0	1	1	2
OG0035872	0	1	1	2
OG0035873	0	1	1	2
OG0035874	0	1	1	2
OG0035875	0	1	1	2
OG0035876	0	1	1	2
OG0035877	0	1	1	2
OG0035878	0	1	1	2
OG0035879	0	1	1	2
OG0035880	0	1	1	2
OG0035881	0	1	1	2
OG0035882	0	1	1	2
OG0035883	0	1	1	2
OG0035884	0	1	1	2
OG0035885	0	1	1	2
OG0035886	0	1	1	2
OG0035887	0	1	1	2
OG0035888	0	1	1	2
OG0035889	0	1	1	2
OG0035890	0	1	1	2
OG0035891	0	1	1	2
OG0035892	0	1	1	2
OG0035893	0	1	1	2
OG0035894	0	1	1	2
OG0035895	0	1	1	2
OG0035896	0	1	1	2
OG0035897	0	1	1	2
OG0035898	0	1	1	2
OG0035899	0	1	1	2
OG0035900	0	1	1	2
OG0035901	0	1	1	2
OG0035902	0	1	1	2
OG0035903	0	1	1	2
OG0035904	0	1	1	2
OG0035905	0	1	1	2
OG0035906	0	1	1	2
OG0035907	0	1	1	2
OG0035908	0	1	1	2
OG0035909	0	1	1	2
OG0035910	0	1	1	2
OG0035911	0	1	1	2
OG0035912	0	1	1	2
OG0035913	0	1	1	2
OG0035914	0	1	1	2
OG0035915	0	1	1	2
OG0035916	0	1	1	2
OG0035917	0	1	1	2
OG0035918	0	1	1	2
OG0035919	0	1	1	2
OG0035920	0	1	1	2
OG0035921	0	1	1	2
OG0035922	0	1	1	2
OG0035923	0	1	1	2
OG0035924	0	1	1	2
OG0035925	0	1	1	2
OG0035926	0	1	1	2
OG0035927	0	1	1	2
OG0035928	0	1	1	2
OG0035929	0	1	1	2
OG0035930	0	1	1	2
OG0035931	0	1	1	2
OG0035932	0	1	1	2
OG0035933	0	1	1	2
OG0035934	0	1	1	2
OG0035935	0	1	1	2
OG0035936	0	1	1	2
OG0035937	0	1	1	2
OG0035938	0	1	1	2
OG0035939	0	1	1	2
OG0035940	0	1	1	2
OG0035941	0	1	1	2
OG0035942	0	1	1	2
OG0035943	0	1	1	2
OG0035944	0	1	1	2
OG0035945	0	1	1	2
OG0035946	0	1	1	2
OG0035947	0	1	1	2
OG0035948	0	1	1	2
OG0035949	0	1	1	2
OG0035950	0	1	1	2
OG0035951	0	1	1	2
OG0035952	0	1	1	2
OG0035953	0	1	1	2
OG0035954	0	1	1	2
OG0035955	0	1	1	2
OG0035956	0	1	1	2
OG0035957	0	1	1	2
OG0035958	0	1	1	2
OG0035959	0	1	1	2
OG0035960	0	1	1	2
OG0035961	0	1	1	2
OG0035962	0	1	1	2
OG0035963	0	1	1	2
OG0035964	0	1	1	2
OG0035965	0	1	1	2
OG0035966	0	1	1	2
OG0035967	0	1	1	2
OG0035968	0	1	1	2
OG0035969	0	1	1	2
OG0035970	0	1	1	2
OG0035971	0	1	1	2
OG0035972	0	1	1	2
OG0035973	0	1	1	2
OG0035974	0	1	1	2
OG0035975	0	1	1	2
OG0035976	0	1	1	2
OG0035977	0	1	1	2
OG0035978	0	1	1	2
OG0035979	0	1	1	2
OG0035980	0	1	1	2
OG0035981	0	1	1	2
OG0035982	0	1	1	2
OG0035983	0	1	1	2
OG0035984	0	1	1	2
OG0035985	0	1	1	2
OG0035986	0	1	1	2
OG0035987	0	1	1	2
OG0035988	0	1	1	2
OG0035989	0	1	1	2
OG0035990	0	1	1	2
OG0035991	0	1	1	2
OG0035992	0	1	1	2
OG0035993	0	1	1	2
OG0035994	0	1	1	2
OG0035995	0	1	1	2
OG0035996	0	1	1	2
OG0035997	0	1	1	2
OG0035998	0	1	1	2
OG0035999	0	1	1	2
OG0036000	0	1	1	2
OG0036001	0	1	1	2
OG0036002	0	1	1	2
OG0036003	0	1	1	2
OG0036004	0	1	1	2
OG0036005	0	1	1	2
OG0036006	0	1	1	2
OG0036007	0	1	1	2
OG0036008	0	1	1	2
OG0036009	0	1	1	2
OG0036010	0	1	1	2
OG0036011	0	1	1	2
OG0036012	0	1	1	2
OG0036013	0	1	1	2
OG0036014	0	1	1	2
OG0036015	0	1	1	2
OG0036016	0	1	1	2
OG0036017	0	1	1	2
OG0036018	0	1	1	2
OG0036019	0	1	1	2
OG0036020	0	1	1	2
OG0036021	0	1	1	2
OG0036022	0	1	1	2
OG0036023	0	1	1	2
OG0036024	0	1	1	2
OG0036025	0	1	1	2
OG0036026	0	1	1	2
OG0036027	0	1	1	2
OG0036028	0	1	1	2
OG0036029	0	1	1	2
OG0036030	0	1	1	2
OG0036031	0	1	1	2
OG0036032	0	1	1	2
OG0036033	0	1	1	2
OG0036034	0	1	1	2
OG0036035	0	1	1	2
OG0036036	0	1	1	2
OG0036037	0	1	1	2
OG0036038	0	1	1	2
OG0036039	0	1	1	2
OG0036040	0	1	1	2
OG0036041	0	1	1	2
OG0036042	0	1	1	2
OG0036043	0	1	1	2
OG0036044	0	1	1	2
OG0036045	0	1	1	2
OG0036046	0	1	1	2
OG0036047	0	1	1	2
OG0036048	0	1	1	2
OG0036049	0	1	1	2
OG0036050	0	1	1	2
OG0036051	0	1	1	2
OG0036052	0	1	1	2
OG0036053	0	1	1	2
OG0036054	0	1	1	2
OG0036055	0	1	1	2
OG0036056	0	1	1	2
OG0036057	0	1	1	2
OG0036058	0	1	1	2
OG0036059	0	1	1	2
OG0036060	0	1	1	2
OG0036061	0	1	1	2
OG0036062	0	1	1	2
OG0036063	0	1	1	2
OG0036064	0	1	1	2
OG0036065	0	1	1	2
OG0036066	0	1	1	2
OG0036067	0	1	1	2
OG0036068	0	1	1	2
OG0036069	0	1	1	2
OG0036070	0	1	1	2
OG0036071	0	1	1	2
OG0036072	0	1	1	2
OG0036073	0	1	1	2
OG0036074	0	1	1	2
OG0036075	0	1	1	2
OG0036076	0	1	1	2
OG0036077	0	1	1	2
OG0036078	0	1	1	2
OG0036079	0	1	1	2
OG0036080	0	1	1	2
OG0036081	0	1	1	2
OG0036082	0	1	1	2
OG0036083	0	1	1	2
OG0036084	0	1	1	2
OG0036085	0	1	1	2
OG0036086	0	1	1	2
OG0036087	0	1	1	2
OG0036088	0	1	1	2
OG0036089	0	1	1	2
OG0036090	0	1	1	2
OG0036091	0	1	1	2
OG0036092	0	1	1	2
OG0036093	0	1	1	2
OG0036094	0	1	1	2
OG0036095	0	1	1	2
OG0036096	0	1	1	2
OG0036097	0	1	1	2
OG0036098	0	1	1	2
OG0036099	0	1	1	2
OG0036100	0	1	1	2
OG0036101	0	1	1	2
OG0036102	0	1	1	2
OG0036103	0	1	1	2
OG0036104	0	1	1	2
OG0036105	0	1	1	2
OG0036106	0	1	1	2
OG0036107	0	1	1	2
OG0036108	0	1	1	2
OG0036109	0	1	1	2
OG0036110	0	1	1	2
OG0036111	0	1	1	2
OG0036112	0	1	1	2
OG0036113	0	1	1	2
OG0036114	0	1	1	2
OG0036115	0	1	1	2
OG0036116	0	1	1	2
OG0036117	0	1	1	2
OG0036118	0	1	1	2
OG0036119	0	1	1	2
OG0036120	0	1	1	2
OG0036121	0	1	1	2
OG0036122	0	1	1	2
OG0036123	0	1	1	2
OG0036124	0	1	1	2
OG0036125	0	1	1	2
OG0036126	0	1	1	2
OG0036127	0	1	1	2
OG0036128	0	1	1	2
OG0036129	0	1	1	2
OG0036130	0	1	1	2
OG0036131	0	1	1	2
OG0036132	0	1	1	2
OG0036133	0	1	1	2
OG0036134	0	1	1	2
OG0036135	0	1	1	2
OG0036136	0	1	1	2
OG0036137	0	1	1	2
OG0036138	0	1	1	2
OG0036139	0	1	1	2
OG0036140	0	1	1	2
OG0036141	0	1	1	2
OG0036142	0	1	1	2
OG0036143	0	1	1	2
OG0036144	0	1	1	2
OG0036145	0	1	1	2
OG0036146	0	1	1	2
OG0036147	0	1	1	2
OG0036148	0	1	1	2
OG0036149	0	1	1	2
OG0036150	0	1	1	2
OG0036151	0	1	1	2
OG0036152	0	1	1	2
OG0036153	0	1	1	2
OG0036154	0	1	1	2
OG0036155	0	1	1	2
OG0036156	0	1	1	2
OG0036157	0	1	1	2
OG0036158	0	1	1	2
OG0036159	0	1	1	2
OG0036160	0	1	1	2
OG0036161	0	1	1	2
OG0036162	0	1	1	2
OG0036163	0	1	1	2
OG0036164	0	1	1	2
OG0036165	0	1	1	2
OG0036166	0	1	1	2
OG0036167	0	1	1	2
OG0036168	0	1	1	2
OG0036169	0	1	1	2
OG0036170	0	1	1	2
OG0036171	0	1	1	2
OG0036172	0	1	1	2
OG0036173	0	1	1	2
OG0036174	0	1	1	2
OG0036175	0	1	1	2
OG0036176	0	1	1	2
OG0036177	0	1	1	2
OG0036178	0	1	1	2
OG0036179	0	1	1	2
OG0036180	0	1	1	2
OG0036181	0	1	1	2
OG0036182	0	1	1	2
OG0036183	0	1	1	2
OG0036184	0	1	1	2
OG0036185	0	1	1	2
OG0036186	0	1	1	2
OG0036187	0	1	1	2
OG0036188	0	1	1	2
OG0036189	0	1	1	2
OG0036190	0	1	1	2
OG0036191	0	1	1	2
OG0036192	0	2	0	2
OG0036193	0	1	1	2
OG0036194	0	1	1	2
OG0036195	0	1	1	2
OG0036196	0	1	1	2
OG0036197	0	1	1	2
OG0036198	0	1	1	2
OG0036199	0	1	1	2
OG0036200	0	1	1	2
OG0036201	0	1	1	2
OG0036202	0	1	1	2
OG0036203	0	1	1	2
OG0036204	0	1	1	2
OG0036205	0	1	1	2
OG0036206	0	1	1	2
OG0036207	0	1	1	2
OG0036208	0	1	1	2
OG0036209	0	1	1	2
OG0036210	0	1	1	2
OG0036211	0	1	1	2
OG0036212	0	1	1	2
OG0036213	0	1	1	2
OG0036214	0	1	1	2
OG0036215	0	1	1	2
OG0036216	0	1	1	2
OG0036217	0	1	1	2
OG0036218	0	1	1	2
OG0036219	0	1	1	2
OG0036220	0	1	1	2
OG0036221	0	1	1	2
OG0036222	0	1	1	2
OG0036223	0	1	1	2
OG0036224	0	1	1	2
OG0036225	0	1	1	2
OG0036226	0	2	0	2
OG0036227	0	1	1	2
OG0036228	0	1	1	2
OG0036229	0	1	1	2
OG0036230	0	1	1	2
OG0036231	0	1	1	2
OG0036232	0	1	1	2
OG0036233	0	1	1	2
OG0036234	0	1	1	2
OG0036235	0	1	1	2
OG0036236	0	1	1	2
OG0036237	0	1	1	2
OG0036238	0	1	1	2
OG0036239	0	1	1	2
OG0036240	0	1	1	2
OG0036241	0	1	1	2
OG0036242	0	1	1	2
OG0036243	0	1	1	2
OG0036244	0	1	1	2
OG0036245	0	1	1	2
OG0036246	0	1	1	2
OG0036247	0	1	1	2
OG0036248	0	1	1	2
OG0036249	0	1	1	2
OG0036250	0	1	1	2
OG0036251	0	1	1	2
OG0036252	0	1	1	2
OG0036253	0	1	1	2
OG0036254	0	1	1	2
OG0036255	0	1	1	2
OG0036256	0	1	1	2
OG0036257	0	1	1	2
OG0036258	0	1	1	2
OG0036259	0	1	1	2
OG0036260	0	1	1	2
OG0036261	0	1	1	2
OG0036262	0	1	1	2
OG0036263	0	1	1	2
OG0036264	0	1	1	2
OG0036265	0	1	1	2
OG0036266	0	1	1	2
OG0036267	0	1	1	2
OG0036268	0	1	1	2
OG0036269	0	1	1	2
OG0036270	0	1	1	2
OG0036271	0	1	1	2
OG0036272	0	1	1	2
OG0036273	0	1	1	2
OG0036274	0	1	1	2
OG0036275	0	1	1	2
OG0036276	0	1	1	2
OG0036277	0	1	1	2
OG0036278	0	1	1	2
OG0036279	0	1	1	2
OG0036280	0	1	1	2
OG0036281	0	1	1	2
OG0036282	0	1	1	2
OG0036283	0	1	1	2
OG0036284	0	1	1	2
OG0036285	0	1	1	2
OG0036286	0	1	1	2
OG0036287	0	1	1	2
OG0036288	0	1	1	2
OG0036289	0	1	1	2
OG0036290	0	1	1	2
OG0036291	0	1	1	2
OG0036292	0	1	1	2
OG0036293	0	1	1	2
OG0036294	0	1	1	2
OG0036295	0	1	1	2
OG0036296	0	1	1	2
OG0036297	0	1	1	2
OG0036298	0	1	1	2
OG0036299	0	1	1	2
OG0036300	0	1	1	2
OG0036301	0	1	1	2
OG0036302	0	1	1	2
OG0036303	0	1	1	2
OG0036304	0	1	1	2
OG0036305	0	1	1	2
OG0036306	0	1	1	2
OG0036307	0	1	1	2
OG0036308	0	1	1	2
OG0036309	0	1	1	2
OG0036310	0	1	1	2
OG0036311	0	1	1	2
OG0036312	0	1	1	2
OG0036313	0	1	1	2
OG0036314	0	1	1	2
OG0036315	0	1	1	2
OG0036316	0	1	1	2
OG0036317	0	1	1	2
OG0036318	0	1	1	2
OG0036319	0	1	1	2
OG0036320	0	1	1	2
OG0036321	0	1	1	2
OG0036322	0	1	1	2
OG0036323	0	1	1	2
OG0036324	0	1	1	2
OG0036325	0	1	1	2
OG0036326	0	1	1	2
OG0036327	0	1	1	2
OG0036328	0	1	1	2
OG0036329	0	1	1	2
OG0036330	0	1	1	2
OG0036331	0	1	1	2
OG0036332	0	1	1	2
OG0036333	0	1	1	2
OG0036334	0	1	1	2
OG0036335	0	1	1	2
OG0036336	0	1	1	2
OG0036337	0	1	1	2
OG0036338	0	1	1	2
OG0036339	0	1	1	2
OG0036340	0	1	1	2
OG0036341	0	1	1	2
OG0036342	0	1	1	2
OG0036343	0	1	1	2
OG0036344	0	1	1	2
OG0036345	0	1	1	2
OG0036346	0	1	1	2
OG0036347	0	1	1	2
OG0036348	0	1	1	2
OG0036349	0	1	1	2
OG0036350	0	1	1	2
OG0036351	0	1	1	2
OG0036352	0	1	1	2
OG0036353	0	1	1	2
OG0036354	0	1	1	2
OG0036355	0	1	1	2
OG0036356	0	1	1	2
OG0036357	0	1	1	2
OG0036358	0	1	1	2
OG0036359	0	1	1	2
OG0036360	0	1	1	2
OG0036361	0	1	1	2
OG0036362	0	1	1	2
OG0036363	0	1	1	2
OG0036364	0	1	1	2
OG0036365	0	1	1	2
OG0036366	0	1	1	2
OG0036367	0	1	1	2
OG0036368	0	1	1	2
OG0036369	0	1	1	2
OG0036370	0	1	1	2
OG0036371	0	1	1	2
OG0036372	0	1	1	2
OG0036373	0	1	1	2
OG0036374	0	1	1	2
OG0036375	0	1	1	2
OG0036376	0	1	1	2
OG0036377	0	1	1	2
OG0036378	0	1	1	2
OG0036379	0	1	1	2
OG0036380	0	1	1	2
OG0036381	0	1	1	2
OG0036382	0	1	1	2
OG0036383	0	1	1	2
OG0036384	0	1	1	2
OG0036385	0	1	1	2
OG0036386	0	1	1	2
OG0036387	0	1	1	2
OG0036388	0	1	1	2
OG0036389	0	1	1	2
OG0036390	0	1	1	2
OG0036391	0	1	1	2
OG0036392	0	1	1	2
OG0036393	0	1	1	2
OG0036394	0	1	1	2
OG0036395	0	1	1	2
OG0036396	0	1	1	2
OG0036397	0	1	1	2
OG0036398	0	1	1	2
OG0036399	0	1	1	2
OG0036400	0	1	1	2
OG0036401	0	1	1	2
OG0036402	0	1	1	2
OG0036403	0	1	1	2
OG0036404	0	1	1	2
OG0036405	0	1	1	2
OG0036406	0	1	1	2
OG0036407	0	1	1	2
OG0036408	0	1	1	2
OG0036409	0	1	1	2
OG0036410	0	1	1	2
OG0036411	0	1	1	2
OG0036412	0	1	1	2
OG0036413	0	1	1	2
OG0036414	0	1	1	2
OG0036415	0	1	1	2
OG0036416	0	1	1	2
OG0036417	0	1	1	2
OG0036418	0	1	1	2
OG0036419	0	1	1	2
OG0036420	0	1	1	2
OG0036421	0	1	1	2
OG0036422	0	1	1	2
OG0036423	0	1	1	2
OG0036424	0	1	1	2
OG0036425	0	1	1	2
OG0036426	0	1	1	2
OG0036427	0	1	1	2
OG0036428	0	1	1	2
OG0036429	0	1	1	2
OG0036430	0	1	1	2
OG0036431	0	1	1	2
OG0036432	0	1	1	2
OG0036433	0	1	1	2
OG0036434	0	1	1	2
OG0036435	0	1	1	2
OG0036436	0	1	1	2
OG0036437	0	1	1	2
OG0036438	0	1	1	2
OG0036439	0	1	1	2
OG0036440	0	1	1	2
OG0036441	0	1	1	2
OG0036442	0	1	1	2
OG0036443	0	1	1	2
OG0036444	0	1	1	2
OG0036445	0	1	1	2
OG0036446	0	1	1	2
OG0036447	0	1	1	2
OG0036448	0	1	1	2
OG0036449	0	1	1	2
OG0036450	0	1	1	2
OG0036451	0	1	1	2
OG0036452	0	1	1	2
OG0036453	0	1	1	2
OG0036454	0	1	1	2
OG0036455	0	1	1	2
OG0036456	0	1	1	2
OG0036457	0	1	1	2
OG0036458	0	1	1	2
OG0036459	0	1	1	2
OG0036460	0	1	1	2
OG0036461	0	1	1	2
OG0036462	0	1	1	2
OG0036463	0	1	1	2
OG0036464	0	1	1	2
OG0036465	0	1	1	2
OG0036466	0	1	1	2
OG0036467	0	1	1	2
OG0036468	0	1	1	2
OG0036469	0	1	1	2
OG0036470	0	1	1	2
OG0036471	0	1	1	2
OG0036472	0	1	1	2
OG0036473	0	1	1	2
OG0036474	0	1	1	2
OG0036475	0	1	1	2
OG0036476	0	1	1	2
OG0036477	0	1	1	2
OG0036478	0	1	1	2
OG0036479	0	1	1	2
OG0036480	0	1	1	2
OG0036481	0	1	1	2
OG0036482	0	1	1	2
OG0036483	0	1	1	2
OG0036484	0	1	1	2
OG0036485	0	1	1	2
OG0036486	0	1	1	2
OG0036487	0	1	1	2
OG0036488	0	1	1	2
OG0036489	0	1	1	2
OG0036490	0	1	1	2
OG0036491	0	1	1	2
OG0036492	0	1	1	2
OG0036493	0	1	1	2
OG0036494	0	1	1	2
OG0036495	0	1	1	2
OG0036496	0	1	1	2
OG0036497	0	1	1	2
OG0036498	0	1	1	2
OG0036499	0	1	1	2
OG0036500	0	1	1	2
OG0036501	0	1	1	2
OG0036502	0	1	1	2
OG0036503	0	1	1	2
OG0036504	0	1	1	2
OG0036505	0	1	1	2
OG0036506	0	1	1	2
OG0036507	0	1	1	2
OG0036508	0	1	1	2
OG0036509	0	1	1	2
OG0036510	0	1	1	2
OG0036511	0	1	1	2
OG0036512	0	1	1	2
OG0036513	0	1	1	2
OG0036514	0	1	1	2
OG0036515	0	1	1	2
OG0036516	0	1	1	2
OG0036517	0	1	1	2
OG0036518	0	1	1	2
OG0036519	0	1	1	2
OG0036520	0	1	1	2
OG0036521	0	1	1	2
OG0036522	0	1	1	2
OG0036523	0	1	1	2
OG0036524	0	1	1	2
OG0036525	0	1	1	2
OG0036526	0	1	1	2
OG0036527	0	1	1	2
OG0036528	0	1	1	2
OG0036529	0	1	1	2
OG0036530	0	1	1	2
OG0036531	0	1	1	2
OG0036532	0	1	1	2
OG0036533	0	1	1	2
OG0036534	0	1	1	2
OG0036535	0	1	1	2
OG0036536	0	1	1	2
OG0036537	0	1	1	2
OG0036538	0	1	1	2
OG0036539	0	1	1	2
OG0036540	0	1	1	2
OG0036541	0	1	1	2
OG0036542	0	1	1	2
OG0036543	0	1	1	2
OG0036544	0	1	1	2
OG0036545	0	1	1	2
OG0036546	0	1	1	2
OG0036547	0	1	1	2
OG0036548	0	1	1	2
OG0036549	0	1	1	2
OG0036550	0	1	1	2
OG0036551	0	1	1	2
OG0036552	0	1	1	2
OG0036553	0	1	1	2
OG0036554	0	1	1	2
OG0036555	0	1	1	2
OG0036556	0	1	1	2
OG0036557	0	1	1	2
OG0036558	0	1	1	2
OG0036559	0	1	1	2
OG0036560	0	1	1	2
OG0036561	0	1	1	2
OG0036562	0	1	1	2
OG0036563	0	1	1	2
OG0036564	0	1	1	2
OG0036565	0	1	1	2
OG0036566	0	1	1	2
OG0036567	0	1	1	2
OG0036568	0	1	1	2
OG0036569	0	1	1	2
OG0036570	0	1	1	2
OG0036571	0	1	1	2
OG0036572	0	1	1	2
OG0036573	0	1	1	2
OG0036574	0	1	1	2
OG0036575	0	1	1	2
OG0036576	0	1	1	2
OG0036577	0	1	1	2
OG0036578	0	1	1	2
OG0036579	0	1	1	2
OG0036580	0	1	1	2
OG0036581	0	1	1	2
OG0036582	0	1	1	2
OG0036583	0	1	1	2
OG0036584	0	1	1	2
OG0036585	0	1	1	2
OG0036586	0	1	1	2
OG0036587	0	1	1	2
OG0036588	0	1	1	2
OG0036589	0	1	1	2
OG0036590	0	1	1	2
OG0036591	0	1	1	2
OG0036592	0	1	1	2
OG0036593	0	1	1	2
OG0036594	0	1	1	2
OG0036595	0	1	1	2
OG0036596	0	1	1	2
OG0036597	0	1	1	2
OG0036598	0	1	1	2
OG0036599	0	1	1	2
OG0036600	0	1	1	2
OG0036601	0	1	1	2
OG0036602	0	1	1	2
OG0036603	0	1	1	2
OG0036604	0	1	1	2
OG0036605	0	1	1	2
OG0036606	0	1	1	2
OG0036607	0	1	1	2
OG0036608	0	1	1	2
OG0036609	0	1	1	2
OG0036610	0	1	1	2
OG0036611	0	1	1	2
OG0036612	0	1	1	2
OG0036613	0	1	1	2
OG0036614	0	1	1	2
OG0036615	0	1	1	2
OG0036616	0	1	1	2
OG0036617	0	1	1	2
OG0036618	0	1	1	2
OG0036619	0	1	1	2
OG0036620	0	1	1	2
OG0036621	0	1	1	2
OG0036622	0	1	1	2
OG0036623	0	1	1	2
OG0036624	0	1	1	2
OG0036625	0	1	1	2
OG0036626	0	1	1	2
OG0036627	0	1	1	2
OG0036628	0	1	1	2
OG0036629	0	1	1	2
OG0036630	0	1	1	2
OG0036631	0	1	1	2
OG0036632	0	1	1	2
OG0036633	0	1	1	2
OG0036634	0	1	1	2
OG0036635	0	1	1	2
OG0036636	0	1	1	2
OG0036637	0	1	1	2
OG0036638	0	1	1	2
OG0036639	0	1	1	2
OG0036640	0	1	1	2
OG0036641	0	1	1	2
OG0036642	0	1	1	2
OG0036643	0	1	1	2
OG0036644	0	1	1	2
OG0036645	0	1	1	2
OG0036646	0	1	1	2
OG0036647	0	1	1	2
OG0036648	0	1	1	2
OG0036649	0	1	1	2
OG0036650	0	1	1	2
OG0036651	0	1	1	2
OG0036652	0	1	1	2
OG0036653	0	1	1	2
OG0036654	0	1	1	2
OG0036655	0	1	1	2
OG0036656	0	1	1	2
OG0036657	0	1	1	2
OG0036658	0	1	1	2
OG0036659	0	1	1	2
OG0036660	0	1	1	2
OG0036661	0	1	1	2
OG0036662	0	1	1	2
OG0036663	0	1	1	2
OG0036664	0	1	1	2
OG0036665	0	1	1	2
OG0036666	0	1	1	2
OG0036667	0	1	1	2
OG0036668	0	1	1	2
OG0036669	0	1	1	2
OG0036670	0	1	1	2
OG0036671	0	1	1	2
OG0036672	0	1	1	2
OG0036673	0	1	1	2
OG0036674	0	1	1	2
OG0036675	0	1	1	2
OG0036676	0	1	1	2
OG0036677	0	1	1	2
OG0036678	0	1	1	2
OG0036679	0	1	1	2
OG0036680	0	1	1	2
OG0036681	0	1	1	2
OG0036682	0	1	1	2
OG0036683	0	1	1	2
OG0036684	0	1	1	2
OG0036685	0	1	1	2
OG0036686	0	1	1	2
OG0036687	0	1	1	2
OG0036688	0	1	1	2
OG0036689	0	1	1	2
OG0036690	0	1	1	2
OG0036691	0	1	1	2
OG0036692	0	1	1	2
OG0036693	0	1	1	2
OG0036694	0	1	1	2
OG0036695	0	1	1	2
OG0036696	0	1	1	2
OG0036697	0	1	1	2
OG0036698	0	1	1	2
OG0036699	0	1	1	2
OG0036700	0	1	1	2
OG0036701	0	1	1	2
OG0036702	0	1	1	2
OG0036703	0	1	1	2
OG0036704	0	1	1	2
OG0036705	0	1	1	2
OG0036706	0	1	1	2
OG0036707	0	1	1	2
OG0036708	0	1	1	2
OG0036709	0	1	1	2
OG0036710	0	1	1	2
OG0036711	0	1	1	2
OG0036712	0	1	1	2
OG0036713	0	1	1	2
OG0036714	0	1	1	2
OG0036715	0	1	1	2
OG0036716	0	1	1	2
OG0036717	0	1	1	2
OG0036718	0	1	1	2
OG0036719	0	1	1	2
OG0036720	0	1	1	2
OG0036721	0	1	1	2
OG0036722	0	1	1	2
OG0036723	0	1	1	2
OG0036724	0	1	1	2
OG0036725	0	1	1	2
OG0036726	0	1	1	2
OG0036727	0	1	1	2
OG0036728	0	1	1	2
OG0036729	0	1	1	2
OG0036730	0	1	1	2
OG0036731	0	1	1	2
OG0036732	0	1	1	2
OG0036733	0	1	1	2
OG0036734	0	1	1	2
OG0036735	0	1	1	2
OG0036736	0	1	1	2
OG0036737	0	1	1	2
OG0036738	0	1	1	2
OG0036739	0	1	1	2
OG0036740	0	1	1	2
OG0036741	0	1	1	2
OG0036742	0	1	1	2
OG0036743	0	1	1	2
OG0036744	0	1	1	2
OG0036745	0	1	1	2
OG0036746	0	1	1	2
OG0036747	0	1	1	2
OG0036748	0	1	1	2
OG0036749	0	1	1	2
OG0036750	0	1	1	2
OG0036751	0	1	1	2
OG0036752	0	1	1	2
OG0036753	0	1	1	2
OG0036754	0	1	1	2
OG0036755	0	1	1	2
OG0036756	0	1	1	2
OG0036757	0	1	1	2
OG0036758	0	1	1	2
OG0036759	0	1	1	2
OG0036760	0	1	1	2
OG0036761	0	1	1	2
OG0036762	0	1	1	2
OG0036763	0	1	1	2
OG0036764	0	1	1	2
OG0036765	0	1	1	2
OG0036766	0	1	1	2
OG0036767	0	1	1	2
OG0036768	0	1	1	2
OG0036769	0	1	1	2
OG0036770	0	1	1	2
OG0036771	0	1	1	2
OG0036772	0	1	1	2
OG0036773	0	1	1	2
OG0036774	0	1	1	2
OG0036775	0	1	1	2
OG0036776	0	1	1	2
OG0036777	0	1	1	2
OG0036778	0	1	1	2
OG0036779	0	1	1	2
OG0036780	0	1	1	2
OG0036781	0	1	1	2
OG0036782	0	1	1	2
OG0036783	0	1	1	2
OG0036784	0	1	1	2
OG0036785	0	1	1	2
OG0036786	0	1	1	2
OG0036787	0	1	1	2
OG0036788	0	1	1	2
OG0036789	0	1	1	2
OG0036790	0	1	1	2
OG0036791	0	1	1	2
OG0036792	0	1	1	2
OG0036793	0	1	1	2
OG0036794	0	1	1	2
OG0036795	0	1	1	2
OG0036796	0	1	1	2
OG0036797	0	1	1	2
OG0036798	0	1	1	2
OG0036799	0	1	1	2
OG0036800	0	1	1	2
OG0036801	0	1	1	2
OG0036802	0	1	1	2
OG0036803	0	1	1	2
OG0036804	0	1	1	2
OG0036805	0	1	1	2
OG0036806	0	1	1	2
OG0036807	0	1	1	2
OG0036808	0	1	1	2
OG0036809	0	1	1	2
OG0036810	0	1	1	2
OG0036811	0	1	1	2
OG0036812	0	1	1	2
OG0036813	0	1	1	2
OG0036814	0	1	1	2
OG0036815	0	1	1	2
OG0036816	0	1	1	2
OG0036817	0	1	1	2
OG0036818	0	1	1	2
OG0036819	0	1	1	2
OG0036820	0	1	1	2
OG0036821	0	1	1	2
OG0036822	0	1	1	2
OG0036823	0	1	1	2
OG0036824	0	1	1	2
OG0036825	0	1	1	2
OG0036826	0	1	1	2
OG0036827	0	1	1	2
OG0036828	0	1	1	2
OG0036829	0	1	1	2
OG0036830	0	1	1	2
OG0036831	0	1	1	2
OG0036832	0	1	1	2
OG0036833	0	1	1	2
OG0036834	0	1	1	2
OG0036835	0	1	1	2
OG0036836	0	1	1	2
OG0036837	0	1	1	2
OG0036838	0	1	1	2
OG0036839	0	1	1	2
OG0036840	0	1	1	2
OG0036841	0	1	1	2
OG0036842	0	1	1	2
OG0036843	0	1	1	2
OG0036844	0	1	1	2
OG0036845	0	1	1	2
OG0036846	0	1	1	2
OG0036847	0	1	1	2
OG0036848	0	1	1	2
OG0036849	0	1	1	2
OG0036850	0	1	1	2
OG0036851	0	1	1	2
OG0036852	0	1	1	2
OG0036853	0	1	1	2
OG0036854	0	1	1	2
OG0036855	0	1	1	2
OG0036856	0	1	1	2
OG0036857	0	1	1	2
OG0036858	0	1	1	2
OG0036859	0	1	1	2
OG0036860	0	1	1	2
OG0036861	0	1	1	2
OG0036862	0	1	1	2
OG0036863	0	1	1	2
OG0036864	0	1	1	2
OG0036865	0	1	1	2
OG0036866	0	1	1	2
OG0036867	0	1	1	2
OG0036868	0	1	1	2
OG0036869	0	1	1	2
OG0036870	0	1	1	2
OG0036871	0	1	1	2
OG0036872	0	1	1	2
OG0036873	0	1	1	2
OG0036874	0	1	1	2
OG0036875	0	1	1	2
OG0036876	0	1	1	2
OG0036877	0	1	1	2
OG0036878	0	1	1	2
OG0036879	0	1	1	2
OG0036880	0	1	1	2
OG0036881	0	1	1	2
OG0036882	0	1	1	2
OG0036883	0	1	1	2
OG0036884	0	1	1	2
OG0036885	0	1	1	2
OG0036886	0	1	1	2
OG0036887	0	1	1	2
OG0036888	0	1	1	2
OG0036889	0	1	1	2
OG0036890	0	1	1	2
OG0036891	0	1	1	2
OG0036892	0	1	1	2
OG0036893	0	1	1	2
OG0036894	0	1	1	2
OG0036895	0	1	1	2
OG0036896	0	2	0	2
OG0036897	0	1	1	2
OG0036898	0	1	1	2
OG0036899	0	1	1	2
OG0036900	0	1	1	2
OG0036901	0	1	1	2
OG0036902	0	1	1	2
OG0036903	0	1	1	2
OG0036904	0	1	1	2
OG0036905	0	1	1	2
OG0036906	0	1	1	2
OG0036907	0	1	1	2
OG0036908	0	1	1	2
OG0036909	0	1	1	2
OG0036910	0	1	1	2
OG0036911	0	1	1	2
OG0036912	0	1	1	2
OG0036913	0	1	1	2
OG0036914	0	1	1	2
OG0036915	0	1	1	2
OG0036916	0	1	1	2
OG0036917	0	1	1	2
OG0036918	0	1	1	2
OG0036919	0	1	1	2
OG0036920	0	1	1	2
OG0036921	0	1	1	2
OG0036922	0	1	1	2
OG0036923	0	1	1	2
OG0036924	0	1	1	2
OG0036925	0	1	1	2
OG0036926	0	1	1	2
OG0036927	0	1	1	2
OG0036928	0	1	1	2
OG0036929	0	1	1	2
OG0036930	0	1	1	2
OG0036931	0	1	1	2
OG0036932	0	1	1	2
OG0036933	0	1	1	2
OG0036934	0	1	1	2
OG0036935	0	1	1	2
OG0036936	0	1	1	2
OG0036937	0	1	1	2
OG0036938	0	1	1	2
OG0036939	0	1	1	2
OG0036940	0	1	1	2
OG0036941	0	1	1	2
OG0036942	0	1	1	2
OG0036943	0	1	1	2
OG0036944	0	1	1	2
OG0036945	0	1	1	2
OG0036946	0	1	1	2
OG0036947	0	1	1	2
OG0036948	0	1	1	2
OG0036949	0	1	1	2
OG0036950	0	1	1	2
OG0036951	0	1	1	2
OG0036952	0	1	1	2
OG0036953	0	1	1	2
OG0036954	0	1	1	2
OG0036955	0	1	1	2
OG0036956	0	1	1	2
OG0036957	0	1	1	2
OG0036958	0	1	1	2
OG0036959	0	1	1	2
OG0036960	0	1	1	2
OG0036961	0	1	1	2
OG0036962	0	1	1	2
OG0036963	0	1	1	2
OG0036964	0	1	1	2
OG0036965	0	1	1	2
OG0036966	0	1	1	2
OG0036967	0	1	1	2
OG0036968	0	1	1	2
OG0036969	0	1	1	2
OG0036970	0	1	1	2
OG0036971	0	1	1	2
OG0036972	0	1	1	2
OG0036973	0	1	1	2
OG0036974	0	1	1	2
OG0036975	0	1	1	2
OG0036976	0	1	1	2
OG0036977	0	1	1	2
OG0036978	0	1	1	2
OG0036979	0	1	1	2
OG0036980	0	1	1	2
OG0036981	0	1	1	2
OG0036982	0	1	1	2
OG0036983	0	1	1	2
OG0036984	0	1	1	2
OG0036985	0	1	1	2
